8 0.4234375 0.3375 0.0125 0.15
8 0.042578125 0.4 0.08515625 0.125
9 0.287890625 0.501875 0.0921875 0.1925
9 0.266015625 0.226875 0.0625 0.115
9 0.168359375 0.5275 0.0609375 0.0925
9 0.180859375 0.16375 0.046875 0.0925
0 0.047265625 0.074375 0.09453125 0.14875
2 0.7875 0.395 0.095703125 0.215625
11 0.512109375 0.4025 0.041796875 0.075625
9 0.50859375 0.285 0.084765625 0.15125
9 0.651171875 0.28125 0.030859375 0.093125
9 0.46484375 0.436875 0.040625 0.103125
9 0.6203125 0.431875 0.056640625 0.106875
8 0.187109375 0.780625 0.0421875 0.035
8 0.248828125 0.78 0.037109375 0.028125
8 0.31171875 0.77125 0.025 0.024375
1 0.232421875 0.69125 0.031640625 0.02625
1 0.207421875 0.730625 0.030859375 0.02375
1 0.197265625 0.755625 0.031640625 0.01875
1 0.153125 0.6625 0.04140625 0.024375
7 0.209765625 0.931875 0.020703125 0.019375
1 0.244140625 0.93125 0.02421875 0.021875
1 0.2828125 0.954375 0.023046875 0.015625
7 0.141796875 0.87125 0.03515625 0.04
7 0.13515625 0.9225 0.028515625 0.0225
7 0.219921875 0.91625 0.0265625 0.0175
7 0.14609375 0.768125 0.023046875 0.02125
2 0.619921875 0.87375 0.1 0.14375
2 0.457421875 0.681875 0.05078125 0.06375
2 0.456640625 0.933125 0.05390625 0.10875
9 0.864453125 0.74 0.15859375 0.18
9 0.69296875 0.75625 0.09140625 0.1175