8 0.3427004797806717 0.14440538957234916 0.09458533241946539 0.12126537785588752
7 0.14838930774503084 0.18717047451669597 0.11583276216586703 0.1060339777387229
7 0.2861549006168609 0.29759812536613944 0.15901302261823166 0.08845928529584066
9 0.7902673063742289 0.27240773286467485 0.07847840986977382 0.09607498535442296
9 0.7810143934201508 0.4973637961335677 0.09389993145990404 0.08699472759226713
9 0.587731322823852 0.5140597539543058 0.07607950651130911 0.07088459285295841
9 0.48115147361206306 0.325717633274751 0.08704592186429061 0.06502636203866433
1 0.7662782727895819 0.08611599297012303 0.04489376285126799 0.0641476274165202
1 0.7213845099383139 0.10339777387229057 0.03187114461960247 0.05594610427650849
1 0.6802604523646333 0.06590509666080843 0.04043865661411926 0.0632688927943761
1 0.6422206991089787 0.10310486233157587 0.03289924605894448 0.03485647334504979
1 0.7200137080191912 0.22759226713532513 0.03427004797806717 0.04774458113649678
1 0.5527758738862234 0.4226713532513181 0.0387251542152159 0.05301698886936145
8 0.5822481151473612 0.29115407147041594 0.047292666209732694 0.07234915055653193
8 0.5113091158327622 0.2568834212067955 0.06545579163810829 0.07498535442296426
8 0.8759424263193969 0.11364967779730521 0.0702535983550377 0.07615700058582309
9 0.28169979437971215 0.9411247803163445 0.06648389307745031 0.06619800820152313
9 0.09766963673749143 0.9402460456942003 0.05037697052775874 0.06619800820152313
9 0.3701165181631254 0.7735793790275337 0.039753255654557916 0.09900410076157
9 0.1562714187799863 0.7299355594610427 0.037011651816312545 0.051552431165787935
8 0.3666895133653187 0.9270650263620387 0.04043865661411926 0.05594610427650849
8 0.25839616175462643 0.8998242530755711 0.051747772446881425 0.04569420035149385
8 0.09527073337902674 0.8763913298183948 0.04043865661411926 0.05008787346221441
11 0.24982864976010966 0.7211482132396017 0.05791638108293352 0.09578207381370826
7 0.1477039067854695 0.6165787932044523 0.03941055517477725 0.054481546572934976
7 0.35435229609321456 0.6827768014059754 0.03941055517477725 0.05594610427650849
11 0.08430431802604524 0.8025776215582894 0.06888279643591501 0.0632688927943761
2 0.6919122686771761 0.8142940831868776 0.06237148732008225 0.07381370826010544
2 0.5263879369431117 0.8860574106619801 0.03427004797806717 0.04510837727006444
2 0.5716244002741604 0.7700644405389573 0.031528444139821796 0.04130052724077329
2 0.4554489376285127 0.8040421792618629 0.02227553118574366 0.040714704159343876
2 0.4835503769705278 0.9513766842413591 0.03187114461960247 0.035735207967193906
2 0.6069225496915696 0.8910369068541301 0.03666895133653187 0.05506736965436438
9 0.7416038382453736 0.5946104276508495 0.062028786840301574 0.0632688927943761
9 0.8080877313228239 0.667252489748096 0.09869773817683344 0.11775043936731107
9 0.7165867032213845 0.7378441710603397 0.05654557916381083 0.06063268892794376