9 0.19583333333333333 0.4875 0.0425 0.1275
9 0.28875 0.46708333333333335 0.03625 0.13916666666666666
9 0.15916666666666668 0.03833333333333333 0.035 0.07666666666666666
9 0.13041666666666665 0.32625 0.04083333333333333 0.17208333333333334
9 0.09125 0.33958333333333335 0.02375 0.08
8 0.27666666666666667 0.6775 0.02125 0.07416666666666667
8 0.15416666666666667 0.14666666666666667 0.027916666666666666 0.08583333333333333
8 0.1975 0.10833333333333334 0.01875 0.07416666666666667
8 0.20291666666666666 0.0325 0.024166666666666666 0.065
8 0.15291666666666667 0.35291666666666666 0.017916666666666668 0.08291666666666667
8 0.17625 0.5470833333333334 0.01875 0.06833333333333333
8 0.27458333333333335 0.20291666666666666 0.022916666666666665 0.10375
8 0.21583333333333332 0.1675 0.017083333333333332 0.06833333333333333
1 0.175 0.375 0.020416666666666666 0.08
8 0.17666666666666667 0.26958333333333334 0.019583333333333335 0.06541666666666666
8 0.17166666666666666 0.43875 0.022083333333333333 0.06833333333333333
9 0.3 0.3616666666666667 0.020416666666666666 0.07125
9 0.2504166666666667 0.29791666666666666 0.04666666666666667 0.16291666666666665
7 0.24125 0.7129166666666666 0.034583333333333334 0.07416666666666667
7 0.245 0.6270833333333333 0.02875 0.09208333333333334
7 0.27875 0.3541666666666667 0.020416666666666666 0.07708333333333334
9 0.12916666666666668 0.63125 0.03208333333333333 0.095
7 0.09708333333333333 0.39875 0.02625 0.07708333333333334
8 0.5741666666666667 0.5008333333333334 0.07791666666666666 0.18375
8 0.645 0.56625 0.06583333333333333 0.11625
8 0.6358333333333334 0.20083333333333334 0.057916666666666665 0.12
0 0.7391666666666666 0.495 0.07791666666666666 0.1575
9 0.7179166666666666 0.16666666666666666 0.09416666666666666 0.17625
4 0.9120833333333334 0.6375 0.07583333333333334 0.135
7 0.7170833333333333 0.33166666666666667 0.052083333333333336 0.10125
7 0.5870833333333333 0.06166666666666667 0.04416666666666667 0.0825
7 0.029583333333333333 0.7608333333333334 0.059166666666666666 0.021666666666666667
11 0.11958333333333333 0.83375 0.06916666666666667 0.06666666666666667
11 0.018333333333333333 0.8133333333333334 0.03666666666666667 0.04666666666666667
11 0.00625 0.87875 0.0125 0.0575
11 0.10291666666666667 0.9016666666666666 0.05 0.051666666666666666
6 0.5554166666666667 0.9516666666666667 0.2325 0.09666666666666666