8 0.054489376285126796 0.4956063268892794 0.10897875257025359 0.14176918570591682
7 0.23543522960932145 0.4121265377855888 0.13091158327621658 0.11657879320445226
7 0.07813570938999315 0.3283538371411834 0.1562714187799863 0.10954891622729936
7 0.6946538725154215 0.36115992970123023 0.04489376285126799 0.04774458113649678
11 0.7786154900616861 0.11189220855301699 0.0387251542152159 0.04510837727006444
11 0.7916381082933516 0.5553602811950791 0.04009595613433859 0.042765084944346804
11 0.7251542152159013 0.4062683069712947 0.04249485949280329 0.04774458113649678
11 0.6038382453735435 0.247510251903925 0.05654557916381083 0.06121851200937317
11 0.7309801233721728 0.36291739894551844 0.05071967100753941 0.056239015817223195
0 0.20013708019191226 0.7926186291739895 0.07093899931459904 0.09050966608084358
7 0.26525017135023987 0.8242530755711776 0.03289924605894448 0.04540128881077914
7 0.16278272789581905 0.8233743409490334 0.03906785469499657 0.056239015817223195
7 0.26833447566826596 0.7718219097832455 0.047978067169294036 0.06707674282366725
6 0.7196710075394106 0.7516110134739309 0.03906785469499657 0.043936731107205626
6 0.8036326250856751 0.7252489748096075 0.038039753255654556 0.03397773872290568
6 0.6699794379712132 0.7527826596367897 0.04420836189170665 0.05067369654364382
6 0.6593557230980124 0.8676039835969537 0.043522960932145305 0.037785588752196834
6 0.6113776559287183 0.8113649677797306 0.07607950651130911 0.07469244288224956
6 0.6130911583276216 0.8555946104276508 0.04694996572995202 0.03983596953719976
10 0.6895133653187114 0.81693028705331 0.10109664153529815 0.07264206209724663
10 0.7491432488005483 0.7044522554188635 0.05037697052775874 0.056824838898652606
10 0.6696367374914325 0.7053309900410076 0.08053461274845784 0.07352079671939074