9 0.16727053140096618 0.34120521172638435 0.06884057971014493 0.014657980456026058
9 0.022946859903381644 0.2768729641693811 0.04589371980676329 0.11074918566775244
9 0.18780193236714976 0.08876221498371335 0.03864734299516908 0.06026058631921824
8 0.1708937198067633 0.32003257328990226 0.05314009661835749 0.057003257328990226
8 0.2886473429951691 0.18892508143322476 0.021739130434782608 0.05863192182410423
11 0.10507246376811594 0.14250814332247558 0.06280193236714976 0.10912052117263844
7 0.010265700483091788 0.1750814332247557 0.020531400966183576 0.06351791530944625
11 0.2711352657004831 0.11156351791530944 0.05676328502415459 0.07654723127035831
11 0.5030193236714976 0.08387622149837133 0.08333333333333333 0.08306188925081433
11 0.41545893719806765 0.1245928338762215 0.06763285024154589 0.0781758957654723
11 0.3242753623188406 0.10993485342019543 0.036231884057971016 0.06188925081433225
11 0.7856280193236715 0.16612377850162866 0.057971014492753624 0.08143322475570032
11 0.5144927536231884 0.24592833876221498 0.0748792270531401 0.11237785016286644
11 0.6274154589371981 0.18648208469055375 0.06763285024154589 0.09283387622149837
8 0.6340579710144928 0.07166123778501629 0.06521739130434782 0.0749185667752443
8 0.17149758454106281 0.6628664495114006 0.0320048309178744 0.10749185667752444
8 0.07125603864734299 0.7866449511400652 0.02355072463768116 0.09364820846905537
8 0.22041062801932368 0.4788273615635179 0.021739130434782608 0.07003257328990228
8 0.21980676328502416 0.5350162866449512 0.021739130434782608 0.06596091205211727
8 0.049516908212560384 0.6986970684039088 0.022342995169082124 0.08957654723127036
9 0.12983091787439613 0.9527687296416938 0.03743961352657005 0.09446254071661238
9 0.028985507246376812 0.7793159609120521 0.04528985507246377 0.18729641693811075
9 0.10869565217391304 0.6628664495114006 0.035024154589371984 0.1465798045602606
0 0.14130434782608695 0.8762214983713354 0.0320048309178744 0.10912052117263844
0 0.14673913043478262 0.6555374592833876 0.029589371980676328 0.10342019543973942
0 0.24818840579710144 0.38599348534201955 0.0392512077294686 0.0741042345276873
0 0.1998792270531401 0.8013029315960912 0.030797101449275364 0.08794788273615635
0 0.19867149758454106 0.36644951140065146 0.025362318840579712 0.03501628664495114
0 0.09118357487922706 0.502442996742671 0.018719806763285024 0.0724755700325733
0 0.09057971014492754 0.7809446254071661 0.022946859903381644 0.09201954397394137
9 0.6853864734299517 0.7630293159609121 0.3804347826086957 0.4739413680781759
11 0.5845410628019324 0.44136807817589574 0.06159420289855073 0.06840390879478828
11 0.6123188405797102 0.510586319218241 0.0785024154589372 0.11074918566775244
7 0.9227053140096618 0.8477198697068404 0.0748792270531401 0.13192182410423453