8 0.20735240854762768 0.04379891631547261 0.027526258601955813 0.021372667068031308
8 0.2102499094530967 0.13079470198675497 0.029518290474465775 0.0347682119205298
8 0.22220210068815646 0.0650210716435882 0.03350235421948569 0.04078868151715834
5 0.5545092357841361 0.13290186634557496 0.24918507787033684 0.1736905478627333
5 0.7806954002173125 0.052528597230583986 0.2749003984063745 0.10505719446116797
5 0.23922491850778704 0.5291992775436484 0.30025353132922855 0.2904876580373269
5 0.3917059036580949 0.33127633955448527 0.07642158638174575 0.2230583985550873
0 0.7319811662441145 0.6133353401565322 0.08927924664976458 0.12703190848886214
7 0.8100325968851865 0.4863034316676701 0.0398406374501992 0.06712823600240819
7 0.6675117710974284 0.5957254665863937 0.047446577327055414 0.08473810957254665
7 0.8355668236146324 0.5781155930162553 0.058855487142339735 0.09888621312462371