8 0.006221719457013574 0.53 0.012443438914027148 0.0675
7 0.3178733031674208 0.18 0.0667420814479638 0.07875
7 0.1255656108597285 0.355 0.04411764705882353 0.06625
2 0.07748868778280543 0.2425 0.05995475113122172 0.06625
0 0.07748868778280543 0.090625 0.0667420814479638 0.0625
0 0.1753393665158371 0.20125 0.10633484162895927 0.0825
0 0.04355203619909502 0.30375 0.07126696832579185 0.06625
0 0.04920814479638009 0.36125 0.057692307692307696 0.03875
0 0.1996606334841629 0.328125 0.033936651583710405 0.0575
6 0.40271493212669685 0.150625 0.024886877828054297 0.04375
11 0.47171945701357465 0.10375 0.042986425339366516 0.0625
11 0.6872171945701357 0.311875 0.03733031674208145 0.05
5 0.5854072398190046 0.470625 0.07126696832579185 0.05625
5 0.9332579185520362 0.179375 0.07126696832579185 0.075
5 0.8885746606334841 0.249375 0.057692307692307696 0.05125
5 0.5774886877828054 0.2675 0.04751131221719457 0.07
9 0.7833710407239819 0.166875 0.1165158371040724 0.10875
9 0.9106334841628959 0.58875 0.09049773755656108 0.0225
9 0.6809954751131222 0.58875 0.09728506787330317 0.0225
5 0.5938914027149321 0.380625 0.08823529411764706 0.06625
9 0.623868778280543 0.47625 0.03959276018099547 0.08875
9 0.584841628959276 0.585625 0.06334841628959276 0.02875
9 0.6323529411764706 0.273125 0.07013574660633484 0.0775
7 0.7364253393665159 0.40875 0.038461538461538464 0.0375
7 0.7188914027149321 0.445 0.03619909502262444 0.04375
9 0.6747737556561086 0.47125 0.04524886877828054 0.045
9 0.6770361990950227 0.5225 0.03619909502262444 0.04625
7 0.9671945701357466 0.42 0.05542986425339366 0.05
9 0.7290723981900452 0.25375 0.08936651583710407 0.0675
9 0.8156108597285068 0.2975 0.07805429864253394 0.0625
9 0.5633484162895928 0.325625 0.027149321266968326 0.06875
7 0.057126696832579184 0.8025 0.053167420814479636 0.06875
7 0.25735294117647056 0.720625 0.03733031674208145 0.05
7 0.09276018099547512 0.92125 0.0667420814479638 0.05
11 0.13800904977375567 0.765625 0.04072398190045249 0.04
1 0.581447963800905 0.915625 0.06334841628959276 0.14125
11 0.9654977375565611 0.72 0.06900452488687783 0.0825
11 0.9519230769230769 0.844375 0.03733031674208145 0.1075