4 0.33158079214861547 0.1568986568986569 0.0637924991237294 0.06746031746031746
1 0.629863301787592 0.019536019536019536 0.05117420259376095 0.03907203907203907
1 0.5995443392919734 0.11385836385836386 0.028391167192429023 0.06043956043956044
1 0.8037153873116019 0.18681318681318682 0.060988433228180865 0.0989010989010989
1 0.7306344199088679 0.18864468864468864 0.05818436733263232 0.09157509157509157
11 0.30091132141605326 0.4343711843711844 0.03470031545741325 0.05647130647130647
11 0.2595513494567122 0.4594017094017094 0.028916929547844375 0.057692307692307696
11 0.29302488608482297 0.7313797313797313 0.030318962495618648 0.07020757020757021
11 0.3645285664213109 0.4731379731379731 0.041710480196284615 0.07142857142857142
7 0.31212758499824744 0.5842490842490843 0.03119523308797757 0.06532356532356533
7 0.4309498773221171 0.7042124542124543 0.03890641430073607 0.07783882783882784
7 0.1973361373992289 0.5555555555555556 0.03680336487907466 0.047619047619047616
7 0.07606028741675429 0.6001221001221001 0.02400981423063442 0.04151404151404151
7 0.04907115317209954 0.4807692307692308 0.016999649491763056 0.03632478632478633
7 0.21205748335085875 0.673992673992674 0.021205748335085876 0.03388278388278388
7 0.22379950928846828 0.4606227106227106 0.028916929547844375 0.05280830280830281
8 0.711005958640028 0.6620879120879121 0.03995793901156677 0.06318681318681318
1 0.8918682089029092 0.9423076923076923 0.026288117770767613 0.0463980463980464
1 0.9677532422011917 0.594017094017094 0.026813880126182965 0.04975579975579975