8 0.49765625 0.27546296296296297 0.024479166666666666 0.03981481481481482
7 0.1921875 0.10787037037037037 0.06484375 0.047685185185185185
7 0.37421875 0.18935185185185185 0.044270833333333336 0.03935185185185185
2 0.40572916666666664 0.12407407407407407 0.05703125 0.03981481481481482
0 0.39114583333333336 0.040740740740740744 0.06276041666666667 0.03888888888888889
0 0.31692708333333336 0.1087962962962963 0.09921875 0.05324074074074074
0 0.440625 0.1550925925925926 0.06692708333333333 0.0412037037037037
0 0.44114583333333335 0.18703703703703703 0.053125 0.025
0 0.30859375 0.18009259259259258 0.034375 0.033796296296296297
6 0.11640625 0.09768518518518518 0.025520833333333333 0.02546296296296296
11 0.05260416666666667 0.07731481481481481 0.0421875 0.0375
5 0.8338541666666667 0.20462962962962963 0.17447916666666666 0.18796296296296297
5 0.603125 0.25277777777777777 0.1390625 0.19074074074074074
6 0.11145833333333334 0.7458333333333333 0.06432291666666666 0.1162037037037037
6 0.14557291666666666 0.6351851851851852 0.03697916666666667 0.06481481481481481
6 0.17265625 0.7013888888888888 0.03958333333333333 0.06111111111111111
6 0.2265625 0.687962962962963 0.0171875 0.03657407407407407
6 0.20833333333333334 0.8166666666666667 0.038802083333333334 0.07314814814814814
6 0.29192708333333334 0.8564814814814815 0.04140625 0.08194444444444444
6 0.29010416666666666 0.6986111111111111 0.0546875 0.07314814814814814
6 0.3015625 0.749537037037037 0.026041666666666668 0.04398148148148148
6 0.2635416666666667 0.7949074074074074 0.02421875 0.03796296296296296
6 0.21744791666666666 0.8851851851851852 0.05807291666666667 0.07592592592592592
6 0.7067708333333333 0.9412037037037037 0.09114583333333333 0.1175925925925926
6 0.7213541666666666 0.7375 0.05 0.1175925925925926
6 0.6705729166666666 0.6990740740740741 0.04114583333333333 0.10648148148148148
6 0.7015625 0.5537037037037037 0.06354166666666666 0.19074074074074074
6 0.7822916666666667 0.43425925925925923 0.12916666666666668 0.1685185185185185
6 0.8098958333333334 0.5592592592592592 0.08072916666666667 0.15787037037037038
6 0.8908854166666667 0.4583333333333333 0.07578125 0.16157407407407406
6 0.93984375 0.5574074074074075 0.03958333333333333 0.07361111111111111
6 0.8348958333333333 0.7337962962962963 0.103125 0.1287037037037037
6 0.7635416666666667 0.7888888888888889 0.02578125 0.06620370370370371
6 0.7971354166666667 0.8972222222222223 0.07213541666666666 0.125
6 0.6458333333333334 0.8018518518518518 0.07578125 0.15787037037037038