9 0.39153846153846156 0.036374133949191687 0.08076923076923077 0.07217090069284064
5 0.39653846153846156 0.12759815242494227 0.09692307692307692 0.11200923787528869
5 0.23884615384615385 0.11143187066974596 0.048846153846153845 0.08198614318706697
5 0.3384615384615385 0.05484988452655889 0.04 0.06812933025404157
5 0.3046153846153846 0.09930715935334873 0.03346153846153846 0.050808314087759814
2 0.7311538461538462 0.3389145496535797 0.04846153846153846 0.04676674364896074
2 0.6842307692307692 0.3568129330254042 0.04576923076923077 0.04907621247113164
2 0.7061538461538461 0.23556581986143188 0.026923076923076925 0.04214780600461894
2 0.7146153846153847 0.2967667436489607 0.043076923076923075 0.05369515011547344
2 0.7465384615384615 0.27424942263279445 0.03076923076923077 0.042725173210161664
9 0.7407692307692307 0.384526558891455 0.05153846153846154 0.05254041570438799
8 0.6403846153846153 0.25 0.03076923076923077 0.03348729792147806
8 0.6188461538461538 0.31812933025404155 0.028076923076923076 0.03002309468822171
8 0.7319230769230769 0.18706697459584296 0.025384615384615384 0.034064665127020784
7 0.6211538461538462 0.35912240184757505 0.03461538461538462 0.034064665127020784
9 0.6973076923076923 0.19688221709006928 0.03461538461538462 0.034064665127020784
9 0.16692307692307692 0.6697459584295612 0.16307692307692306 0.19630484988452657
2 0.31384615384615383 0.5496535796766744 0.05307692307692308 0.09699769053117784
2 0.34076923076923077 0.6391454965357968 0.05615384615384615 0.10046189376443418
7 0.16884615384615384 0.8389145496535797 0.08153846153846153 0.11431870669745958
7 0.3173076923076923 0.8423787528868361 0.08923076923076922 0.11431870669745958
7 0.27384615384615385 0.9341801385681293 0.1646153846153846 0.13163972286374134
1 0.7457692307692307 0.8112009237875288 0.04846153846153846 0.07274826789838337
6 0.665 0.6836027713625866 0.036923076923076927 0.03695150115473441
6 0.7157692307692308 0.5808314087759815 0.031538461538461536 0.049653579676674366
6 0.6584615384615384 0.766743648960739 0.02846153846153846 0.06235565819861432
1 0.7503846153846154 0.7222863741339491 0.05615384615384615 0.08198614318706697
1 0.7953846153846154 0.733256351039261 0.04846153846153846 0.07736720554272518
1 0.785 0.6443418013856813 0.05076923076923077 0.10046189376443418
1 0.8638461538461538 0.7909930715935335 0.05692307692307692 0.08775981524249422
1 0.8034615384615384 0.808891454965358 0.07153846153846154 0.09006928406466513
1 0.8484615384615385 0.8787528868360277 0.07846153846153846 0.08891454965357967
1 0.8461538461538461 0.714203233256351 0.06307692307692307 0.08775981524249422
1 0.7534615384615385 0.5554272517321016 0.057692307692307696 0.08660508083140878
1 0.9088461538461539 0.7944572748267898 0.046153846153846156 0.07505773672055427
1 0.6911538461538461 0.8337182448036952 0.06153846153846154 0.08660508083140878
1 0.696923076923077 0.7355658198614319 0.05 0.07505773672055427
1 0.7207692307692307 0.644919168591224 0.07384615384615385 0.08660508083140878
1 0.6488461538461539 0.5877598152424942 0.07384615384615385 0.12240184757505773
1 0.8115384615384615 0.542147806004619 0.06461538461538462 0.08429561200923788
1 0.8419230769230769 0.6275981524249422 0.07153846153846154 0.09122401847575058
1 0.9026923076923077 0.7113163972286374 0.047692307692307694 0.09468822170900693