9 0.19589743589743588 0.17397260273972603 0.03948717948717949 0.07876712328767123
9 0.10666666666666667 0.21027397260273972 0.03282051282051282 0.08904109589041095
9 0.2441025641025641 0.4691780821917808 0.03230769230769231 0.06095890410958904
9 0.2635897435897436 0.26575342465753427 0.036923076923076927 0.11095890410958904
9 0.30153846153846153 0.24726027397260275 0.02205128205128205 0.05136986301369863
8 0.1117948717948718 0.0684931506849315 0.02 0.04726027397260274
8 0.24615384615384617 0.3904109589041096 0.02666666666666667 0.05342465753424658
8 0.20512820512820512 0.426027397260274 0.017435897435897435 0.04726027397260274
8 0.20153846153846153 0.4780821917808219 0.021538461538461538 0.04315068493150685
8 0.24102564102564103 0.25273972602739725 0.015897435897435898 0.05547945205479452
8 0.2128205128205128 0.12945205479452054 0.017435897435897435 0.04315068493150685
8 0.1276923076923077 0.3821917808219178 0.02 0.06712328767123288
8 0.18564102564102564 0.3910958904109589 0.014871794871794871 0.04315068493150685
1 0.2194871794871795 0.24383561643835616 0.017948717948717947 0.05136986301369863
8 0.2205128205128205 0.31438356164383563 0.017948717948717947 0.03972602739726028
8 0.2205128205128205 0.20068493150684932 0.020512820512820513 0.04315068493150685
9 0.09846153846153846 0.28356164383561644 0.018974358974358976 0.04315068493150685
9 0.1482051282051282 0.313013698630137 0.043076923076923075 0.10273972602739725
7 0.14307692307692307 0.02945205479452055 0.031794871794871796 0.0589041095890411
7 0.1441025641025641 0.09383561643835617 0.02717948717948718 0.05547945205479452
7 0.11948717948717949 0.28356164383561644 0.018974358974358976 0.049315068493150684
9 0.2558974358974359 0.06301369863013699 0.03076923076923077 0.05958904109589041
7 0.29384615384615387 0.2095890410958904 0.024615384615384615 0.045205479452054796
9 0.7164102564102565 0.4636986301369863 0.1076923076923077 0.07260273972602739
9 0.46102564102564103 0.35547945205479453 0.08256410256410257 0.07534246575342465
9 0.9471794871794872 0.3589041095890411 0.08102564102564103 0.11095890410958904
9 0.6676923076923077 0.1821917808219178 0.059487179487179485 0.0589041095890411
8 0.8425641025641025 0.48561643835616436 0.06666666666666667 0.028767123287671233
8 0.7082051282051282 0.41164383561643836 0.08256410256410257 0.05410958904109589
8 0.49538461538461537 0.2897260273972603 0.06717948717948719 0.05684931506849315
11 0.8025641025641026 0.22945205479452055 0.09435897435897436 0.10753424657534247
7 0.7225641025641025 0.06506849315068493 0.06358974358974359 0.06232876712328767
7 0.9692307692307692 0.2541095890410959 0.06153846153846154 0.0636986301369863
11 0.5246153846153846 0.21095890410958903 0.10974358974358975 0.07328767123287672
9 0.2651282051282051 0.8554794520547945 0.10461538461538461 0.12054794520547946
9 0.033846153846153845 0.663013698630137 0.06769230769230769 0.13972602739726028
9 0.1641025641025641 0.6116438356164383 0.08307692307692308 0.11917808219178082
9 0.11128205128205128 0.7013698630136986 0.06769230769230769 0.0863013698630137
9 0.1835897435897436 0.9602739726027397 0.09025641025641026 0.07945205479452055
1 0.38 0.7705479452054794 0.019487179487179488 0.13561643835616438
1 0.35435897435897434 0.5575342465753425 0.05128205128205128 0.08082191780821918
1 0.17076923076923076 0.8493150684931506 0.036923076923076927 0.06164383561643835
11 0.25025641025641027 0.5828767123287671 0.08512820512820513 0.11232876712328767
9 0.27487179487179486 0.5383561643835616 0.11897435897435897 0.07671232876712329
7 0.20871794871794871 0.702054794520548 0.06358974358974359 0.07123287671232877
7 0.14615384615384616 0.7767123287671233 0.05641025641025641 0.07260273972602739
11 0.8015384615384615 0.7986301369863014 0.048205128205128206 0.07945205479452055
7 0.7758974358974359 0.958904109589041 0.048205128205128206 0.07397260273972603
7 0.9712820512820513 0.9376712328767123 0.057435897435897436 0.08904109589041095
7 0.6148717948717949 0.8938356164383562 0.055384615384615386 0.056164383561643834
7 0.4707692307692308 0.7506849315068493 0.036923076923076927 0.04794520547945205
7 0.3984615384615385 0.8458904109589042 0.017435897435897435 0.04246575342465753
7 0.6753846153846154 0.7890410958904109 0.031794871794871796 0.03972602739726028
7 0.6169230769230769 0.989041095890411 0.0441025641025641 0.021917808219178082