8 0.3149417409184373 0.3471001757469244 0.1802604523646333 0.12478031634446397
7 0.08190541466758053 0.37844171060339776 0.11994516792323509 0.062097246631517285
7 0.14701850582590817 0.07322788517867604 0.09801233721727211 0.0837727006444054
7 0.684715558601782 0.2562975981253661 0.0568882796435915 0.03954305799648506
7 0.7803289924605894 0.16461628588166374 0.0520904729266621 0.03309900410076157
7 0.7008224811514736 0.2050380785002929 0.04866346812885538 0.022847100175746926
7 0.6723783413296779 0.3394844756883421 0.07642220699108979 0.03866432337434095
8 0.7611377655928718 0.21616871704745166 0.04249485949280329 0.032806092560046865
8 0.6898560657984921 0.0916813122437024 0.061686086360520906 0.03954305799648506
8 0.5860178204249485 0.17984768599882836 0.05894448252227553 0.03427065026362039
11 0.7371487320082248 0.03016988869361453 0.09013022618231666 0.05008787346221441
11 0.8122001370801919 0.1282952548330404 0.04386566141192598 0.03046280023432923
9 0.19945167923235094 0.6839484475688342 0.09184372858122002 0.09607498535442296
1 0.2820424948594928 0.6104276508494435 0.03221384509938314 0.04540128881077914
3 0.7635366689513365 0.5076157000585823 0.16312542837559973 0.14030462800234328
3 0.8608636052090473 0.5363210310486233 0.16175462645647704 0.21411833626244875
3 0.8495544893762851 0.8002343292325718 0.04694996572995202 0.05858230814294083
3 0.9146675805346127 0.6546572934973638 0.07916381082933516 0.14557703573520797
3 0.5476353666895134 0.7926186291739895 0.08910212474297464 0.1335676625659051
3 0.5661411925976696 0.6877562975981254 0.12131596984235778 0.13678968951376685
3 0.6199451679232351 0.5743995313415349 0.136737491432488 0.15114235500878734
3 0.7145305003427005 0.8658465143526655 0.06031528444139822 0.06854130052724078
3 0.7868403015764222 0.8339191564147628 0.11891706648389308 0.11804335090802577