7 0.091552734375 0.399658203125 0.18310546875 0.19189453125
3 0.567138671875 0.36572265625 0.052001953125 0.0947265625
3 0.671875 0.1123046875 0.04296875 0.08203125
3 0.61865234375 0.165283203125 0.049560546875 0.064208984375
3 0.619140625 0.068359375 0.051513671875 0.064697265625
3 0.645751953125 0.386474609375 0.091064453125 0.110595703125
3 0.557373046875 0.530029296875 0.051025390625 0.077392578125
3 0.4384765625 0.40283203125 0.046142578125 0.072509765625
3 0.7138671875 0.232666015625 0.043212890625 0.069091796875
7 0.528076171875 0.105712890625 0.059326171875 0.09326171875
7 0.2041015625 0.705810546875 0.08349609375 0.083984375
7 0.297119140625 0.694580078125 0.09130859375 0.09228515625
8 0.146484375 0.8486328125 0.05078125 0.04931640625
8 0.257080078125 0.809814453125 0.04443359375 0.0478515625
8 0.327392578125 0.792724609375 0.04443359375 0.04736328125
9 0.265380859375 0.91015625 0.0771484375 0.0830078125
11 0.936279296875 0.956787109375 0.12744140625 0.08642578125
1 0.544677734375 0.7978515625 0.1240234375 0.119140625
1 0.831298828125 0.852783203125 0.08349609375 0.08349609375
1 0.6826171875 0.973388671875 0.0517578125 0.05322265625
1 0.703857421875 0.8544921875 0.181640625 0.14599609375
1 0.74072265625 0.935546875 0.09423828125 0.10546875
1 0.978515625 0.73486328125 0.04296875 0.0966796875
1 0.646240234375 0.70458984375 0.08154296875 0.0849609375
1 0.819580078125 0.755615234375 0.0927734375 0.125
1 0.937255859375 0.79052734375 0.06884765625 0.06884765625
7 0.580078125 0.976806640625 0.1015625 0.04638671875
0 0.61572265625 0.619384765625 0.1220703125 0.05908203125