2 0.07727272727272727 0.1787749287749288 0.15454545454545454 0.32336182336182334
8 0.644090909090909 0.3547008547008547 0.045 0.09116809116809117
7 0.8263636363636364 0.30128205128205127 0.04818181818181818 0.10256410256410256
8 0.655 0.14245014245014245 0.029545454545454545 0.06837606837606838
8 0.7304545454545455 0.33760683760683763 0.04818181818181818 0.10612535612535613
2 0.9454545454545454 0.22364672364672364 0.041363636363636366 0.07621082621082621
2 0.769090909090909 0.1745014245014245 0.06227272727272727 0.10256410256410256
7 0.610909090909091 0.21225071225071226 0.034545454545454546 0.07193732193732194
6 0.2718181818181818 0.9814814814814815 0.08 0.037037037037037035
11 0.3618181818181818 0.7051282051282052 0.045454545454545456 0.05128205128205128
11 0.23954545454545453 0.6566951566951567 0.031818181818181815 0.042735042735042736
11 0.2677272727272727 0.7898860398860399 0.053636363636363635 0.045584045584045586
9 0.9868181818181818 0.8376068376068376 0.026363636363636363 0.10256410256410256
0 0.8268181818181818 0.6851851851851852 0.04181818181818182 0.0698005698005698
0 0.9281818181818182 0.8247863247863247 0.026363636363636363 0.06837606837606838