9 0.376 0.532983508245877 0.0905 0.08770614692653673
9 0.127 0.5224887556221889 0.067 0.08770614692653673
9 0.504 0.31334332833583206 0.052 0.13343328335832083
9 0.214 0.2413793103448276 0.0485 0.06971514242878561
8 0.4925 0.52023988005997 0.0535 0.0734632683658171
8 0.346 0.4775112443778111 0.07 0.05997001499250375
8 0.1255 0.43553223388305845 0.055 0.06596701649175413
11 0.341 0.23463268365817092 0.075 0.12743628185907047
7 0.2065 0.08845577211394302 0.052 0.07196401799100449
7 0.485 0.1889055472263868 0.052 0.0734632683658171
11 0.1135 0.3350824587706147 0.092 0.08320839580209895
0 0.552 0.2946026986506747 0.044 0.1184407796101949
0 0.638 0.26686656671664166 0.117 0.14392803598200898
7 0.558 0.1176911544227886 0.056 0.1874062968515742
4 0.3045 0.8125937031484258 0.1 0.10044977511244378
7 0.7505 0.8335832083958021 0.07 0.07796101949025487
11 0.7695 0.9535232383808095 0.0395 0.060719640179910044
11 0.795 0.6274362818590704 0.045 0.03673163418290855
0 0.729 0.7158920539730135 0.054 0.06596701649175413