9 0.31851851851851853 0.13796296296296295 0.062037037037037036 0.046296296296296294
2 0.3282407407407407 0.06898148148148148 0.041666666666666664 0.05
7 0.23472222222222222 0.20601851851851852 0.0712962962962963 0.07592592592592592
10 0.5296296296296297 0.2212962962962963 0.19953703703703704 0.2569444444444444
10 0.6819444444444445 0.1175925925925926 0.13425925925925927 0.20092592592592592
10 0.8222222222222222 0.22268518518518518 0.19398148148148148 0.3435185185185185
8 0.2652777777777778 0.6087962962962963 0.05 0.05740740740740741
8 0.11990740740740741 0.5092592592592593 0.06944444444444445 0.05925925925925926
8 0.2712962962962963 0.4925925925925926 0.06296296296296296 0.025925925925925925
7 0.21388888888888888 0.7453703703703703 0.06018518518518518 0.075
7 0.15416666666666667 0.7518518518518519 0.05740740740740741 0.06759259259259259
9 0.07685185185185185 0.6569444444444444 0.040740740740740744 0.05648148148148148
9 0.17777777777777778 0.8722222222222222 0.046296296296296294 0.05092592592592592
9 0.062037037037037036 0.9087962962962963 0.06759259259259259 0.0712962962962963
8 0.13703703703703704 0.624537037037037 0.05185185185185185 0.049074074074074076
8 0.3731481481481482 0.5912037037037037 0.012962962962962963 0.058333333333333334
8 0.2101851851851852 0.7513888888888889 0.053703703703703705 0.05648148148148148
9 0.9648148148148148 0.8717592592592592 0.07037037037037037 0.13796296296296295
0 0.7842592592592592 0.8648148148148148 0.07685185185185185 0.07592592592592592
8 0.9893518518518518 0.7583333333333333 0.021296296296296296 0.07222222222222222