9 0.125625 0.203125 0.095 0.1275
8 0.33375 0.350625 0.06875 0.0775
1 0.091875 0.454375 0.04 0.05125
1 0.02625 0.523125 0.03875 0.05
8 0.499375 0.283125 0.13875 0.12375
9 0.896875 0.18875 0.145 0.19125
9 0.856875 0.463125 0.09875 0.11375
9 0.70625 0.16 0.09625 0.09125
9 0.719375 0.51875 0.07375 0.0825
7 0.04375 0.759375 0.07 0.07875
7 0.235625 0.671875 0.0925 0.08875
7 0.034375 0.888125 0.0525 0.0525
8 0.234375 0.570625 0.05125 0.02125
8 0.293125 0.63625 0.0375 0.05875
9 0.58 0.98 0.04875 0.04
9 0.52125 0.81125 0.040625 0.056875
9 0.685 0.978125 0.050625 0.04375
9 0.628125 0.964375 0.050625 0.07125
8 0.624375 0.698125 0.0425 0.056875
4 0.469375 0.78 0.03125 0.0525
4 0.884375 0.67125 0.034375 0.0525
1 0.7975 0.726875 0.039375 0.066875
7 0.825 0.58625 0.05375 0.0525
6 0.6375 0.645625 0.034375 0.04625
0 0.83875 0.83 0.05375 0.073125