4 0.29271775345073775 0.3671444321940463 0.08115183246073299 0.1427783902976847
1 0.8626844359828653 0.2993384785005513 0.08543550690147549 0.22822491730981256
1 0.9105188005711566 0.6130099228224918 0.0390290337934317 0.13340683572216097
1 0.7432175154688244 0.3398566703417861 0.041884816753926704 0.17116868798235943
5 0.30556877677296523 0.7444873208379272 0.15801999048072346 0.12954796030871002
8 0.5347453593526892 0.9782249173098125 0.06330318895763921 0.043550165380374865
7 0.2270347453593527 0.9649944873208379 0.0752022846263684 0.07001102535832414
7 0.40671108995716326 0.9404630650496141 0.09328891004283675 0.11025358324145534
7 0.6461208948119943 0.6957001102535832 0.07472632079961923 0.03197353914002205
7 0.3698238933841028 0.7023153252480706 0.12851023322227512 0.04520396912899669
8 0.8733936220847216 0.8704520396912899 0.034745359352689194 0.06146637265711136