7 0.359375 0.139404296875 0.19140625 0.1943359375
8 0.75244140625 0.25537109375 0.169921875 0.14892578125
8 0.918212890625 0.203125 0.11962890625 0.12890625
9 0.924072265625 0.3310546875 0.15185546875 0.1533203125
0 0.91552734375 0.034912109375 0.1689453125 0.06982421875
8 0.53271484375 0.512939453125 0.0732421875 0.04638671875
7 0.481201171875 0.90673828125 0.07470703125 0.080078125
7 0.323486328125 0.508056640625 0.07177734375 0.03662109375
7 0.370361328125 0.5068359375 0.06982421875 0.0341796875
7 0.628173828125 0.587646484375 0.04345703125 0.06396484375
7 0.321044921875 0.744140625 0.0537109375 0.05810546875
7 0.3984375 0.97998046875 0.08203125 0.0400390625
11 0.41845703125 0.838134765625 0.05322265625 0.05078125
8 0.94091796875 0.78662109375 0.0771484375 0.083984375
1 0.76416015625 0.504150390625 0.048828125 0.02880859375
1 0.97021484375 0.54296875 0.0380859375 0.04345703125