9 0.0525 0.019553072625698324 0.105 0.03910614525139665
5 0.0575 0.09706703910614525 0.115 0.11033519553072625
5 0.3016666666666667 0.07192737430167598 0.056666666666666664 0.0824022346368715
5 0.13166666666666665 0.02653631284916201 0.07 0.05307262569832402
5 0.19583333333333333 0.06354748603351955 0.06 0.05027932960893855
7 0.7533333333333333 0.28701117318435754 0.11666666666666667 0.12430167597765363
7 0.7033333333333334 0.14315642458100558 0.09 0.08170391061452514
9 0.5416666666666666 0.06215083798882681 0.11666666666666667 0.12011173184357542
1 0.8658333333333333 0.1180167597765363 0.05583333333333333 0.1005586592178771
7 0.005 0.6445530726256983 0.01 0.046089385474860335
7 0.11666666666666667 0.8840782122905028 0.043333333333333335 0.04189944134078212
9 0.03666666666666667 0.8498603351955307 0.07333333333333333 0.046089385474860335
8 0.5816666666666667 0.6103351955307262 0.10833333333333334 0.09916201117318436
8 0.38166666666666665 0.6522346368715084 0.10333333333333333 0.09497206703910614
7 0.5583333333333333 0.9043296089385475 0.07333333333333333 0.03770949720670391
7 0.6308333333333334 0.922486033519553 0.06666666666666667 0.046089385474860335
7 0.7091666666666666 0.9629888268156425 0.09333333333333334 0.061452513966480445
7 0.8216666666666667 0.6613128491620112 0.09333333333333334 0.10195530726256984
7 0.41083333333333333 0.5405027932960894 0.075 0.05726256983240224