1 0.10358056265984655 0.3255208333333333 0.11508951406649616 0.028125
8 0.5601023017902813 0.2125 0.07544757033248081 0.07395833333333333
11 0.260230179028133 0.28541666666666665 0.2340153452685422 0.10833333333333334
11 0.17710997442455242 0.12291666666666666 0.08951406649616368 0.059375
11 0.3132992327365729 0.1828125 0.16240409207161124 0.11145833333333334
11 0.023657289002557546 0.18802083333333333 0.04731457800511509 0.128125
8 0.7461636828644501 0.10260416666666666 0.10485933503836317 0.06770833333333333
8 0.8657289002557544 0.07395833333333333 0.07672634271099744 0.05
8 0.7506393861892583 0.009895833333333333 0.058823529411764705 0.019791666666666666
8 0.9757033248081841 0.13020833333333334 0.04859335038363171 0.052083333333333336
4 0.0959079283887468 0.4161458333333333 0.08951406649616368 0.153125
4 0.17199488491048592 0.5057291666666667 0.08312020460358056 0.13802083333333334
4 0.38107416879795397 0.6161458333333333 0.0959079283887468 0.14322916666666666
7 0.3235294117647059 0.5723958333333333 0.07033248081841433 0.12291666666666666
4 0.20907928388746802 0.7286458333333333 0.11828644501278772 0.15364583333333334
3 0.7998721227621484 0.8807291666666667 0.23785166240409208 0.23802083333333332
3 0.6675191815856778 0.42239583333333336 0.0639386189258312 0.165625
3 0.8817135549872123 0.42604166666666665 0.07544757033248081 0.1265625
3 0.8868286445012787 0.6713541666666667 0.149616368286445 0.3140625
3 0.7921994884910486 0.6807291666666667 0.10997442455242967 0.24166666666666667