9 0.1089527027027027 0.3051181102362205 0.07263513513513513 0.0610236220472441
9 0.2677364864864865 0.04232283464566929 0.05574324324324324 0.0610236220472441
9 0.2626689189189189 0.2559055118110236 0.057432432432432436 0.0984251968503937
9 0.33361486486486486 0.296259842519685 0.037162162162162164 0.04133858267716536
8 0.2533783783783784 0.125 0.0472972972972973 0.03937007874015748
8 0.17989864864864866 0.06692913385826772 0.02702702702702703 0.04133858267716536
8 0.1858108108108108 0.015748031496062992 0.033783783783783786 0.031496062992125984
8 0.21537162162162163 0.2549212598425197 0.02195945945945946 0.04921259842519685
8 0.13429054054054054 0.35826771653543305 0.028716216216216218 0.03543307086614173
8 0.016891891891891893 0.0639763779527559 0.030405405405405407 0.0610236220472441
8 0.13429054054054054 0.08956692913385826 0.02364864864864865 0.03740157480314961
1 0.16976351351351351 0.25098425196850394 0.028716216216216218 0.04330708661417323
8 0.1875 0.18405511811023623 0.03209459459459459 0.031496062992125984
8 0.16385135135135134 0.2933070866141732 0.03547297297297297 0.03346456692913386
9 0.04307432432432432 0.1437007874015748 0.07432432432432433 0.08464566929133858
7 0.006756756756756757 0.35236220472440943 0.013513513513513514 0.04330708661417323
9 0.20608108108108109 0.4360236220472441 0.05405405405405406 0.025590551181102362
7 0.31165540540540543 0.327755905511811 0.04560810810810811 0.03346456692913386
7 0.793918918918919 0.17716535433070865 0.125 0.1437007874015748
9 0.8758445945945946 0.028543307086614175 0.07601351351351351 0.05708661417322835
11 0.6326013513513513 0.1594488188976378 0.08277027027027027 0.06692913385826772
11 0.637668918918919 0.06594488188976377 0.02702702702702703 0.047244094488188976
11 0.527027027027027 0.10236220472440945 0.05574324324324324 0.06299212598425197
11 0.6959459459459459 0.3257874015748031 0.04222972972972973 0.0610236220472441
3 0.11570945945945946 0.6318897637795275 0.17567567567567569 0.20964566929133857
3 0.14780405405405406 0.9143700787401575 0.11064189189189189 0.1309055118110236
3 0.30405405405405406 0.7883858267716536 0.16554054054054054 0.25
9 0.5962837837837838 0.9596456692913385 0.03885135135135135 0.07381889763779527
9 0.5616554054054054 0.719488188976378 0.032939189189189186 0.06299212598425197
9 0.6934121621621622 0.96751968503937 0.041385135135135136 0.05216535433070866
9 0.643581081081081 0.9360236220472441 0.04054054054054054 0.08169291338582677
8 0.6663851351351351 0.6033464566929134 0.033783783783783786 0.06299212598425197
4 0.5177364864864865 0.6692913385826772 0.02364864864864865 0.060039370078740155
4 0.9037162162162162 0.6269685039370079 0.02702702702702703 0.058070866141732284
1 0.8192567567567568 0.6761811023622047 0.03125 0.07578740157480315
7 0.8589527027027027 0.5029527559055118 0.04307432432432432 0.07086614173228346
6 0.683277027027027 0.5403543307086615 0.02702702702702703 0.05019685039370079
0 0.8471283783783784 0.8139763779527559 0.044763513513513514 0.08366141732283465