8 0.40087890625 0.21419270833333334 0.0419921875 0.11458333333333333
7 0.736572265625 0.2529296875 0.10009765625 0.12955729166666666
8 0.40869140625 0.451171875 0.0576171875 0.057291666666666664
8 0.546630859375 0.22265625 0.1005859375 0.13411458333333334
2 0.96533203125 0.3294270833333333 0.0693359375 0.09375
2 0.6298828125 0.4114583333333333 0.126953125 0.12955729166666666
6 0.324951171875 0.7294921875 0.10986328125 0.12955729166666666
6 0.30517578125 0.5712890625 0.05859375 0.15234375
7 0.72900390625 0.6025390625 0.03662109375 0.072265625
7 0.90966796875 0.9404296875 0.04296875 0.06705729166666667
9 0.635009765625 0.6927083333333334 0.05322265625 0.09895833333333333
9 0.819580078125 0.9104817708333334 0.0810546875 0.072265625