8 0.350625 0.0890625 0.050416666666666665 0.05
8 0.36791666666666667 0.2665625 0.05645833333333333 0.0771875
8 0.33166666666666667 0.1359375 0.06416666666666666 0.0909375
7 0.7666666666666667 0.33875 0.036875 0.05875
7 0.8239583333333333 0.155625 0.029375 0.03625
8 0.861875 0.13 0.024375 0.040625
8 0.7627083333333333 0.2290625 0.026875 0.0390625
8 0.821875 0.29875 0.018125 0.03
8 0.7954166666666667 0.375 0.026875 0.034375
8 0.7977083333333334 0.22625 0.028125 0.0325
11 0.896875 0.1284375 0.016875 0.0309375
11 0.7197916666666667 0.2015625 0.019375 0.0425
11 0.73375 0.1384375 0.029375 0.0315625
11 0.716875 0.1059375 0.01375 0.0309375
11 0.87875 0.111875 0.02125 0.0315625
11 0.8797916666666666 0.1440625 0.02625 0.038125
11 0.8314583333333333 0.1209375 0.024375 0.0396875
11 0.8585416666666666 0.359375 0.021875 0.0325
11 0.865625 0.3125 0.025 0.0315625
11 0.835625 0.2271875 0.02375 0.0325
9 0.1575 0.7665625 0.18895833333333334 0.1278125
7 0.13270833333333334 0.92 0.07625 0.0584375
7 0.425625 0.6903125 0.08520833333333333 0.0596875
2 0.613125 0.4990625 0.10291666666666667 0.098125
9 0.930625 0.9290625 0.11791666666666667 0.141875
0 0.8366666666666667 0.8653125 0.08916666666666667 0.166875
1 0.8589583333333334 0.473125 0.07458333333333333 0.04625