11 0.325 0.27325581395348836 0.065625 0.10852713178294573
11 0.226875 0.21414728682170542 0.04625 0.07848837209302326
11 0.54375 0.27810077519379844 0.07625 0.1501937984496124
11 0.07625 0.32655038759689925 0.061875 0.12015503875968993
11 0.48375 0.03197674418604651 0.0525 0.06395348837209303
11 0.085 0.5658914728682171 0.049375 0.08527131782945736
3 0.895625 0.14631782945736435 0.154375 0.2926356589147287
3 0.901875 0.4641472868217054 0.096875 0.18507751937984496
3 0.768125 0.4021317829457364 0.151875 0.3323643410852713
9 0.588125 0.8042635658914729 0.06375 0.16279069767441862
11 0.12125 0.7441860465116279 0.085 0.09496124031007752
11 0.668125 0.9757751937984496 0.05875 0.04844961240310078
11 0.690625 0.8914728682170543 0.0475 0.07945736434108527