11 0.195 0.22833333333333333 0.03625 0.08
11 0.14 0.16 0.024375 0.059166666666666666
11 0.324375 0.27666666666666667 0.040625 0.11416666666666667
11 0.045625 0.21916666666666668 0.033125 0.08916666666666667
11 0.301875 0.043333333333333335 0.02625 0.08666666666666667
11 0.03875 0.43666666666666665 0.024375 0.10416666666666667
7 0.86375 0.375 0.04375 0.08333333333333333
7 0.661875 0.38333333333333336 0.04625 0.07333333333333333
7 0.544375 0.29333333333333333 0.035 0.051666666666666666
7 0.39375 0.07083333333333333 0.0475 0.055
9 0.245625 0.9391666666666667 0.11625 0.12166666666666667
9 0.2975 0.5616666666666666 0.145 0.12333333333333334
8 0.60625 0.8533333333333334 0.07125 0.07166666666666667
11 0.51375 0.6933333333333334 0.05375 0.07666666666666666
11 0.385625 0.6783333333333333 0.03125 0.08666666666666667
11 0.51625 0.9083333333333333 0.05125 0.05333333333333334
7 0.523125 0.8183333333333334 0.07875 0.095
7 0.395625 0.8758333333333334 0.05125 0.10166666666666667