9 0.15422245108135943 0.027548918640576726 0.04248197734294542 0.04943357363542739
9 0.03887744593202884 0.08522142121524202 0.031153450051493305 0.05046343975283213
9 0.24356333676622038 0.12358393408856849 0.027806385169927908 0.07775489186405768
9 0.11328527291452112 0.22579814624098868 0.022914521112255407 0.039907312049433576
8 0.21009268795056643 0.01596292481977343 0.02548918640576725 0.03166838311019567
8 0.14701338825952626 0.06539649845520082 0.03347064881565397 0.032955715756951595
8 0.04866117404737384 0.13465499485066942 0.02548918640576725 0.03759011328527292
11 0.17404737384140062 0.20339855818743563 0.0345005149330587 0.07415036045314109
7 0.128475798146241 0.3141091658084449 0.024459320288362514 0.0411946446961895
7 0.24639546858908343 0.20005149330587024 0.024459320288362514 0.042224510813594233
11 0.05535530381050464 0.19361483007209063 0.044284243048403706 0.04582904222451081
7 0.9266220391349125 0.1004119464469619 0.09654994850669413 0.04145211122554068
7 0.7675077239958805 0.10633367662203913 0.09654994850669413 0.05535530381050464
7 0.3506694129763131 0.28372811534500514 0.082389289392379 0.04505664263645726
7 0.4490216271884655 0.23892893923789907 0.06797116374871266 0.04325437693099897
7 0.7461380020597322 0.26210092687950565 0.082389289392379 0.052008238928939236
7 0.5509783728115345 0.1531925849639547 0.09654994850669413 0.039907312049433576
8 0.4062821833161689 0.19644696189495364 0.09654994850669413 0.04325437693099897
8 0.08934088568486097 0.7404737384140062 0.07106076210092688 0.055612770339855816
7 0.2319773429454171 0.7608135942327497 0.05509783728115345 0.11791967044284243
7 0.009011328527291453 0.4178681771369722 0.018022657054582905 0.07672502574665294
1 0.871524201853759 0.8367662203913491 0.1825437693099897 0.1725025746652935
1 0.6246138002059732 0.8571060762100927 0.06539649845520082 0.08161688980432544
1 0.6179196704428425 0.768022657054583 0.0607621009268795 0.06488156539649846
1 0.6156024716786818 0.6799691040164778 0.05638516992790937 0.06488156539649846
1 0.45700308959835223 0.7106076210092688 0.1053038105046344 0.12255406797116375
1 0.4590628218331617 0.5983522142121525 0.0756951596292482 0.07981462409886715
1 0.5059217301750772 0.49536560247167866 0.10092687950566426 0.0872811534500515
1 0.7520597322348095 0.5983522142121525 0.11714727085478888 0.1446961894953656
1 0.8643151390319258 0.7188465499485067 0.08908341915550978 0.11328527291452112
1 0.7157569515962925 0.533470648815654 0.17224510813594232 0.10942327497425335
1 0.6163748712667353 0.4554582904222451 0.07260556127703399 0.08161688980432544
1 0.6001544799176107 0.5862512873326468 0.054840370751802266 0.05947476828012358
1 0.5260041194644696 0.624356333676622 0.04454170957775489 0.061277033985581875
1 0.6956745623069001 0.8663748712667353 0.06668383110195675 0.0705458290422245
1 0.7595262615859938 0.8246652935118435 0.06977342945417096 0.09268795056642637
1 0.8864572605561277 0.4750257466529351 0.05046343975283213 0.06307929969104016