2 0.33090909090909093 0.31196581196581197 0.3381818181818182 0.42735042735042733
11 0.9877272727272727 0.16880341880341881 0.024545454545454544 0.07264957264957266
11 0.9586363636363636 0.10897435897435898 0.04090909090909091 0.07977207977207977
8 0.8672727272727273 0.22293447293447294 0.04 0.06125356125356125
8 0.7845454545454545 0.18803418803418803 0.038181818181818185 0.05413105413105413
8 0.7090909090909091 0.6239316239316239 0.05272727272727273 0.05128205128205128
9 0.39136363636363636 0.8247863247863247 0.2863636363636364 0.3504273504273504
7 0.21272727272727274 0.8155270655270656 0.056363636363636366 0.11538461538461539
9 0.8831818181818182 0.7592592592592593 0.05454545454545454 0.0811965811965812
9 0.83 0.9366096866096866 0.03727272727272727 0.06267806267806268
8 0.8054545454545454 0.74002849002849 0.034545454545454546 0.05270655270655271
8 0.8395454545454546 0.6602564102564102 0.022727272727272728 0.021367521367521368
8 0.8722727272727273 0.6574074074074074 0.028181818181818183 0.01566951566951567
7 0.8968181818181818 0.9665242165242165 0.04454545454545455 0.05128205128205128
7 0.8809090909090909 0.8454415954415955 0.022727272727272728 0.04415954415954416
7 0.9263636363636364 0.7150997150997151 0.03636363636363636 0.07407407407407407