7 0.251708984375 0.286376953125 0.17431640625 0.1787109375
11 0.982666015625 0.406005859375 0.03466796875 0.06787109375
11 0.63623046875 0.710693359375 0.049072265625 0.0673828125
3 0.593017578125 0.92724609375 0.18505859375 0.1455078125
3 0.3720703125 0.5625 0.14501953125 0.147216796875
3 0.4736328125 0.9130859375 0.065673828125 0.0810546875
3 0.216064453125 0.726806640625 0.076904296875 0.1064453125
3 0.21630859375 0.562744140625 0.12158203125 0.176025390625
3 0.2939453125 0.722900390625 0.10205078125 0.162353515625
3 0.390869140625 0.785400390625 0.13232421875 0.1328125
3 0.1015625 0.459228515625 0.07568359375 0.03857421875
11 0.959716796875 0.464111328125 0.07080078125 0.04833984375
11 0.9091796875 0.5302734375 0.0712890625 0.064453125