7 0.20301204819277108 0.4247787610619469 0.0927710843373494 0.13982300884955753
7 0.45602409638554214 0.30796460176991153 0.06626506024096386 0.11150442477876106
2 0.46325301204819275 0.4823008849557522 0.08072289156626505 0.11504424778761062
0 0.3506024096385542 0.46814159292035395 0.13253012048192772 0.1433628318584071
0 0.5186746987951807 0.42389380530973453 0.09156626506024096 0.1256637168141593
0 0.5337349397590362 0.34424778761061947 0.06867469879518072 0.0831858407079646
0 0.37349397590361444 0.2991150442477876 0.05301204819277108 0.0920353982300885
6 0.10843373493975904 0.41415929203539825 0.03975903614457831 0.07079646017699115
11 0.027710843373493974 0.4345132743362832 0.05542168674698795 0.10442477876106195
5 0.7433734939759036 0.16991150442477876 0.2674698795180723 0.3398230088495575
4 0.2825301204819277 0.9053097345132743 0.1180722891566265 0.1088495575221239
4 0.1855421686746988 0.7407079646017699 0.10662650602409639 0.09469026548672567
4 0.29759036144578316 0.7601769911504425 0.07349397590361446 0.07345132743362832
4 0.33554216867469877 0.5610619469026549 0.06144578313253012 0.04247787610619469
4 0.16566265060240964 0.8265486725663717 0.12771084337349398 0.12477876106194691
4 0.03674698795180723 0.7982300884955752 0.07349397590361446 0.11061946902654868
9 0.41566265060240964 0.8876106194690265 0.14879518072289158 0.16017699115044248
7 0.4939759036144578 0.668141592920354 0.1108433734939759 0.09646017699115045
4 0.3530120481927711 0.7389380530973452 0.0825301204819277 0.08053097345132744
7 0.8542168674698796 0.9646017699115044 0.07710843373493977 0.07079646017699115
7 0.6825301204819277 0.6424778761061947 0.0463855421686747 0.11592920353982301
8 0.7596385542168674 0.6938053097345133 0.06325301204819277 0.13451327433628318