8 0.29375 0.239375 0.06625 0.0734375
8 0.5358333333333334 0.291875 0.04541666666666667 0.06625
8 0.16333333333333333 0.124375 0.04541666666666667 0.0459375
8 0.16958333333333334 0.1646875 0.04541666666666667 0.043125
8 0.5758333333333333 0.22 0.04416666666666667 0.063125
9 0.4220833333333333 0.441875 0.074375 0.07625
9 0.6310416666666666 0.2715625 0.08958333333333333 0.130625
9 0.43645833333333334 0.215625 0.06895833333333333 0.1021875
0 0.38625 0.38375 0.06625 0.0746875
0 0.34958333333333336 0.225625 0.060625 0.0690625
0 0.086875 0.0509375 0.08416666666666667 0.0790625
0 0.24479166666666666 0.350625 0.06625 0.0559375
0 0.194375 0.023125 0.04958333333333333 0.0459375
0 0.45916666666666667 0.0928125 0.03729166666666667 0.0503125
0 0.49104166666666665 0.2953125 0.04541666666666667 0.0646875
8 0.8616666666666667 0.133125 0.026041666666666668 0.05125
8 0.91875 0.309375 0.024375 0.0446875
7 0.8152083333333333 0.189375 0.026041666666666668 0.0446875
7 0.8052083333333333 0.15 0.02875 0.0425
7 0.886875 0.236875 0.03270833333333333 0.0753125
7 0.764375 0.1690625 0.035416666666666666 0.0490625
7 0.9010416666666666 0.395 0.023333333333333334 0.0459375
9 0.2652083333333333 0.7290625 0.10229166666666667 0.1078125
9 0.3829166666666667 0.6571875 0.15395833333333334 0.1715625
9 0.278125 0.6725 0.005208333333333333 0.00375
9 0.30083333333333334 0.635625 0.07895833333333334 0.0925
9 0.370625 0.7853125 0.13979166666666668 0.11375
8 0.50125 0.65 0.056875 0.05
9 0.26 0.524375 0.07125 0.0434375
9 0.2627083333333333 0.5825 0.055625 0.0375