8 0.4516792323509253 0.34885764499121263 0.07539410555174778 0.1341534856473345
7 0.3570938999314599 0.5 0.10555174777244689 0.05916813122437024
7 0.45202193283070596 0.0418863503222027 0.07470870459218643 0.0837727006444054
6 0.7957505140507197 0.22583479789103691 0.06579849211788896 0.0846514352665495
6 0.8680603152844414 0.13766842413591096 0.07676490747087046 0.08025776215582894
6 0.6967100753941056 0.23110720562390158 0.11823166552433173 0.10867018160515525
6 0.5798492117888965 0.2047451669595782 0.09698423577793008 0.16608084358523725
6 0.6226867717614805 0.3388986526069127 0.07984921178889651 0.1280023432923257
11 0.7899246058944482 0.4381956649091974 0.03564084989718986 0.0424721734036321
11 0.8485263879369431 0.4721734036321031 0.02227553118574366 0.043350908025776215
11 0.8776559287183002 0.421792618629174 0.02604523646333105 0.03368482718219098
11 0.8368745716244003 0.35559461042765084 0.040781357093899934 0.040714704159343876
2 0.28169979437971215 0.7387229056824839 0.16655243317340646 0.2035735207967194
8 0.8409869773817683 0.6165787932044523 0.067854694996573 0.0846514352665495
11 0.6716929403701165 0.6239015817223199 0.07299520219328307 0.08055067369654365
11 0.798492117888965 0.8251318101933216 0.057230980123372174 0.09109548916227299
7 0.9191226867717615 0.7328646748681898 0.0884167237834133 0.1060339777387229
7 0.7350925291295408 0.8558875219683656 0.10932145305003427 0.12067955477445812