9 0.12421875 0.06759259259259259 0.1125 0.13518518518518519
2 0.40078125 0.2574074074074074 0.128125 0.17407407407407408
11 0.410546875 0.45092592592592595 0.11796875 0.14074074074074075
8 0.36640625 0.35555555555555557 0.05625 0.07685185185185185
0 0.228125 0.41203703703703703 0.0796875 0.09814814814814815
10 0.665234375 0.32592592592592595 0.21328125 0.33564814814814814
10 0.80703125 0.14814814814814814 0.187890625 0.29583333333333334
10 0.590234375 0.14814814814814814 0.222265625 0.24583333333333332
10 0.566015625 0.46435185185185185 0.062109375 0.12962962962962962
9 0.02421875 0.8888888888888888 0.0484375 0.17592592592592593
9 0.151171875 0.5745370370370371 0.07421875 0.06944444444444445
9 0.331640625 0.7967592592592593 0.0640625 0.07222222222222222
8 0.2 0.9717592592592592 0.0609375 0.05648148148148148
8 0.437109375 0.8162037037037037 0.059375 0.07037037037037037
5 0.134765625 0.7217592592592592 0.04921875 0.08425925925925926
5 0.108203125 0.8319444444444445 0.0515625 0.07407407407407407
10 0.77734375 0.7175925925925926 0.4078125 0.30462962962962964