2 0.269140625 0.25823643410852715 0.06171875 0.18313953488372092
11 0.26015625 0.06492248062015504 0.0796875 0.1298449612403101
3 0.730859375 0.249515503875969 0.31640625 0.1749031007751938
3 0.623828125 0.11288759689922481 0.453515625 0.22529069767441862
9 0.226171875 0.7708333333333334 0.036328125 0.09496124031007752
9 0.287109375 0.6690891472868217 0.025390625 0.06831395348837209
9 0.26015625 0.7359496124031008 0.04140625 0.11046511627906977
9 0.090234375 0.5125968992248062 0.0734375 0.1690891472868217
8 0.050390625 0.6812015503875969 0.025390625 0.060077519379844964
8 0.0140625 0.7141472868217055 0.0265625 0.060077519379844964
11 0.2265625 0.37209302325581395 0.0203125 0.044573643410852716
11 0.21640625 0.5348837209302325 0.02265625 0.04748062015503876
11 0.1828125 0.5833333333333334 0.02265625 0.046027131782945735
11 0.178125 0.5218023255813954 0.026953125 0.06153100775193798
9 0.20625 0.4757751937984496 0.0265625 0.05862403100775194
7 0.909375 0.6661821705426356 0.06953125 0.05426356589147287
7 0.7390625 0.8682170542635659 0.075390625 0.04893410852713178
7 0.43671875 0.42248062015503873 0.062890625 0.05765503875968992
11 0.801953125 0.5358527131782945 0.0390625 0.044573643410852716
11 0.881640625 0.5717054263565892 0.0515625 0.050872093023255814
11 0.84375 0.8183139534883721 0.061328125 0.044573643410852716
11 0.4046875 0.7974806201550387 0.061328125 0.044573643410852716
11 0.46875 0.7887596899224806 0.07109375 0.06831395348837209
11 0.64453125 0.5096899224806202 0.048828125 0.040213178294573645