2 0.2227479845776376 0.12606837606837606 0.058885383806519455 0.115995115995116
11 0.17893445495969154 0.22893772893772893 0.05818436733263232 0.09462759462759462
8 0.18647038205397826 0.15598290598290598 0.025937609533824044 0.05067155067155067
0 0.12618296529968454 0.11141636141636142 0.03645285664213109 0.06532356532356533
0 0.35524009814230634 0.26556776556776557 0.02909218366631616 0.1575091575091575
6 0.652646337188924 0.06196581196581197 0.041710480196284615 0.04975579975579975
6 0.5879775674728356 0.22344322344322345 0.10708026638626007 0.07844932844932845
6 0.6352961794602173 0.163003663003663 0.05362776025236593 0.07112332112332112
6 0.6132141605327726 0.3772893772893773 0.027514896600070102 0.029609279609279608
3 0.748335085874518 0.07661782661782662 0.061514195583596214 0.05647130647130647
6 0.11601822642832106 0.6321733821733821 0.033298282509638975 0.08302808302808302
6 0.09498773221170698 0.5955433455433455 0.023308797756747282 0.06532356532356533
6 0.11777076761303891 0.706959706959707 0.03838065194532071 0.09096459096459096
6 0.08797756747283561 0.7081807081807082 0.01717490361023484 0.046092796092796096
6 0.06957588503329828 0.6999389499389499 0.01752541184717841 0.05616605616605617
6 0.1642131090080617 0.9493284493284493 0.041710480196284615 0.10103785103785104
6 0.19155275148966 0.8400488400488401 0.054153522607781286 0.1382783882783883
6 0.1244304241149667 0.8354700854700855 0.04416403785488959 0.1227106227106227
6 0.12460567823343849 0.9175824175824175 0.03505082369435682 0.08058608058608059
6 0.15895548545390817 0.75 0.01752541184717841 0.05128205128205128
6 0.16070802663862602 0.8803418803418803 0.01892744479495268 0.05128205128205128
1 0.6503680336487907 0.6816239316239316 0.05362776025236593 0.07509157509157509
1 0.7174903610234841 0.6776556776556777 0.041359971959341046 0.06593406593406594
1 0.6927795303189624 0.5900488400488401 0.033298282509638975 0.06593406593406594
1 0.5014020329477743 0.4703907203907204 0.06764808973010866 0.061660561660561664
1 0.5732562215212057 0.4804639804639805 0.06414300736067298 0.08180708180708181
1 0.8226428321065545 0.8018925518925519 0.05152471083070452 0.08241758241758242
11 0.8755695758850333 0.45604395604395603 0.07150368033648791 0.03296703296703297
11 0.9435681738520856 0.652014652014652 0.0627409744128987 0.07753357753357754
11 0.9540834209603926 0.7576312576312576 0.07150368033648791 0.11538461538461539
11 0.6279355064844023 0.9358974358974359 0.07045215562565721 0.1282051282051282