8 0.148125 0.2457627118644068 0.036875 0.09167950693374423
8 0.264375 0.33281972265023113 0.0275 0.08012326656394453
8 0.065 0.2850539291217257 0.025 0.059322033898305086
8 0.076875 0.24884437596302003 0.024375 0.05546995377503852
8 0.265 0.4275808936825886 0.025625 0.07550077041602465
9 0.25125 0.11016949152542373 0.041875 0.11171032357473036
9 0.300625 0.4083204930662558 0.05375 0.15947611710323575
9 0.20375 0.35130970724191063 0.040625 0.12480739599383667
0 0.22125 0.15408320493066255 0.036875 0.09399075500770417
0 0.16875 0.29121725731895226 0.03375 0.08705701078582434
0 0.01875 0.3135593220338983 0.0375 0.10323574730354391
0 0.1525 0.10554699537750385 0.035625 0.07550077041602465
0 0.053125 0.4152542372881356 0.029375 0.0839753466872111
0 0.185625 0.4869029275808937 0.021875 0.062403697996918334
0 0.245625 0.30277349768875195 0.02625 0.07858243451463791
8 0.610625 0.22033898305084745 0.074375 0.10554699537750385
8 0.10375 0.8420647149460708 0.075 0.1016949152542373
5 0.6525 0.7033898305084746 0.24375 0.24191063174114022