1 0.28622754491017965 0.20625 0.055089820359281436 0.084375
1 0.2832335329341317 0.286875 0.04730538922155689 0.074375
1 0.3658682634730539 0.3125 0.027544910179640718 0.0825
1 0.017365269461077845 0.45 0.03473053892215569 0.086875
1 0.144311377245509 0.019375 0.06287425149700598 0.038125
0 0.2 0.054375 0.0844311377245509 0.10875
0 0.2245508982035928 0.265625 0.048502994011976046 0.115
0 0.25508982035928146 0.37125 0.0562874251497006 0.110625
0 0.2760479041916168 0.471875 0.08083832335329341 0.146875
0 0.31676646706586825 0.374375 0.05149700598802395 0.116875
0 0.15149700598802396 0.48 0.0718562874251497 0.106875
0 0.19520958083832335 0.390625 0.06826347305389222 0.10875
0 0.05149700598802395 0.520625 0.048502994011976046 0.080625
0 0.0592814371257485 0.3375 0.0562874251497006 0.094375
0 0.09760479041916167 0.230625 0.05149700598802395 0.084375
8 0.4149700598802395 0.36375 0.07065868263473053 0.095
7 0.9868263473053892 0.518125 0.026347305389221556 0.12375
7 0.6473053892215569 0.564375 0.11137724550898204 0.09125
9 0.03832335329341317 0.948125 0.07664670658682635 0.10375
0 0.053293413173652694 0.698125 0.10658682634730539 0.09875
8 0.17065868263473055 0.765625 0.09461077844311377 0.08375
11 0.31077844311377245 0.6225 0.10179640718562874 0.025
11 0.2622754491017964 0.924375 0.06347305389221557 0.08125
11 0.29161676646706586 0.70875 0.06467065868263473 0.1125
7 0.640119760479042 0.739375 0.1497005988023952 0.1775
7 0.7772455089820359 0.79125 0.12694610778443113 0.1125