1 0.4058333333333333 0.3956043956043956 0.07333333333333333 0.06593406593406594
1 0.4175 0.3230769230769231 0.06166666666666667 0.05934065934065934
1 0.5483333333333333 0.3252747252747253 0.0325 0.07362637362637363
1 0.050833333333333335 0.0956043956043956 0.06166666666666667 0.07032967032967033
1 0.15833333333333333 0.532967032967033 0.08666666666666667 0.04945054945054945
0 0.2475 0.5098901098901099 0.11166666666666666 0.0956043956043956
0 0.32666666666666666 0.3241758241758242 0.05416666666666667 0.1
0 0.3933333333333333 0.23956043956043957 0.0675 0.0945054945054945
0 0.44333333333333336 0.15604395604395604 0.1 0.12197802197802197
0 0.485 0.2549450549450549 0.059166666666666666 0.1010989010989011
0 0.2633333333333333 0.11098901098901098 0.09416666666666666 0.08241758241758242
0 0.30833333333333335 0.2043956043956044 0.08833333333333333 0.08681318681318681
0 0.12416666666666666 0.045054945054945054 0.06333333333333334 0.06483516483516484
0 0.09916666666666667 0.21208791208791208 0.07083333333333333 0.07692307692307693
0 0.13416666666666666 0.31868131868131866 0.065 0.06813186813186813
0 0.8216666666666667 0.20659340659340658 0.024166666666666666 0.045054945054945054
0 0.7133333333333334 0.11648351648351649 0.0225 0.04285714285714286
0 0.8016666666666666 0.16703296703296702 0.021666666666666667 0.04285714285714286
0 0.7575 0.2934065934065934 0.021666666666666667 0.05934065934065934
9 0.75 0.2175824175824176 0.03166666666666667 0.06153846153846154
2 0.97 0.2010989010989011 0.019166666666666665 0.04285714285714286
7 0.7608333333333334 0.3978021978021978 0.0425 0.07252747252747253
2 0.7641666666666667 0.08351648351648351 0.0275 0.03406593406593406
2 0.5091666666666667 0.6846153846153846 0.105 0.12527472527472527
2 0.0275 0.8362637362637363 0.055 0.15604395604395604
9 0.24333333333333335 0.9296703296703297 0.11 0.10329670329670329
3 0.8408333333333333 0.8945054945054945 0.18 0.14505494505494507
3 0.805 0.7494505494505495 0.15 0.17362637362637362