2 0.04373024236037935 0.16906474820143885 0.05268703898840885 0.09352517985611511
8 0.8245521601685986 0.09172661870503597 0.07007376185458378 0.05575539568345324
11 0.6380400421496312 0.24100719424460432 0.08324552160168598 0.06384892086330936
11 0.4567966280295047 0.3857913669064748 0.0505795574288725 0.03597122302158273
11 0.48998946259220233 0.3435251798561151 0.0505795574288725 0.03147482014388489
0 0.6570073761854583 0.33723021582733814 0.08640674394099052 0.06384892086330936
8 0.06269757639620653 0.60431654676259 0.030558482613277135 0.06115107913669065
9 0.24394099051633297 0.560251798561151 0.03582718651211802 0.0683453237410072
9 0.3535300316122234 0.6106115107913669 0.011591148577449948 0.05935251798561151
9 0.1506849315068493 0.6447841726618705 0.0547945205479452 0.08093525179856115
7 0.14910432033719706 0.7401079136690647 0.045310853530031614 0.07553956834532374
11 0.220231822971549 0.7670863309352518 0.0368809272918862 0.09712230215827339
11 0.18914646996838777 0.7302158273381295 0.0273972602739726 0.05755395683453238
4 0.2808219178082192 0.7940647482014388 0.03371970495258166 0.050359712230215826
4 0.34351949420442573 0.6870503597122302 0.03161222339304531 0.046762589928057555
7 0.2665964172813488 0.9136690647482014 0.032665964172813484 0.05575539568345324
5 0.6717597471022129 0.7077338129496403 0.13013698630136986 0.09442446043165467
5 0.5885142255005269 0.8255395683453237 0.08798735511064278 0.04226618705035971
5 0.7908324552160169 0.6780575539568345 0.1101159114857745 0.08003597122302158
8 0.42834562697576395 0.8093525179856115 0.05005268703898841 0.04226618705035971
1 0.422550052687039 0.9109712230215827 0.07586933614330875 0.08812949640287769
8 0.8830347734457323 0.8785971223021583 0.05584826132771338 0.044064748201438846