8 0.16004112405757367 0.09753954305799649 0.15695681973954764 0.09548916227299356
7 0.36634681288553805 0.008787346221441126 0.08019191226867718 0.01757469244288225
7 0.08122001370801919 0.39806678383128297 0.08019191226867718 0.0638547158758055
1 0.7563399588759424 0.26420620972466313 0.10075394105551748 0.08084358523725835
1 0.7135023989033584 0.19068541300527242 0.10075394105551748 0.04452255418863503
1 0.5819054146675805 0.11511423550087874 0.07368060315284441 0.07147041593438781
1 0.6429061000685401 0.2387229056824839 0.09492803289924606 0.06736965436438196
8 0.4736120630568883 0.1605155243116579 0.062028786840301574 0.05916813122437024
6 0.906100068540096 0.2176332747510252 0.09869773817683344 0.05799648506151142
1 0.31768334475668264 0.7460456942003515 0.06579849211788896 0.09783245459871119
1 0.22481151473612063 0.7981839484475688 0.03050034270047978 0.053309900410076154
1 0.08259081562714188 0.7905682483889865 0.10075394105551748 0.127709431751611
1 0.06339958875942427 0.6631517281780902 0.04318026045236463 0.127709431751611
1 0.17854694996572995 0.6704745166959578 0.0496915695681974 0.08904510837727006
1 0.20185058259081562 0.48183948447568836 0.02878684030157642 0.09783245459871119
1 0.28889650445510623 0.4803749267721148 0.1041809458533242 0.08904510837727006
0 0.3272789581905415 0.9258933801991799 0.113776559287183 0.14235500878734622
7 0.7875257025359835 0.6499707088459286 0.09458533241946539 0.1411833626244874
7 0.7320082248115147 0.8236672524897481 0.07402330363262509 0.09226713532513181
9 0.5836189170664839 0.9021675454012889 0.09458533241946539 0.13561804335090802
1 0.8718300205620287 0.8793204452255419 0.04043865661411926 0.12214411247803164