7 0.180908203125 0.076416015625 0.17431640625 0.15283203125
8 0.574462890625 0.0361328125 0.04931640625 0.072265625
8 0.899169921875 0.27001953125 0.08642578125 0.0751953125
8 0.882080078125 0.12060546875 0.08203125 0.09521484375
7 0.640625 0.287353515625 0.10546875 0.11669921875
7 0.802734375 0.101318359375 0.09814453125 0.115234375
7 0.880126953125 0.33984375 0.09814453125 0.0400390625
9 0.15576171875 0.380615234375 0.0498046875 0.04150390625
9 0.08984375 0.60986328125 0.0419921875 0.0859375
9 0.2568359375 0.3916015625 0.049560546875 0.0634765625
9 0.201904296875 0.406494140625 0.05078125 0.09326171875
8 0.18408203125 0.786376953125 0.04345703125 0.087158203125
4 0.03857421875 0.64794921875 0.032470703125 0.07861328125
4 0.432373046875 0.8603515625 0.03515625 0.0771484375
1 0.351318359375 0.769287109375 0.040771484375 0.099609375
7 0.370361328125 0.967041015625 0.053466796875 0.065673828125
6 0.193115234375 0.8642578125 0.0341796875 0.06884765625
0 0.396728515625 0.623779296875 0.054931640625 0.111572265625
0 0.968505859375 0.7783203125 0.06298828125 0.091796875
0 0.756591796875 0.728271484375 0.07275390625 0.08203125
0 0.640869140625 0.80615234375 0.07373046875 0.07470703125
6 0.59716796875 0.663330078125 0.06689453125 0.09912109375
6 0.975341796875 0.485595703125 0.04931640625 0.04931640625
3 0.65380859375 0.376708984375 0.0673828125 0.03369140625
3 0.681640625 0.489990234375 0.091796875 0.07470703125
3 0.785400390625 0.464111328125 0.0703125 0.07275390625
3 0.734375 0.5986328125 0.08349609375 0.10302734375
3 0.65380859375 0.5634765625 0.060546875 0.08056640625
3 0.906005859375 0.47802734375 0.05029296875 0.0537109375
3 0.702880859375 0.900146484375 0.0751953125 0.08642578125
3 0.8203125 0.881103515625 0.07763671875 0.1044921875
3 0.960693359375 0.4208984375 0.07861328125 0.05712890625
3 0.62890625 0.931640625 0.07470703125 0.06689453125