4 0.3233333333333333 0.25222222222222224 0.06777777777777778 0.11777777777777777
2 0.805 0.17444444444444446 0.2811111111111111 0.28888888888888886
7 0.6377777777777778 0.2338888888888889 0.08777777777777777 0.08888888888888889
9 0.9338888888888889 0.27444444444444444 0.1322222222222222 0.2111111111111111
11 0.22666666666666666 0.8694444444444445 0.11888888888888889 0.11
11 0.37166666666666665 0.7177777777777777 0.07777777777777778 0.06555555555555556
11 0.9722222222222222 0.7666666666666667 0.05555555555555555 0.08
0 0.9494444444444444 0.7216666666666667 0.09555555555555556 0.08777777777777777
7 0.595 0.8633333333333333 0.05444444444444444 0.05555555555555555
7 0.6983333333333334 0.6922222222222222 0.07 0.06444444444444444
11 0.7205555555555555 0.8883333333333333 0.07222222222222222 0.06777777777777778