8 0.19678571428571429 0.12375 0.039285714285714285 0.065
8 0.2735714285714286 0.086875 0.027857142857142858 0.0575
9 0.21357142857142858 0.078125 0.030714285714285715 0.0425
9 0.13535714285714287 0.179375 0.047142857142857146 0.06
2 0.27714285714285714 0.250625 0.06357142857142857 0.0975
2 0.1407142857142857 0.08625 0.030714285714285715 0.06625
2 0.32821428571428574 0.1675 0.035 0.065
7 0.0725 0.275 0.05357142857142857 0.1
6 0.7021428571428572 0.251875 0.040357142857142855 0.0825
6 0.7603571428571428 0.193125 0.03535714285714286 0.0575
6 0.7592857142857142 0.305625 0.029285714285714286 0.044375
6 0.7828571428571428 0.27375 0.02642857142857143 0.050625
3 0.8021428571428572 0.211875 0.05285714285714286 0.073125
3 0.8607142857142858 0.3125 0.04392857142857143 0.080625
8 0.28464285714285714 0.730625 0.05285714285714286 0.09625
6 0.5317857142857143 0.966875 0.07785714285714286 0.06625
3 0.9392857142857143 0.84 0.12142857142857143 0.19