8 0.09941176470588235 0.4004702194357367 0.06352941176470588 0.09717868338557993
7 0.16470588235294117 0.16927899686520376 0.07647058823529412 0.12695924764890282
7 0.24058823529411766 0.15830721003134796 0.07294117647058823 0.11442006269592477
9 0.3388235294117647 0.31896551724137934 0.05176470588235294 0.09561128526645768
9 0.45705882352941174 0.11755485893416928 0.058823529411764705 0.09717868338557993
8 0.26235294117647057 0.3738244514106583 0.06588235294117648 0.08307210031347963
8 0.16941176470588235 0.1590909090909091 0.06823529411764706 0.09561128526645768
1 0.9023529411764706 0.3126959247648903 0.05411764705882353 0.06269592476489028
1 0.9347058823529412 0.45454545454545453 0.041176470588235294 0.050156739811912224
1 0.8576470588235294 0.420846394984326 0.04588235294117647 0.06426332288401254
1 0.5358823529411765 0.0384012539184953 0.03176470588235294 0.0768025078369906
1 0.7617647058823529 0.40282131661442006 0.04941176470588235 0.05329153605015674
1 0.7235294117647059 0.4561128526645768 0.06352941176470588 0.047021943573667714
1 0.8176470588235294 0.47100313479623823 0.042352941176470586 0.017241379310344827
1 0.7358823529411764 0.034482758620689655 0.06 0.06896551724137931
0 0.9482352941176471 0.3652037617554859 0.04588235294117647 0.0877742946708464
5 0.34705882352941175 0.5995297805642633 0.3382352941176471 0.18573667711598746
5 0.26235294117647057 0.725705329153605 0.13117647058823528 0.0822884012539185
5 0.43176470588235294 0.7547021943573667 0.17647058823529413 0.11128526645768025
5 0.33941176470588236 0.7978056426332288 0.2 0.10109717868338558
5 0.15705882352941178 0.8072100313479624 0.1711764705882353 0.08385579937304075
5 0.05529411764705883 0.6489028213166145 0.09235294117647058 0.06347962382445141
5 0.19470588235294117 0.9427899686520376 0.06647058823529411 0.09247648902821316
5 0.25 0.8934169278996865 0.14 0.08934169278996865
5 0.29294117647058826 0.853448275862069 0.10941176470588235 0.07915360501567398
5 0.13176470588235295 0.7264890282131662 0.10647058823529412 0.05877742946708464
7 0.7947058823529412 0.6128526645768025 0.07647058823529412 0.0877742946708464
11 0.9464705882352941 0.8040752351097179 0.06823529411764706 0.11912225705329153
11 0.9270588235294117 0.6716300940438872 0.05411764705882353 0.09404388714733543