8 0.2529129540781357 0.23345049794961922 0.18711446196024675 0.13884007029876977
7 0.45065113091158326 0.3104862331575864 0.0774503084304318 0.11482132396016403
7 0.31871144619602465 0.3989455184534271 0.16381082933516106 0.1060339777387229
7 0.03187114461960247 0.27709431751611013 0.06374228923920494 0.09724663151728179
8 0.7871830020562028 0.3101933216168717 0.06956819739547636 0.08875219683655536
8 0.6665524331734064 0.28002343292325715 0.053803975325565453 0.07996485061511424
7 0.5414667580534612 0.2551259519625073 0.045236463331048665 0.06473345049794962
9 0.7100753941055518 0.30052724077328646 0.07128169979437972 0.0843585237258348
1 0.3752570253598355 0.6669595782073814 0.07436600411240575 0.07557117750439367
1 0.36634681288553805 0.7355008787346221 0.06442769019876628 0.06531927357937903
1 0.4701850582590816 0.7674282366725249 0.03838245373543523 0.070298769771529
1 0.0181631254283756 0.8421206795547744 0.0363262508567512 0.07557117750439367
1 0.2083618917066484 0.4953134153485647 0.08259081562714188 0.031048623315758642
0 0.27518848526387935 0.528705330990041 0.11411925976696367 0.09783245459871119
0 0.29163810829335163 0.7106033977738723 0.06956819739547636 0.09783245459871119
0 0.32419465387251545 0.8034563561804335 0.07779300891021247 0.09607498535442296
0 0.3437285812200137 0.8919156414762741 0.11069225496915695 0.12888107791446984
0 0.4033584647018506 0.8137082601054482 0.0726525017135024 0.10134739308728764
0 0.18368745716244003 0.8840070298769771 0.09595613433858807 0.09431751611013474
0 0.2446881425633996 0.812829525483304 0.090815627141878 0.09783245459871119
0 0.05140507196710076 0.9071470415934387 0.06614119259766964 0.07205623901581722
0 0.07436600411240575 0.7519039250146455 0.07607950651130911 0.0840656121851201
0 0.13159698423577793 0.6660808435852372 0.067854694996573 0.07381370826010544
7 0.8958190541466758 0.7299355594610427 0.04249485949280329 0.04979496192149971
7 0.8135709389993147 0.8599882835383714 0.037011651816312545 0.043936731107205626
7 0.8355037697052776 0.9015817223198594 0.05140507196710076 0.07557117750439367
7 0.8385880740233036 0.9598711189220855 0.04420836189170665 0.05067369654364382
7 0.7590815627141878 0.9431751611013474 0.03906785469499657 0.0629759812536614
7 0.72960932145305 0.8163444639718805 0.04249485949280329 0.06707674282366725
7 0.6202878684030158 0.7981839484475688 0.05414667580534613 0.07850029291154072
7 0.7638793694311172 0.8380199179847686 0.0339273474982865 0.04862331575864089
7 0.768334475668266 0.7360867018160515 0.031185743660041124 0.045987111892208554
8 0.8615490061686086 0.5984182776801406 0.049006168608636054 0.0641476274165202
8 0.6850582590815627 0.5213825424721734 0.05140507196710076 0.05272407732864675
8 0.589787525702536 0.8743409490333919 0.03015764222069911 0.04305799648506151
8 0.5849897189856066 0.7987697715289982 0.02467443454420836 0.04686584651435267