8 0.697 0.240625 0.046 0.14625
8 0.1875 0.121875 0.12 0.115
8 0.09 0.24625 0.076 0.11125
9 0.5155 0.07375 0.107 0.1475
9 0.469 0.326875 0.074 0.11
9 0.3985 0.566875 0.079 0.04625
9 0.3645 0.028125 0.073 0.05625
9 0.356 0.3775 0.055 0.08875
9 0.044 0.135625 0.088 0.12625
0 0.1665 0.455 0.136 0.15625
0 0.9025 0.491875 0.093 0.09
0 0.9805 0.4775 0.039 0.11
7 0.779 0.55375 0.094 0.0725
7 0.9255 0.576875 0.129 0.02625
7 0.8415 0.35375 0.092 0.10625
8 0.283 0.784375 0.0685 0.066875
0 0.7805 0.835 0.075 0.08625
1 0.7805 0.985 0.043 0.03