8 0.4174382716049383 0.04739010989010989 0.07098765432098765 0.09478021978021978
8 0.3611111111111111 0.4217032967032967 0.08101851851851852 0.17307692307692307
8 0.3715277777777778 0.11881868131868131 0.09182098765432099 0.2032967032967033
1 0.6161265432098766 0.36538461538461536 0.04089506172839506 0.14148351648351648
4 0.7434413580246914 0.28365384615384615 0.032407407407407406 0.11950549450549451
1 0.46875 0.7369505494505495 0.1423611111111111 0.10782967032967034
1 0.2835648148148148 0.7122252747252747 0.05169753086419753 0.050824175824175824
1 0.27469135802469136 0.7637362637362637 0.04822530864197531 0.040521978021978024
1 0.2689043209876543 0.8131868131868132 0.04359567901234568 0.03983516483516483
1 0.15084876543209877 0.7884615384615384 0.08294753086419752 0.07554945054945054
1 0.14737654320987653 0.853021978021978 0.05941358024691358 0.04945054945054945
1 0.17862654320987653 0.9148351648351648 0.0783179012345679 0.05357142857142857
1 0.36844135802469136 0.867445054945055 0.09297839506172839 0.08791208791208792
1 0.4583333333333333 0.8035714285714286 0.07175925925925926 0.06868131868131869
1 0.33796296296296297 0.9038461538461539 0.13233024691358025 0.07074175824175824
1 0.26080246913580246 0.9436813186813187 0.058256172839506175 0.050824175824175824
1 0.2534722222222222 0.867445054945055 0.04359567901234568 0.036401098901098904
1 0.19907407407407407 0.8413461538461539 0.03587962962962963 0.03777472527472527
1 0.33757716049382713 0.7101648351648352 0.05285493827160494 0.04326923076923077
1 0.38387345679012347 0.7376373626373627 0.05594135802469136 0.05563186813186813
1 0.46412037037037035 0.9457417582417582 0.04050925925925926 0.03777472527472527
9 0.878858024691358 0.757554945054945 0.13695987654320987 0.1092032967032967
9 0.871141975308642 0.8523351648351648 0.12654320987654322 0.08653846153846154
9 0.9436728395061729 0.9320054945054945 0.061342592592592594 0.12706043956043955
9 0.6296296296296297 0.9443681318681318 0.06674382716049383 0.05563186813186813
2 0.7322530864197531 0.7987637362637363 0.09837962962962964 0.07760989010989011