5 0.5575916230366492 0.14166666666666666 0.06457242582897033 0.19074074074074074
5 0.3830715532286213 0.28888888888888886 0.11343804537521815 0.040740740740740744
5 0.5636998254799301 0.27314814814814814 0.05235602094240838 0.07222222222222222
5 0.4973821989528796 0.2712962962962963 0.07678883071553229 0.07592592592592592
2 0.7225130890052356 0.2712962962962963 0.10471204188481675 0.07592592592592592
2 0.6361256544502618 0.2814814814814815 0.0924956369982548 0.05555555555555555
9 0.6954624781849913 0.20277777777777778 0.11169284467713787 0.11851851851851852
4 0.38045375218150085 0.5370370370370371 0.09162303664921466 0.1175925925925926
4 0.26527050610820246 0.7064814814814815 0.0968586387434555 0.1361111111111111
4 0.1300174520069808 0.9018518518518519 0.08900523560209424 0.11388888888888889
4 0.16666666666666666 0.37777777777777777 0.08376963350785341 0.08518518518518518
4 0.3481675392670157 0.3648148148148148 0.0506108202443281 0.06666666666666667
4 0.4083769633507853 0.36666666666666664 0.053228621291448515 0.07314814814814814
4 0.19982547993019198 0.5185185185185185 0.07853403141361257 0.10740740740740741
9 0.9598603839441536 0.4962962962962963 0.08027923211169284 0.2222222222222222
9 0.9057591623036649 0.7027777777777777 0.18848167539267016 0.35
9 0.8324607329842932 0.48703703703703705 0.22338568935427575 0.24814814814814815
8 0.8184991273996509 0.8083333333333333 0.0924956369982548 0.10740740740740741