9 0.12196679438058748 0.3125 0.02362707535121328 0.0661764705882353
9 0.06704980842911877 0.24908088235294118 0.018518518518518517 0.078125
9 0.1641123882503193 0.04136029411764706 0.018518518518518517 0.06433823529411764
9 0.1685823754789272 0.24724264705882354 0.020434227330779056 0.10018382352941177
9 0.19157088122605365 0.2766544117647059 0.01277139208173691 0.04595588235294118
8 0.06513409961685823 0.3869485294117647 0.011494252873563218 0.03952205882352941
8 0.16219667943805874 0.12316176470588236 0.015964240102171137 0.043198529411764705
8 0.13729246487867178 0.07628676470588236 0.009578544061302681 0.043198529411764705
8 0.13729246487867178 0.022058823529411766 0.012132822477650063 0.043198529411764705
8 0.15389527458492977 0.25183823529411764 0.008301404853128991 0.04963235294117647
8 0.13154533844189017 0.3602941176470588 0.010217113665389528 0.03768382352941176
8 0.08684546615581099 0.09191176470588236 0.010855683269476373 0.0625
8 0.12388250319284802 0.10202205882352941 0.008301404853128991 0.03952205882352941
1 0.13984674329501914 0.25275735294117646 0.010855683269476373 0.04595588235294118
8 0.14303959131545338 0.18658088235294118 0.010855683269476373 0.03400735294117647
8 0.13856960408684546 0.29503676470588236 0.012132822477650063 0.035845588235294115
9 0.06449553001277139 0.17738970588235295 0.010855683269476373 0.03768382352941176
9 0.0970625798212005 0.16544117647058823 0.02554278416347382 0.08915441176470588
7 0.08301404853128991 0.44393382352941174 0.017241379310344827 0.07169117647058823
7 0.08684546615581099 0.37224264705882354 0.015964240102171137 0.04779411764705882
7 0.07790549169859515 0.18382352941176472 0.010855683269476373 0.043198529411764705
9 0.15644955300127714 0.4375 0.017879948914431672 0.04963235294117647
7 0.18582375478927204 0.30974264705882354 0.01532567049808429 0.03768382352941176
7 0.9259259259259259 0.13419117647058823 0.09770114942528736 0.05514705882352941
7 0.764367816091954 0.14154411764705882 0.09770114942528736 0.07352941176470588
7 0.34163473818646234 0.3786764705882353 0.08365261813537675 0.05974264705882353
7 0.44125159642401024 0.3180147058823529 0.06896551724137931 0.057904411764705885
7 0.7426564495530013 0.3492647058823529 0.08365261813537675 0.06893382352941177
7 0.5446998722860792 0.20404411764705882 0.09770114942528736 0.05330882352941176
8 0.39782886334610473 0.2619485294117647 0.09770114942528736 0.057904411764705885
7 0.10089399744572158 0.7527573529411765 0.06896551724137931 0.11213235294117647
7 0.0280970625798212 0.7637867647058824 0.0561941251596424 0.07904411764705882
7 0.08684546615581099 0.9420955882352942 0.05236270753512133 0.07536764705882353
7 0.719029374201788 0.7555147058823529 0.12579821200510855 0.15073529411764705