2 0.27136363636363636 0.15883190883190884 0.2972727272727273 0.3076923076923077
9 0.8313636363636364 0.1168091168091168 0.15818181818181817 0.09259259259259259
9 0.8427272727272728 0.21581196581196582 0.15181818181818182 0.0698005698005698
9 0.95 0.2841880341880342 0.053636363636363635 0.1274928774928775
9 0.5595454545454546 0.35826210826210825 0.07590909090909091 0.04843304843304843
2 0.6577272727272727 0.18732193732193733 0.1159090909090909 0.06552706552706553
3 0.33090909090909093 0.5462962962962963 0.17181818181818181 0.1574074074074074
3 0.15318181818181817 0.5064102564102564 0.07590909090909091 0.10113960113960115
3 0.2459090909090909 0.7186609686609686 0.07590909090909091 0.06908831908831908
3 0.3090909090909091 0.707977207977208 0.05181818181818182 0.0933048433048433
3 0.2540909090909091 0.7998575498575499 0.09 0.07977207977207977
3 0.1918181818181818 0.8411680911680912 0.0659090909090909 0.10113960113960115
3 0.3481818181818182 0.9423076923076923 0.12590909090909091 0.07478632478632478
3 0.195 0.9615384615384616 0.07590909090909091 0.07478632478632478
9 0.9454545454545454 0.8126780626780626 0.05454545454545454 0.09971509971509972
0 0.9040909090909091 0.5256410256410257 0.06 0.10541310541310542
0 0.935 0.4337606837606838 0.04181818181818182 0.07407407407407407
0 0.7636363636363637 0.9458689458689459 0.04090909090909091 0.06837606837606838
0 0.8709090909090909 0.8176638176638177 0.025454545454545455 0.06695156695156695
1 0.7845454545454545 0.5028490028490028 0.03 0.04131054131054131
6 0.7022727272727273 0.4458689458689459 0.034545454545454546 0.05982905982905983