8 0.2191358024691358 0.23351648351648352 0.048996913580246916 0.07623626373626374
8 0.40046296296296297 0.26304945054945056 0.03356481481481482 0.06868131868131869
8 0.10185185185185185 0.30357142857142855 0.03356481481481482 0.04807692307692308
8 0.11496913580246913 0.2657967032967033 0.03356481481481482 0.044642857142857144
8 0.41203703703703703 0.3475274725274725 0.032407407407407406 0.06593406593406594
9 0.35455246913580246 0.06868131868131869 0.055169753086419755 0.09409340659340659
9 0.46257716049382713 0.31524725274725274 0.06635802469135803 0.13598901098901098
9 0.3136574074074074 0.30494505494505497 0.05092592592592592 0.10645604395604395
0 0.3152006172839506 0.12225274725274725 0.048996913580246916 0.07760989010989011
0 0.2550154320987654 0.2657967032967033 0.044753086419753084 0.07211538461538461
0 0.032407407407407406 0.35027472527472525 0.062114197530864196 0.08241758241758242
0 0.20871913580246915 0.10714285714285714 0.048996913580246916 0.05837912087912088
0 0.09992283950617284 0.4251373626373626 0.03665123456790124 0.07005494505494506
0 0.3028549382716049 0.4340659340659341 0.027391975308641976 0.0521978021978022
0 0.36921296296296297 0.2438186813186813 0.03356481481481482 0.0673076923076923
6 0.785108024691358 0.14835164835164835 0.043209876543209874 0.08791208791208792
6 0.7364969135802469 0.057005494505494504 0.037037037037037035 0.06043956043956044
6 0.7183641975308642 0.17101648351648352 0.030864197530864196 0.046703296703296704
6 0.7002314814814815 0.12568681318681318 0.027777777777777776 0.05357142857142857
3 0.691358024691358 0.05357142857142857 0.05632716049382716 0.0782967032967033
3 0.6153549382716049 0.12225274725274725 0.0470679012345679 0.08653846153846154
8 0.03433641975308642 0.9656593406593407 0.06867283950617284 0.06868131868131869
8 0.05439814814814815 0.5913461538461539 0.0779320987654321 0.17032967032967034
8 0.02507716049382716 0.882554945054945 0.05015432098765432 0.19917582417582416
6 0.8665123456790124 0.7506868131868132 0.04938271604938271 0.07554945054945054
6 0.9050925925925926 0.7747252747252747 0.033179012345679014 0.061813186813186816
6 0.8537808641975309 0.6723901098901099 0.05709876543209876 0.08241758241758242
6 0.9008487654320988 0.6524725274725275 0.024691358024691357 0.04395604395604396
6 0.9309413580246914 0.6490384615384616 0.023148148148148147 0.054945054945054944
6 0.7191358024691358 0.5817307692307693 0.0787037037037037 0.12774725274725274
6 0.8260030864197531 0.5508241758241759 0.0625 0.10164835164835165
6 0.7827932098765432 0.6552197802197802 0.024691358024691357 0.04945054945054945
6 0.7619598765432098 0.5212912087912088 0.02700617283950617 0.042582417582417584