8 0.6719242902208202 0.41321499013806706 0.014195583596214511 0.07100591715976332
7 0.2386961093585699 0.1903353057199211 0.09411146161934805 0.08579881656804733
7 0.5010515247108307 0.2938856015779093 0.06677181913774974 0.07001972386587771
2 0.5247108307045215 0.1814595660749507 0.083596214511041 0.07297830374753451
0 0.48370136698212407 0.047337278106508875 0.0904311251314406 0.07199211045364892
0 0.4043112513144059 0.17061143984220908 0.138801261829653 0.09960552268244575
0 0.5793901156677181 0.22682445759368836 0.09568874868559411 0.07692307692307693
0 0.5883280757097792 0.28007889546351084 0.07308096740273397 0.048323471400394474
0 0.4116719242902208 0.28994082840236685 0.052576235541535225 0.05818540433925049
6 0.13617245005257625 0.1854043392504931 0.03943217665615142 0.04437869822485207
11 0.046267087276550996 0.16272189349112426 0.06414300736067298 0.0650887573964497
1 0.8412197686645636 0.2702169625246548 0.07570977917981073 0.15384615384615385
1 0.9248159831756047 0.15384615384615385 0.056782334384858045 0.08284023668639054
1 0.8753943217665615 0.23767258382642997 0.06203995793901157 0.11045364891518737
1 0.7455310199789695 0.3214990138067061 0.05993690851735016 0.10453648915187377
1 0.8427970557308097 0.14398422090729784 0.056782334384858045 0.08284023668639054
1 0.7970557308096741 0.1755424063116371 0.054679284963196635 0.1203155818540434
11 0.20715036803364878 0.9704142011834319 0.1498422712933754 0.05917159763313609
11 0.20504731861198738 0.8214990138067061 0.21188222923238695 0.13214990138067062
11 0.23396424815983174 0.6755424063116371 0.22502628811777076 0.10157790927021697
11 0.37276550998948477 0.7317554240631163 0.18980021030494218 0.09664694280078895
11 0.41219768664563616 0.8303747534516766 0.15457413249211358 0.11045364891518737
11 0.5578338590956887 0.9142011834319527 0.1456361724500526 0.08284023668639054
7 0.5536277602523659 0.8214990138067061 0.1366982124079916 0.08777120315581854
10 0.7350157728706624 0.7899408284023669 0.11146161934805468 0.42011834319526625