11 0.262890625 0.34466588511137164 0.051171875 0.1052168815943728
11 0.186328125 0.4211606096131301 0.035546875 0.0764947245017585
11 0.4390625 0.30392731535756157 0.057421875 0.14830011723329425
11 0.061328125 0.3303048065650645 0.046875 0.11723329425556858
11 0.4015625 0.5814771395076201 0.0375 0.09613130128956623
11 0.05703125 0.06213364595545135 0.0359375 0.1242672919109027
4 0.580078125 0.4563305978898007 0.026953125 0.035169988276670575
4 0.9265625 0.23563892145369286 0.051171875 0.04865181711606096
4 0.809765625 0.37250879249706914 0.05703125 0.05246189917936694
4 0.922265625 0.16412661195779601 0.061328125 0.08294255568581477
4 0.75703125 0.2813599062133646 0.0328125 0.058323563892145366
4 0.743359375 0.34114888628370454 0.048046875 0.05627198124267292
4 0.86796875 0.30041031652989447 0.04453125 0.03898007033997655
4 0.88359375 0.3308909730363423 0.037890625 0.035169988276670575
5 0.9015625 0.3830597889800703 0.073828125 0.0914419695193435
2 0.86328125 0.23944900351699883 0.04375 0.06770222743259086
3 0.08203125 0.8232708089097304 0.1640625 0.16354044548651817
3 0.174609375 0.9566236811254396 0.15234375 0.08675263774912075
3 0.033984375 0.9580890973036342 0.06796875 0.08382180539273154
8 0.784375 0.940504103165299 0.044921875 0.037221570926143026
8 0.684765625 0.6884525205158265 0.0328125 0.03311840562719812
8 0.80078125 0.6852286049237983 0.030859375 0.01611957796014068
9 0.837109375 0.6987104337631888 0.04375 0.04572098475967175
9 0.79921875 0.6570926143024619 0.040625 0.0246189917936694
7 0.625390625 0.8241500586166471 0.0328125 0.03399765533411489
7 0.653125 0.8634232121922626 0.03671875 0.026963657678780773
7 0.67734375 0.8100820633059789 0.016796875 0.025498241500586168
7 0.61484375 0.7485345838218054 0.0546875 0.04572098475967175
7 0.6921875 0.8303048065650644 0.02578125 0.023153575615474795