8 0.5 0.045 0.0625 0.09
8 0.244375 0.088125 0.0975 0.0975
9 0.223125 0.375625 0.13625 0.04875
9 0.40125 0.36125 0.0925 0.0775
1 0.791875 0.33875 0.055 0.06375
1 0.715625 0.25 0.048125 0.065625
1 0.77 0.219375 0.044375 0.069375
1 0.859375 0.180625 0.0675 0.05
1 0.8275 0.11625 0.044375 0.026875
1 0.89875 0.016875 0.06375 0.03375
1 0.743125 0.099375 0.04625 0.085625
1 0.686875 0.03 0.048125 0.03375
9 0.374375 0.736875 0.05625 0.075
2 0.1825 0.76 0.03875 0.07
2 0.30625 0.676875 0.03875 0.08
2 0.090625 0.895 0.028125 0.048125
2 0.23 0.883125 0.029375 0.09
8 0.381875 0.835 0.043125 0.051875
1 0.784375 0.634375 0.03375 0.081875
6 0.74375 0.810625 0.025625 0.04125
6 0.79 0.903125 0.021875 0.055625
6 0.73 0.720625 0.01875 0.07
1 0.798125 0.731875 0.038125 0.09125
1 0.8275 0.700625 0.033125 0.085625
1 0.83 0.80375 0.03375 0.1125
1 0.8675 0.608125 0.03875 0.0975
1 0.824375 0.613125 0.05 0.100625
1 0.846875 0.516875 0.05375 0.0975
1 0.86375 0.700625 0.043125 0.09625
1 0.819375 0.915625 0.039375 0.09625
1 0.898125 0.585625 0.03125 0.083125
1 0.745 0.633125 0.0425 0.09625
1 0.76 0.739375 0.03375 0.084375
1 0.78625 0.83 0.050625 0.095
1 0.74375 0.92375 0.05 0.13625
1 0.860625 0.914375 0.044375 0.11
1 0.87125 0.79875 0.049375 0.100625
1 0.903125 0.680625 0.0325 0.105625