8 0.2560790273556231 0.3256513026052104 0.0790273556231003 0.11022044088176353
8 0.014437689969604863 0.20440881763527055 0.028875379939209727 0.09619238476953908
9 0.1474164133738602 0.03807615230460922 0.0911854103343465 0.07615230460921844
9 0.0972644376899696 0.32965931863727455 0.08814589665653495 0.15030060120240482
0 0.1762917933130699 0.10821643286573146 0.08054711246200608 0.11222444889779559
0 0.19300911854103345 0.3336673346693387 0.07446808510638298 0.10420841683366733
0 0.30851063829787234 0.18036072144288579 0.0425531914893617 0.08817635270541083
0 0.04939209726443769 0.20841683366733466 0.057750759878419454 0.09418837675350701
5 0.560790273556231 0.16132264529058116 0.46200607902735563 0.3226452905811623
5 0.5737082066869301 0.3456913827655311 0.20516717325227962 0.20641282565130262
5 0.7575987841945289 0.22745490981963928 0.0790273556231003 0.14829659318637275
5 0.8685410334346505 0.36172344689378755 0.25987841945288753 0.1743486973947896
5 0.8943768996960486 0.0531062124248497 0.21124620060790272 0.1062124248496994
7 0.12310030395136778 0.7224448897795591 0.06231003039513678 0.1743486973947896
7 0.5752279635258358 0.7394789579158316 0.08814589665653495 0.11022044088176353
7 0.7196048632218845 0.593186372745491 0.10638297872340426 0.1462925851703407
7 0.4369300911854103 0.8517034068136272 0.0790273556231003 0.11222444889779559
7 0.364741641337386 0.8807615230460922 0.05319148936170213 0.0781563126252505
7 0.5311550151975684 0.624248496993988 0.06534954407294832 0.08817635270541083
7 0.53419452887538 0.5480961923847696 0.06990881458966565 0.08817635270541083
7 0.7545592705167173 0.906813627254509 0.05319148936170213 0.07014028056112225
7 0.7104863221884499 0.8577154308617234 0.060790273556231005 0.11422845691382766
11 0.6352583586626139 0.49899799599198397 0.0486322188449848 0.056112224448897796
11 0.7682370820668692 0.6743486973947895 0.060790273556231005 0.06813627254509018
11 0.8077507598784195 0.8416833667334669 0.05319148936170213 0.06212424849699399
11 0.790273556231003 0.9799599198396793 0.06990881458966565 0.04008016032064128
11 0.7697568389057751 0.781563126252505 0.05319148936170213 0.06412825651302605
11 0.9050151975683891 0.6823647294589178 0.0668693009118541 0.08216432865731463
11 0.3958966565349544 0.7014028056112225 0.060790273556231005 0.07615230460921844
11 0.6557750759878419 0.6513026052104208 0.05167173252279635 0.06012024048096192
11 0.6534954407294833 0.7885771543086172 0.057750759878419454 0.06412825651302605
11 0.85790273556231 0.9729458917835672 0.04711246200607903 0.05410821643286573