9 0.3822463768115942 0.25121163166397414 0.07306763285024155 0.04765751211631664
9 0.21678743961352656 0.1752827140549273 0.05434782608695652 0.05977382875605816
9 0.5519323671497585 0.05411954765751212 0.05615942028985507 0.04765751211631664
9 0.538647342995169 0.22051696284329564 0.059178743961352656 0.07673667205169628
9 0.607487922705314 0.2552504038772213 0.0392512077294686 0.033925686591276254
8 0.19142512077294685 0.284329563812601 0.035628019323671496 0.030694668820678513
8 0.535024154589372 0.11873990306946688 0.04891304347826087 0.03231017770597738
8 0.4643719806763285 0.06946688206785137 0.028985507246376812 0.033925686591276254
8 0.47282608695652173 0.022617124394184167 0.035628019323671496 0.04119547657512116
8 0.49094202898550726 0.21809369951534732 0.02355072463768116 0.03877221324717286
8 0.40458937198067635 0.2940226171243942 0.030193236714975844 0.029079159935379646
8 0.3007246376811594 0.05896607431340872 0.030193236714975844 0.049273021001615507
8 0.4172705314009662 0.08481421647819062 0.025362318840579712 0.029079159935379646
1 0.44565217391304346 0.21243941841680128 0.030193236714975844 0.035541195476575124
8 0.4667874396135266 0.16074313408723748 0.033816425120772944 0.025848142164781908
8 0.43780193236714976 0.2455573505654281 0.03743961352657005 0.027463651050080775
9 0.21859903381642512 0.11712439418416801 0.033816425120772944 0.029079159935379646
9 0.32367149758454106 0.12197092084006463 0.07427536231884058 0.06623586429725363
7 0.23973429951690822 0.34491114701130854 0.04891304347826087 0.06623586429725363
7 0.2608695652173913 0.2835218093699515 0.04891304347826087 0.035541195476575124
7 0.2602657004830918 0.1284329563812601 0.0320048309178744 0.033925686591276254
9 0.47282608695652173 0.3667205169628433 0.05615942028985507 0.035541195476575124
7 0.5833333333333334 0.27948303715670436 0.04770531400966183 0.027463651050080775
1 0.9504830917874396 0.015347334410339256 0.06521739130434782 0.030694668820678513
1 0.9861111111111112 0.23667205169628433 0.027777777777777776 0.1147011308562197
1 0.9456521739130435 0.10016155088852989 0.06642512077294686 0.12439418416801293
5 0.4861111111111111 0.877221324717286 0.49818840579710144 0.16882067851373184
5 0.39855072463768115 0.7116316639741519 0.19021739130434784 0.07754442649434572
5 0.6666666666666666 0.7180936995153473 0.26570048309178745 0.10339256865912763
5 0.5368357487922706 0.6462035541195477 0.29891304347826086 0.08966074313408724
5 0.26570048309178745 0.592891760904685 0.25483091787439616 0.07269789983844911
5 0.0640096618357488 0.747172859450727 0.1280193236714976 0.05977382875605816
5 0.36533816425120774 0.44507269789983844 0.08393719806763285 0.10177705977382875
5 0.4329710144927536 0.5161550888529887 0.20350241545893719 0.08481421647819062
5 0.4861111111111111 0.5718901453957996 0.1570048309178744 0.07592891760904685
5 0.2028985507246377 0.6793214862681745 0.1570048309178744 0.05250403877221325
11 0.8254830917874396 0.6082390953150242 0.051932367149758456 0.0630048465266559
11 0.8429951690821256 0.5274636510500808 0.06521739130434782 0.06623586429725363