1 0.15227272727272728 0.07336182336182336 0.06954545454545455 0.029914529914529916
1 0.14227272727272727 0.10541310541310542 0.06 0.026353276353276354
1 0.01818181818181818 0.10612535612535613 0.03272727272727273 0.03276353276353276
1 0.4954545454545455 0.20441595441595442 0.06 0.03205128205128205
1 0.3836363636363636 0.009971509971509971 0.08181818181818182 0.019943019943019943
0 0.29954545454545456 0.020655270655270654 0.10818181818181818 0.04131054131054131
0 0.2290909090909091 0.1047008547008547 0.05272727272727273 0.04415954415954416
0 0.1668181818181818 0.14316239316239315 0.06545454545454546 0.04202279202279202
0 0.12045454545454545 0.18091168091168092 0.09681818181818182 0.054843304843304845
0 0.08045454545454546 0.13675213675213677 0.056363636363636366 0.045584045584045586
0 0.2927272727272727 0.19943019943019943 0.09136363636363637 0.03774928774928775
0 0.24818181818181817 0.1581196581196581 0.08409090909090909 0.03917378917378917
0 0.4259090909090909 0.22792022792022792 0.06 0.029914529914529916
0 0.44681818181818184 0.15313390313390313 0.06954545454545455 0.0349002849002849
0 0.4113636363636364 0.10612535612535613 0.06181818181818182 0.030626780626780627
9 0.725 0.10897435897435898 0.029545454545454545 0.030626780626780627
9 0.6931818181818182 0.14173789173789172 0.030454545454545453 0.03418803418803419
9 0.7331818181818182 0.046296296296296294 0.04727272727272727 0.03205128205128205
9 0.7254545454545455 0.14886039886039887 0.030454545454545453 0.04131054131054131
8 0.7545454545454545 0.2222222222222222 0.03272727272727273 0.0292022792022792
8 0.855909090909091 0.21082621082621084 0.017727272727272727 0.019230769230769232
8 0.7618181818181818 0.16880341880341881 0.03272727272727273 0.024216524216524215
8 0.7886363636363637 0.23148148148148148 0.02090909090909091 0.021367521367521368
8 0.8040909090909091 0.099002849002849 0.02727272727272727 0.024216524216524215
1 0.21681818181818183 0.3603988603988604 0.10909090909090909 0.1745014245014245
1 0.26045454545454544 0.5170940170940171 0.09818181818181818 0.08831908831908832
1 0.3 0.6217948717948718 0.14454545454545453 0.09757834757834757
1 0.30818181818181817 0.8240740740740741 0.06 0.05626780626780627
1 0.35045454545454546 0.9230769230769231 0.06 0.07407407407407407
2 0.8645454545454545 0.6787749287749287 0.27090909090909093 0.34615384615384615