8 0.29411764705882354 0.03761755485893417 0.08941176470588236 0.07523510971786834
7 0.44176470588235295 0.3730407523510972 0.05529411764705883 0.09090909090909091
9 0.3164705882352941 0.28213166144200624 0.052941176470588235 0.09717868338557993
8 0.3729411764705882 0.195141065830721 0.06705882352941177 0.08463949843260188
8 0.13 0.13087774294670845 0.05764705882352941 0.07993730407523511
7 0.7911764705882353 0.15517241379310345 0.07058823529411765 0.07993730407523511
7 0.6688235294117647 0.21630094043887146 0.0611764705882353 0.05642633228840126
11 0.5923529411764706 0.3957680250783699 0.08823529411764706 0.045454545454545456
11 0.6723529411764706 0.39106583072100315 0.05058823529411765 0.054858934169279
11 0.6735294117647059 0.29858934169278994 0.02823529411764706 0.04075235109717868
11 0.6405882352941177 0.31426332288401254 0.041176470588235294 0.05799373040752351
11 0.5070588235294118 0.10658307210031348 0.036470588235294116 0.07366771159874608
11 0.6617647058823529 0.13166144200626959 0.04823529411764706 0.034482758620689655
11 0.7005882352941176 0.12225705329153605 0.036470588235294116 0.03761755485893417
11 0.64 0.0384012539184953 0.03882352941176471 0.047021943573667714
11 0.5258823529411765 0.30407523510971785 0.03176470588235294 0.047021943573667714
11 0.5623529411764706 0.2656739811912226 0.01647058823529412 0.03918495297805643
11 0.7082352941176471 0.3605015673981191 0.03058823529411765 0.047021943573667714
11 0.7070588235294117 0.2782131661442006 0.03294117647058824 0.06269592476489028
11 0.8494117647058823 0.06347962382445141 0.03058823529411765 0.047021943573667714
11 0.7470588235294118 0.02821316614420063 0.02 0.029780564263322883
11 0.7605882352941177 0.01018808777429467 0.02 0.02037617554858934
11 0.5676470588235294 0.17633228840125392 0.03529411764705882 0.047021943573667714
8 0.9041176470588236 0.3299373040752351 0.047058823529411764 0.07053291536050156
11 0.5676470588235294 0.014106583072100314 0.029411764705882353 0.02821316614420063
11 0.6970588235294117 0.07915360501567398 0.023529411764705882 0.032915360501567396
11 0.6205882352941177 0.017241379310344827 0.029411764705882353 0.034482758620689655
11 0.6188235294117647 0.10893416927899686 0.02823529411764706 0.03761755485893417
11 0.778235294117647 0.4067398119122257 0.04352941176470588 0.023510971786833857
11 0.7570588235294118 0.3385579937304075 0.023529411764705882 0.03761755485893417
7 0.24176470588235294 0.908307210031348 0.08 0.11128526645768025
7 0.4 0.6355799373040752 0.05411764705882353 0.09090909090909091
2 0.4535294117647059 0.7570532915360502 0.03176470588235294 0.09404388714733543
0 0.38235294117647056 0.8385579937304075 0.12 0.1238244514106583
0 0.4611764705882353 0.6724137931034483 0.01647058823529412 0.09717868338557993
0 0.45647058823529413 0.603448275862069 0.02588235294117647 0.05956112852664577
0 0.3305882352941176 0.6912225705329154 0.042352941176470586 0.07836990595611286
6 0.16176470588235295 0.9710031347962382 0.03176470588235294 0.05799373040752351
7 0.88 0.8706896551724138 0.0988235294117647 0.13244514106583072
7 0.5464705882352942 0.7484326018808778 0.04823529411764706 0.14106583072100312
8 0.6529411764705882 0.6935736677115988 0.07294117647058823 0.15517241379310345