8 0.06635802469135803 0.18875 0.05246913580246913 0.15
8 0.42901234567901236 0.460625 0.08179012345679013 0.12375
9 0.18016975308641975 0.42625 0.08950617283950617 0.19125
9 0.25578703703703703 0.1775 0.06095679012345679 0.11375
9 0.28665123456790126 0.503125 0.05941358024691358 0.07375
9 0.3479938271604938 0.1625 0.04552469135802469 0.0925
0 0.45794753086419754 0.14375 0.023919753086419752 0.165
8 0.7584876543209876 0.034375 0.04552469135802469 0.0575
8 0.5231481481481481 0.43375 0.037037037037037035 0.0625
11 0.6959876543209876 0.148125 0.034722222222222224 0.06125
11 0.5582561728395061 0.39125 0.02700617283950617 0.04375
11 0.6053240740740741 0.313125 0.030864197530864196 0.04125
11 0.6111111111111112 0.149375 0.033179012345679014 0.0675
11 0.7048611111111112 0.004375 0.033179012345679014 0.00875
7 0.7060185185185185 0.055625 0.05092592592592592 0.07625
7 0.6226851851851852 0.02125 0.047839506172839504 0.0425
8 0.2820216049382716 0.649375 0.05632716049382716 0.065625
8 0.19637345679012347 0.595 0.03973765432098766 0.045
8 0.2789351851851852 0.789375 0.03742283950617284 0.043125
8 0.11188271604938271 0.79125 0.03973765432098766 0.049375
8 0.37808641975308643 0.856875 0.04398148148148148 0.07125
4 0.060570987654320986 0.681875 0.05864197530864197 0.0575
4 0.2337962962962963 0.940625 0.05015432098765432 0.03875
4 0.27044753086419754 0.86125 0.05439814814814815 0.055
4 0.408179012345679 0.723125 0.04822530864197531 0.07375
9 0.02816358024691358 0.865 0.05632716049382716 0.069375
8 0.7449845679012346 0.815625 0.0779320987654321 0.155
8 0.7928240740740741 0.590625 0.08873456790123457 0.10125