1 0.4917534722222222 0.2569444444444444 0.0697337962962963 0.05343364197530864
8 0.21166087962962962 0.1736111111111111 0.04600694444444445 0.038580246913580245
8 0.40422453703703703 0.28260030864197533 0.0943287037037037 0.04301697530864197
11 0.3958333333333333 0.2191358024691358 0.14351851851851852 0.06462191358024691
11 0.45023148148148145 0.12905092592592593 0.0546875 0.030864197530864196
11 0.3645833333333333 0.1597222222222222 0.09910300925925926 0.05787037037037037
11 0.5658275462962963 0.16550925925925927 0.07219328703703703 0.06732253086419752
7 0.7783564814814815 0.31558641975308643 0.04976851851851852 0.06828703703703703
11 0.8182870370370371 0.10706018518518519 0.027488425925925927 0.06558641975308642
11 0.7333622685185185 0.4496527777777778 0.04296875 0.06925154320987655
11 0.9186921296296297 0.22260802469135801 0.030237268518518517 0.05401234567901234
11 0.9697627314814815 0.35262345679012347 0.028211805555555556 0.055748456790123455
9 0.3637152777777778 0.5650077160493827 0.10358796296296297 0.06462191358024691
9 0.08998842592592593 0.6442901234567902 0.07624421296296297 0.06616512345679013
9 0.5807291666666666 0.6880787037037037 0.07045717592592593 0.10146604938271606
9 0.27271412037037035 0.8256172839506173 0.0546875 0.05227623456790124
8 0.4956597222222222 0.5497685185185185 0.060619212962962965 0.03993055555555555
8 0.3470775462962963 0.6149691358024691 0.08015046296296297 0.04456018518518518
8 0.11530671296296297 0.7079475308641975 0.0625 0.05073302469135803
11 0.41550925925925924 0.7939814814814815 0.08405671296296297 0.09683641975308642
7 0.3109085648148148 0.9400077160493827 0.05859375 0.05381944444444445
7 0.5895543981481481 0.7872299382716049 0.05859375 0.05536265432098766
11 0.13194444444444445 0.7849151234567902 0.10749421296296297 0.061535493827160496