9 0.40234375 0.24861111111111112 0.0484375 0.08611111111111111
9 0.07109375 0.22037037037037038 0.0625 0.05740740740740741
8 0.513671875 0.11666666666666667 0.03203125 0.05185185185185185
8 0.116015625 0.15138888888888888 0.02890625 0.03981481481481482
8 0.1828125 0.21944444444444444 0.034375 0.05
1 0.356640625 0.06898148148148148 0.02109375 0.03425925925925926
1 0.309375 0.025925925925925925 0.0203125 0.03333333333333333
1 0.225390625 0.04490740740740741 0.01640625 0.026851851851851852
9 0.9265625 0.044444444444444446 0.084375 0.08888888888888889
2 0.723046875 0.325 0.09140625 0.14629629629629629
8 0.78359375 0.38564814814814813 0.040625 0.028703703703703703
0 0.9296875 0.38055555555555554 0.0609375 0.03888888888888889
9 0.110546875 0.4638888888888889 0.075 0.10185185185185185
5 0.115625 0.5893518518518519 0.090625 0.11296296296296296
5 0.273046875 0.5296296296296297 0.043359375 0.08842592592592592
5 0.1671875 0.4875 0.03515625 0.07361111111111111
5 0.205859375 0.5319444444444444 0.03046875 0.05416666666666667
9 0.953515625 0.7712962962962963 0.09296875 0.13703703703703704
9 0.70234375 0.5324074074074074 0.0515625 0.08888888888888889
9 0.60234375 0.8300925925925926 0.0515625 0.05462962962962963
8 0.77890625 0.9486111111111111 0.0484375 0.05462962962962963
0 0.659765625 0.4305555555555556 0.09765625 0.06111111111111111
5 0.765625 0.6796296296296296 0.028125 0.07777777777777778
5 0.822265625 0.7726851851851851 0.03515625 0.06388888888888888