11 0.20419161676646708 0.20678513731825526 0.05029940119760479 0.08319870759289176
11 0.24850299401197604 0.10258481421647819 0.03473053892215569 0.06058158319870759
11 0.07664670658682635 0.364297253634895 0.0592814371257485 0.11308562197092084
11 0.36227544910179643 0.062197092084006464 0.04790419161676647 0.08966074313408724
11 0.05029940119760479 0.16155088852988692 0.04131736526946108 0.0912762520193861
11 0.4149700598802395 0.22294022617124395 0.040119760479041915 0.09612277867528271
11 0.8047904191616766 0.027463651050080775 0.12694610778443113 0.05492730210016155
11 0.8269461077844311 0.1777059773828756 0.18562874251497005 0.13974151857835218
11 0.8197604790419162 0.327140549273021 0.18922155688622755 0.10823909531502424
11 0.6982035928143713 0.2754442649434572 0.1598802395209581 0.10177705977382875
11 0.6544910179640718 0.1777059773828756 0.1347305389221557 0.11550888529886914
11 0.5269461077844312 0.09773828756058159 0.12754491017964073 0.08723747980613894
7 0.5395209580838324 0.19063004846526657 0.12035928143712575 0.09208400646203554
7 0.04790419161676647 0.6534733441033925 0.09580838323353294 0.1631663974151858
9 0.5203592814371257 0.7504038772213247 0.118562874251497 0.1260096930533118
7 0.6059880239520958 0.882875605815832 0.1029940119760479 0.13408723747980614
7 0.5544910179640719 0.47415185783521807 0.1317365269461078 0.0888529886914378
7 0.6317365269461078 0.5476575121163166 0.06107784431137724 0.07592891760904685
11 0.5610778443113772 0.6615508885298869 0.05389221556886228 0.07108239095315025
11 0.8011976047904191 0.8554119547657512 0.05389221556886228 0.08562197092084006
11 0.6850299401197605 0.8360258481421647 0.06706586826347305 0.09693053311793215
11 0.6317365269461078 0.6817447495961227 0.08023952095808383 0.10016155088852989
11 0.9269461077844311 0.7512116316639742 0.0658682634730539 0.08239095315024232
11 0.9203592814371258 0.6663974151857835 0.07544910179640718 0.0888529886914378
11 0.8173652694610778 0.617124394184168 0.0718562874251497 0.1098546042003231
8 0.4544910179640719 0.72859450726979 0.029940119760479042 0.09369951534733441