8 0.38348765432098764 0.36744505494505497 0.07253086419753087 0.16895604395604397
8 0.7804783950617284 0.4182692307692308 0.024691358024691357 0.054945054945054944
8 0.7631172839506173 0.2657967032967033 0.027777777777777776 0.07005494505494506
9 0.8580246913580247 0.2774725274725275 0.036265432098765434 0.12362637362637363
7 0.8626543209876543 0.15796703296703296 0.022376543209876542 0.046703296703296704
7 0.6087962962962963 0.3489010989010989 0.03935185185185185 0.050824175824175824
7 0.9633487654320988 0.47870879120879123 0.02546296296296296 0.042582417582417584
7 0.9556327160493827 0.3482142857142857 0.018518518518518517 0.05631868131868132
7 0.9351851851851852 0.18063186813186813 0.03009259259259259 0.08516483516483517
7 0.1261574074074074 0.6023351648351648 0.05246913580246913 0.07005494505494506
7 0.1875 0.5467032967032966 0.043209876543209874 0.0782967032967033
7 0.17631172839506173 0.7218406593406593 0.032407407407407406 0.06318681318681318
7 0.05594135802469136 0.6222527472527473 0.046296296296296294 0.07005494505494506
7 0.3422067901234568 0.6744505494505495 0.038580246913580245 0.07967032967032966
11 0.3630401234567901 0.989010989010989 0.031635802469135804 0.02197802197802198
11 0.35185185185185186 0.9203296703296703 0.02546296296296296 0.04807692307692308
11 0.2507716049382716 0.5048076923076923 0.046296296296296294 0.009615384615384616
11 0.16203703703703703 0.9752747252747253 0.027777777777777776 0.04945054945054945
4 0.7160493827160493 0.7554945054945055 0.08024691358024691 0.10370879120879122