2 0.37863636363636366 0.16168091168091167 0.3427272727272727 0.32336182336182334
1 0.7963636363636364 0.08262108262108261 0.05272727272727273 0.05911680911680912
1 0.6445454545454545 0.2022792022792023 0.09454545454545454 0.14886039886039887
1 0.8263636363636364 0.11324786324786325 0.065 0.06695156695156695
1 0.7895454545454546 0.1396011396011396 0.03681818181818182 0.04487179487179487
1 0.8281818181818181 0.18732193732193733 0.022272727272727274 0.0292022792022792
1 0.8481818181818181 0.22792022792022792 0.057727272727272724 0.057692307692307696
1 0.865 0.17094017094017094 0.060909090909090906 0.06481481481481481
1 0.8209090909090909 0.1517094017094017 0.053636363636363635 0.06196581196581197
1 0.7513636363636363 0.1267806267806268 0.06318181818181819 0.07905982905982906
1 0.6977272727272728 0.14031339031339032 0.06409090909090909 0.07478632478632478
1 0.8968181818181818 0.23646723646723647 0.053636363636363635 0.0633903133903134
9 0.2727272727272727 0.6830484330484331 0.29454545454545455 0.4843304843304843
11 0.3390909090909091 0.3831908831908832 0.04727272727272727 0.02849002849002849
11 0.33045454545454545 0.43447293447293445 0.060909090909090906 0.09971509971509972
11 0.5768181818181818 0.4423076923076923 0.026363636363636363 0.10398860398860399
7 0.3940909090909091 0.8938746438746439 0.05909090909090909 0.11538461538461539
11 0.975909090909091 0.6801994301994302 0.04818181818181818 0.08404558404558404
11 0.9936363636363637 0.7272079772079773 0.012727272727272728 0.0641025641025641
11 0.7818181818181819 0.8596866096866097 0.07181818181818182 0.07977207977207977
11 0.8495454545454545 0.8212250712250713 0.045454545454545456 0.07977207977207977
11 0.7831818181818182 0.5413105413105413 0.035454545454545454 0.05982905982905983
11 0.6663636363636364 0.8888888888888888 0.031818181818181815 0.05128205128205128
11 0.6772727272727272 0.9337606837606838 0.03272727272727273 0.06552706552706553
11 0.9790909090909091 0.8205128205128205 0.04181818181818182 0.11396011396011396
8 0.6454545454545455 0.6431623931623932 0.03090909090909091 0.05270655270655271
8 0.825 0.7464387464387464 0.03909090909090909 0.05982905982905983
8 0.9040909090909091 0.5242165242165242 0.04181818181818182 0.06125356125356125
8 0.77 0.6844729344729344 0.04363636363636364 0.0754985754985755
0 0.8495454545454545 0.5847578347578347 0.06727272727272728 0.0811965811965812
7 0.8954545454545455 0.792022792022792 0.042727272727272725 0.06837606837606838