4 0.26125 0.24754299754299755 0.064375 0.11486486486486487
11 0.9725 0.6105651105651105 0.055 0.036855036855036855
11 0.89625 0.5356265356265356 0.09125 0.09336609336609336
11 0.62625 0.39434889434889436 0.0725 0.0687960687960688
1 0.778125 0.05958230958230958 0.07125 0.05896805896805897
2 0.300625 0.7002457002457002 0.10875 0.10565110565110565
2 0.144375 0.652948402948403 0.06875 0.04791154791154791
9 0.32 0.9742014742014742 0.065 0.051597051597051594
9 0.2175 0.8187960687960688 0.07375 0.09213759213759214
11 0.971875 0.9588452088452089 0.05625 0.08230958230958231
11 0.885625 0.8814496314496314 0.05 0.038083538083538086