1 0.43020833333333336 0.3812316715542522 0.07708333333333334 0.07624633431085044
1 0.44583333333333336 0.2785923753665689 0.06666666666666667 0.09090909090909091
1 0.5854166666666667 0.2844574780058651 0.029166666666666667 0.11730205278592376
0 0.34791666666666665 0.27712609970674484 0.058333333333333334 0.15835777126099707
0 0.42083333333333334 0.1436950146627566 0.07083333333333333 0.1466275659824047
0 0.47604166666666664 0.05278592375366569 0.10625 0.10557184750733138
0 0.5197916666666667 0.17008797653958943 0.0625 0.16129032258064516
0 0.32916666666666666 0.08504398826979472 0.09375 0.1378299120234604
0 0.10208333333333333 0.09090909090909091 0.07708333333333334 0.12023460410557185
0 0.13854166666666667 0.2624633431085044 0.06875 0.10557184750733138
11 0.7979166666666667 0.3093841642228739 0.05625 0.06451612903225806
11 0.828125 0.26099706744868034 0.041666666666666664 0.093841642228739
11 0.7333333333333333 0.3181818181818182 0.04375 0.06744868035190615
11 0.6541666666666667 0.34310850439882695 0.04583333333333333 0.06158357771260997
11 0.6822916666666666 0.23607038123167157 0.03125 0.08797653958944282
7 0.71875 0.01906158357771261 0.06666666666666667 0.03812316715542522
0 0.6260416666666667 0.23313782991202345 0.04791666666666667 0.10557184750733138
0 0.7354166666666667 0.18181818181818182 0.0625 0.06158357771260997
11 0.31666666666666665 0.6041055718475073 0.09791666666666667 0.12023460410557185
11 0.16979166666666667 0.49560117302052786 0.06666666666666667 0.08797653958944282
4 0.796875 0.717008797653959 0.052083333333333336 0.11436950146627566