8 0.5970588235294118 0.12617554858934169 0.06470588235294118 0.10188087774294671
7 0.5194117647058824 0.3495297805642633 0.08235294117647059 0.13166144200626959
7 0.4435294117647059 0.3510971786833856 0.07764705882352942 0.11912225705329153
9 0.3564705882352941 0.17946708463949843 0.05647058823529412 0.0987460815047022
9 0.22470588235294117 0.3667711598746082 0.06352941176470588 0.10188087774294671
9 0.46 0.5572100313479624 0.06235294117647059 0.08934169278996865
9 0.31 0.6018808777429467 0.09058823529411765 0.12695924764890282
8 0.43588235294117644 0.13479623824451412 0.06941176470588235 0.0877742946708464
8 0.5147058823529411 0.35893416927899685 0.07294117647058823 0.10031347962382445
9 0.7970588235294118 0.1700626959247649 0.03411764705882353 0.0877742946708464
9 0.8347058823529412 0.36363636363636365 0.02235294117647059 0.06896551724137931
8 0.8464705882352941 0.14106583072100312 0.021176470588235293 0.05721003134796238
8 0.8223529411764706 0.045454545454545456 0.014705882352941176 0.04467084639498432
8 0.8011764705882353 0.0384012539184953 0.01764705882352941 0.050940438871473356
7 0.7929411764705883 0.4036050156739812 0.02823529411764706 0.055642633228840124
7 0.8005882352941176 0.2656739811912226 0.013529411764705882 0.04780564263322884
7 0.7688235294117647 0.12460815047021943 0.02176470588235294 0.08150470219435736
7 0.2811764705882353 0.8667711598746082 0.04176470588235294 0.023510971786833857
11 0.5005882352941177 0.792319749216301 0.03470588235294118 0.023510971786833857
11 0.2376470588235294 0.9811912225705329 0.03705882352941176 0.0219435736677116
11 0.27705882352941175 0.89576802507837 0.03823529411764706 0.024294670846394983
11 0.27941176470588236 0.7876175548589341 0.05235294117647059 0.030564263322884012
11 0.3088235294117647 0.8800940438871473 0.04764705882352941 0.028996865203761754
9 0.798235294117647 0.8699059561128527 0.07647058823529412 0.08463949843260188
8 0.6488235294117647 0.6959247648902821 0.024705882352941175 0.034482758620689655
1 0.8335294117647059 0.780564263322884 0.029411764705882353 0.045454545454545456