8 0.169375 0.4975 0.17125 0.125
8 0.08875 0.106875 0.0875 0.105
8 0.3325 0.03625 0.1175 0.0725
9 0.51625 0.308125 0.1475 0.20875
9 0.015625 0.21 0.03125 0.1575
9 0.55 0.539375 0.08 0.04125
9 0.34125 0.33375 0.11 0.1075
7 0.84625 0.366875 0.05 0.10625
7 0.76625 0.255 0.050625 0.105
7 0.723125 0.1925 0.04125 0.113125
7 0.765625 0.386875 0.035625 0.099375
7 0.90125 0.16 0.045625 0.1075
9 0.885 0.266875 0.070625 0.205625
9 0.954375 0.1875 0.04375 0.115
1 0.28625 0.768125 0.035 0.023125
1 0.321875 0.83375 0.041875 0.02375
1 0.355625 0.720625 0.044375 0.031875
1 0.2225 0.779375 0.043125 0.0275
1 0.350625 0.805625 0.0375 0.02375
1 0.190625 0.714375 0.03875 0.0275
1 0.293125 0.70125 0.079375 0.048125
4 0.811875 0.91 0.08125 0.10375
4 0.875 0.749375 0.07125 0.09
4 0.8 0.77125 0.049375 0.07
4 0.770625 0.58 0.04125 0.04
4 0.889375 0.831875 0.0875 0.119375
4 0.974375 0.8 0.050625 0.10625
9 0.72125 0.895 0.101875 0.153125
7 0.666875 0.685 0.075 0.0925
4 0.7625 0.751875 0.055625 0.076875