7 0.205810546875 0.09018987341772151 0.17236328125 0.18037974683544303
8 0.91845703125 0.25348101265822787 0.06787109375 0.11455696202531646
7 0.024169921875 0.8446202531645569 0.04833984375 0.1120253164556962
7 0.14306640625 0.7585443037974684 0.0791015625 0.09556962025316455
9 0.51904296875 0.725 0.05859375 0.10569620253164556
9 0.639404296875 0.894620253164557 0.09619140625 0.10949367088607595
7 0.507080078125 0.8310126582278481 0.03466796875 0.09367088607594937
7 0.5751953125 0.7927215189873418 0.08349609375 0.11012658227848102
7 0.769287109375 0.6658227848101266 0.0927734375 0.1120253164556962
7 0.516845703125 0.6193037974683544 0.05419921875 0.0879746835443038
7 0.568359375 0.5642405063291139 0.09375 0.048734177215189876
7 0.656982421875 0.7436708860759493 0.0859375 0.0981012658227848