9 0.08801159000362188 0.3880192655027092 0.08257877580586744 0.09828416616496087
5 0.10485331401666063 0.2903371462974112 0.09797174936617167 0.11137868753762793
5 0.25172039116262224 0.37627934978928357 0.05070626584570807 0.07992173389524383
5 0.14505613908004347 0.38275135460565923 0.040746106483158274 0.06682721252257676
5 0.18634552698297718 0.3579169175195665 0.034407823252444764 0.049819385912101145
7 0.6716769286490402 0.23314268512944009 0.05957986236870699 0.06577363034316677
7 0.8384643245201014 0.060957254665863936 0.0572256428830134 0.06577363034316677
0 0.8123868163708801 0.18091511137868754 0.05360376675117711 0.049066827212522576
0 0.6722202100688156 0.3213425647200482 0.04400579500181094 0.04169175195665262
11 0.700289750090547 0.37808549066827213 0.04291923216226005 0.034467188440698376
5 0.2716407098877218 0.7346478025285972 0.37232886635277074 0.29756170981336544
5 0.9125316914161535 0.8704093919325707 0.17493661716769288 0.2591812161348585
5 0.7136906917783412 0.971101745936183 0.3082216588192684 0.057796508127633955