8 0.1404320987654321 0.2534340659340659 0.09104938271604938 0.18406593406593408
8 0.10300925925925926 0.032280219780219783 0.10416666666666667 0.06456043956043957
1 0.5659722222222222 0.41552197802197804 0.06172839506172839 0.07211538461538461
1 0.6334876543209876 0.4842032967032967 0.07137345679012345 0.061126373626373624
1 0.8213734567901234 0.3166208791208791 0.1739969135802469 0.10576923076923077
1 0.7650462962962963 0.17032967032967034 0.17785493827160495 0.11401098901098901
1 0.5262345679012346 0.2506868131868132 0.08989197530864197 0.07142857142857142
1 0.6489197530864198 0.31456043956043955 0.09799382716049383 0.07554945054945054
1 0.5115740740740741 0.33379120879120877 0.06327160493827161 0.08379120879120878
6 0.30632716049382713 0.9896978021978022 0.024691358024691357 0.020604395604395604
7 0.10841049382716049 0.8990384615384616 0.04861111111111111 0.07692307692307693
7 0.1705246913580247 0.632554945054945 0.040123456790123455 0.04532967032967033
8 0.22878086419753085 0.9065934065934066 0.031635802469135804 0.06043956043956044
7 0.2623456790123457 0.6517857142857143 0.043209876543209874 0.07554945054945054
7 0.26157407407407407 0.7740384615384616 0.04089506172839506 0.08653846153846154
2 0.7862654320987654 0.6634615384615384 0.11419753086419752 0.10714285714285714
2 0.7337962962962963 0.8598901098901099 0.09027777777777778 0.16483516483516483
8 0.7677469135802469 0.7548076923076923 0.041666666666666664 0.07005494505494506