8 0.055625 0.62375 0.06625 0.0525
8 0.3225 0.106875 0.09 0.09
9 0.27125 0.459375 0.12125 0.1775
9 0.425625 0.3975 0.02875 0.08
4 0.675 0.361875 0.04 0.064375
7 0.494375 0.13 0.03625 0.06125
7 0.271875 0.6925 0.0525 0.04625
7 0.116875 0.94625 0.0425 0.03625
7 0.190625 0.89125 0.04375 0.03125
7 0.074375 0.91875 0.035 0.03875
8 0.271875 0.98625 0.04875 0.0275
8 0.07125 0.725 0.055 0.05
8 0.195 0.82875 0.04125 0.05125
8 0.728125 0.781875 0.055 0.060625
8 0.6225 0.784375 0.063125 0.056875
8 0.548125 0.801875 0.0575 0.045
8 0.6375 0.94625 0.046875 0.056875
11 0.57875 0.889375 0.118125 0.05375