8 0.4202279202279202 0.2029598308668076 0.2022792022792023 0.14376321353065538
9 0.15384615384615385 0.10782241014799154 0.24786324786324787 0.17970401691331925
8 0.8219373219373219 0.4608879492600423 0.04985754985754986 0.14059196617336153
8 0.7507122507122507 0.4904862579281184 0.05555555555555555 0.13636363636363635
8 0.6951566951566952 0.47780126849894294 0.04985754985754986 0.1109936575052854
8 0.7165242165242165 0.14904862579281183 0.04415954415954416 0.1331923890063425
11 0.6923076923076923 0.2854122621564482 0.09116809116809117 0.14376321353065538
8 0.3732193732193732 0.879492600422833 0.10541310541310542 0.080338266384778
2 0.1267806267806268 0.9566596194503171 0.15669515669515668 0.08668076109936575
8 0.896011396011396 0.9756871035940803 0.07692307692307693 0.048625792811839326
9 0.9572649572649573 0.9693446088794926 0.08547008547008547 0.0613107822410148