2 0.3618181818181818 0.21652421652421652 0.3 0.3148148148148148
3 0.715 0.3126780626780627 0.07590909090909091 0.11467236467236468
3 0.6986363636363636 0.21794871794871795 0.07909090909090909 0.09116809116809117
3 0.7981818181818182 0.2336182336182336 0.07090909090909091 0.057692307692307696
3 0.8772727272727273 0.3717948717948718 0.08045454545454546 0.09401709401709402
3 0.7968181818181819 0.3262108262108262 0.06909090909090909 0.08618233618233619
1 0.3381818181818182 0.7293447293447294 0.08681818181818182 0.08404558404558404
1 0.47954545454545455 0.7670940170940171 0.07181818181818182 0.0405982905982906
1 0.056818181818181816 0.7542735042735043 0.03590909090909091 0.04985754985754986
1 0.39181818181818184 0.7357549857549858 0.075 0.0584045584045584
1 0.1968181818181818 0.7357549857549858 0.07181818181818182 0.054843304843304845
1 0.3709090909090909 0.8055555555555556 0.07318181818181818 0.03917378917378917
1 0.30227272727272725 0.8041310541310541 0.06 0.06766381766381767
1 0.6904545454545454 0.8012820512820513 0.06545454545454546 0.0811965811965812
1 0.7818181818181819 0.8383190883190883 0.031363636363636364 0.045584045584045586
1 0.9209090909090909 0.8247863247863247 0.1 0.10754985754985755
1 0.9372727272727273 0.7207977207977208 0.04363636363636364 0.10541310541310542
1 0.825 0.7329059829059829 0.05 0.07407407407407407
1 0.7990909090909091 0.5819088319088319 0.029545454545454545 0.0811965811965812
1 0.7140909090909091 0.5854700854700855 0.10318181818181818 0.07692307692307693
0 0.6836363636363636 0.9423076923076923 0.11409090909090909 0.11538461538461539