8 0.12037037037037036 0.2603021978021978 0.08487654320987655 0.1771978021978022
8 0.10069444444444445 0.03159340659340659 0.09645061728395062 0.06318681318681318
4 0.6705246913580247 0.1662087912087912 0.07407407407407407 0.11332417582417582
4 0.7804783950617284 0.21222527472527472 0.06558641975308642 0.08241758241758242
4 0.8090277777777778 0.33791208791208793 0.05439814814814815 0.07348901098901099
4 0.6790123456790124 0.31456043956043955 0.056712962962962965 0.0885989010989011
4 0.7064043209876543 0.4320054945054945 0.059027777777777776 0.09752747252747253
4 0.5393518518518519 0.12225274725274725 0.056712962962962965 0.0885989010989011
7 0.8406635802469136 0.41552197802197804 0.06327160493827161 0.11881868131868131
4 0.8495370370370371 0.2980769230769231 0.05246913580246913 0.06387362637362637
10 0.09722222222222222 0.8138736263736264 0.13348765432098766 0.2534340659340659
10 0.19791666666666666 0.8921703296703297 0.08912037037037036 0.1936813186813187
10 0.28510802469135804 0.7822802197802198 0.13117283950617284 0.32967032967032966
11 0.5814043209876543 0.6517857142857143 0.030864197530864196 0.06318681318681318
11 0.7727623456790124 0.7513736263736264 0.04243827160493827 0.06456043956043957
5 0.6712962962962963 0.7973901098901099 0.05787037037037037 0.07967032967032966
5 0.41396604938271603 0.5892857142857143 0.02854938271604938 0.06043956043956044
5 0.4390432098765432 0.635989010989011 0.044753086419753084 0.06868131868131869
5 0.6489197530864198 0.5892857142857143 0.040123456790123455 0.06043956043956044
9 0.8834876543209876 0.5906593406593407 0.023148148148148147 0.050824175824175824
9 0.4988425925925926 0.5762362637362637 0.09027777777777778 0.034340659340659344
9 0.4710648148148148 0.9917582417582418 0.06867283950617284 0.016483516483516484
9 0.623070987654321 0.9622252747252747 0.07175925925925926 0.07554945054945054
5 0.8526234567901234 0.8743131868131868 0.06018518518518518 0.09065934065934066
5 0.7943672839506173 0.6723901098901099 0.05864197530864197 0.08928571428571429
5 0.8487654320987654 0.6304945054945055 0.08487654320987655 0.125
5 0.7527006172839507 0.5927197802197802 0.05632716049382716 0.0673076923076923
5 0.658179012345679 0.7005494505494505 0.0779320987654321 0.09752747252747253
9 0.6450617283950617 0.8125 0.03780864197530864 0.1043956043956044
9 0.6863425925925926 0.9326923076923077 0.04861111111111111 0.07142857142857142
9 0.6126543209876543 0.6023351648351648 0.05555555555555555 0.08653846153846154
7 0.5609567901234568 0.7685439560439561 0.03009259259259259 0.04945054945054945
7 0.5775462962962963 0.8035714285714286 0.029320987654320986 0.05631868131868132
9 0.6099537037037037 0.820054945054945 0.035493827160493825 0.059065934065934064
9 0.6153549382716049 0.8756868131868132 0.029320987654320986 0.059065934065934064
7 0.41473765432098764 0.8385989010989011 0.03009259259259259 0.0673076923076923
9 0.5455246913580247 0.603021978021978 0.06790123456790123 0.08791208791208792
9 0.49382716049382713 0.6689560439560439 0.05941358024691358 0.08653846153846154
9 0.7002314814814815 0.5679945054945055 0.04398148148148148 0.017857142857142856
9 0.6763117283950617 0.632554945054945 0.0470679012345679 0.08791208791208792