9 0.2796875 0.24854651162790697 0.065625 0.0692829457364341
9 0.183203125 0.12063953488372094 0.05625 0.07412790697674419
9 0.46328125 0.11579457364341085 0.05390625 0.06298449612403101
9 0.40234375 0.2708333333333333 0.065625 0.09156976744186046
9 0.441796875 0.32655038759689925 0.03671875 0.04408914728682171
8 0.13125 0.21608527131782945 0.033984375 0.03924418604651163
8 0.43125 0.17102713178294573 0.04453125 0.045542635658914726
8 0.39453125 0.10077519379844961 0.030078125 0.041182170542635656
8 0.41484375 0.05910852713178295 0.037890625 0.050387596899224806
8 0.36875 0.25242248062015504 0.02890625 0.04408914728682171
8 0.28359375 0.29651162790697677 0.030078125 0.036337209302325583
8 0.2796875 0.037306201550387594 0.03671875 0.055232558139534885
8 0.35625 0.1002906976744186 0.026171875 0.036337209302325583
1 0.3375 0.2320736434108527 0.031640625 0.04263565891472868
8 0.368359375 0.18943798449612403 0.031640625 0.03488372093023256
8 0.321484375 0.2601744186046512 0.033984375 0.0377906976744186
9 0.202734375 0.06540697674418605 0.0328125 0.0377906976744186
9 0.276953125 0.10513565891472869 0.0734375 0.08672480620155039
7 0.1484375 0.28972868217054265 0.055078125 0.07897286821705427
7 0.181640625 0.23837209302325582 0.04453125 0.04893410852713178
7 0.22890625 0.09011627906976744 0.0328125 0.041182170542635656
9 0.309375 0.3808139534883721 0.05 0.03682170542635659
7 0.417578125 0.34156976744186046 0.040625 0.041182170542635656
0 0.85703125 0.22286821705426357 0.040625 0.0939922480620155
0 0.7796875 0.14001937984496124 0.0375 0.0755813953488372
0 0.674609375 0.01986434108527132 0.02109375 0.03972868217054264
11 0.898046875 0.30474806201550386 0.01640625 0.03246124031007752
11 0.894140625 0.2601744186046512 0.019140625 0.041182170542635656
11 0.699609375 0.01308139534883721 0.019921875 0.02616279069767442
11 0.79296875 0.030523255813953487 0.02265625 0.04312015503875969
0 0.739453125 0.025193798449612403 0.03984375 0.050387596899224806
0 0.716796875 0.02422480620155039 0.032421875 0.04844961240310078
2 0.21875 0.9031007751937985 0.13203125 0.18507751937984496
11 0.319140625 0.7417635658914729 0.13046875 0.1511627906976744
8 0.300390625 0.8570736434108527 0.05859375 0.08139534883720931
0 0.43359375 0.9307170542635659 0.08203125 0.10465116279069768
4 0.6578125 0.7655038759689923 0.06171875 0.07945736434108527
1 0.855078125 0.6017441860465116 0.04140625 0.05813953488372093
9 0.631640625 0.6356589147286822 0.02421875 0.06589147286821706
11 0.888671875 0.6056201550387597 0.04140625 0.05232558139534884
11 0.83046875 0.7039728682170543 0.04453125 0.06782945736434108
8 0.8 0.6458333333333334 0.065625 0.06201550387596899
8 0.782421875 0.7126937984496124 0.0625 0.07364341085271318