2 0.24227272727272728 0.2849002849002849 0.07545454545454545 0.4074074074074074
8 0.4122727272727273 0.4700854700854701 0.07363636363636364 0.03632478632478633
7 0.6581818181818182 0.13319088319088318 0.10136363636363636 0.07336182336182336
7 0.5027272727272727 0.3148148148148148 0.07090909090909091 0.05911680911680912
2 0.4040909090909091 0.24786324786324787 0.08863636363636364 0.06196581196581197
0 0.3463636363636364 0.13746438746438747 0.0959090909090909 0.06054131054131054
0 0.5013636363636363 0.18945868945868946 0.14863636363636365 0.08475783475783476
0 0.3881818181818182 0.301994301994302 0.10272727272727272 0.06481481481481481
0 0.4168181818181818 0.3418803418803419 0.07909090909090909 0.04131054131054131
0 0.5777272727272728 0.27492877492877493 0.056818181818181816 0.049145299145299144
6 0.7440909090909091 0.0868945868945869 0.04181818181818182 0.03774928774928775
11 0.8059090909090909 0.03276353276353276 0.06818181818181818 0.05555555555555555
5 0.053181818181818184 0.8433048433048433 0.10636363636363637 0.21937321937321938
5 0.23681818181818182 0.8005698005698005 0.08636363636363636 0.27635327635327633
8 0.51 0.8482905982905983 0.06454545454545454 0.05128205128205128
8 0.7263636363636363 0.8212250712250713 0.08272727272727273 0.07336182336182336
8 0.8377272727272728 0.7834757834757835 0.05227272727272727 0.05128205128205128
8 0.8590909090909091 0.7143874643874644 0.05227272727272727 0.04202279202279202
8 0.6086363636363636 0.8041310541310541 0.056818181818181816 0.04772079772079772
2 0.7431818181818182 0.7549857549857549 0.095 0.0698005698005698
1 0.6559090909090909 0.6517094017094017 0.10272727272727272 0.07692307692307693
1 0.6309090909090909 0.7307692307692307 0.09818181818181818 0.054843304843304845
1 0.7118181818181818 0.9138176638176638 0.06454545454545454 0.04772079772079772
11 0.415 0.8888888888888888 0.055 0.038461538461538464
8 0.8668181818181818 0.7450142450142451 0.053636363636363635 0.045584045584045586
8 0.37136363636363634 0.5997150997150997 0.08272727272727273 0.05626780626780627
11 0.4890909090909091 0.5811965811965812 0.05227272727272727 0.038461538461538464
11 0.4172727272727273 0.6153846153846154 0.04909090909090909 0.038461538461538464
11 0.2959090909090909 0.6531339031339032 0.031818181818181815 0.04700854700854701
11 0.5727272727272728 0.8881766381766382 0.06909090909090909 0.05413105413105413
11 0.5572727272727273 0.5341880341880342 0.1009090909090909 0.06196581196581197