9 0.25875 0.12958333333333333 0.05625 0.06416666666666666
9 0.38166666666666665 0.13666666666666666 0.04833333333333333 0.06875
9 0.21375 0.35 0.04583333333333333 0.04
9 0.17333333333333334 0.21125 0.055 0.085
9 0.12125 0.20541666666666666 0.03125 0.04083333333333333
8 0.3641666666666667 0.03375 0.029166666666666667 0.03666666666666667
8 0.20625 0.2991666666666667 0.037083333333333336 0.0425
8 0.2633333333333333 0.31666666666666665 0.025833333333333333 0.03666666666666667
8 0.27125 0.35291666666666666 0.030833333333333334 0.034166666666666665
8 0.2025 0.1975 0.02375 0.04083333333333333
8 0.23166666666666666 0.10083333333333333 0.025833333333333333 0.03375
8 0.365 0.2675 0.030416666666666668 0.05125
8 0.28708333333333336 0.2875 0.0225 0.03375
1 0.23166666666666666 0.18583333333333332 0.027083333333333334 0.03958333333333333
8 0.23458333333333334 0.2375 0.027083333333333334 0.03208333333333333
8 0.22666666666666666 0.15416666666666667 0.029166666666666667 0.035
9 0.3975 0.18875 0.027083333333333334 0.035
9 0.3325 0.22166666666666668 0.06291666666666666 0.08041666666666666
7 0.31625 0.016666666666666666 0.0475 0.03333333333333333
7 0.3229166666666667 0.059166666666666666 0.03833333333333333 0.04541666666666667
7 0.3695833333333333 0.19291666666666665 0.027916666666666666 0.03791666666666667
9 0.16958333333333334 0.060833333333333336 0.0425 0.04666666666666667
7 0.12875 0.17625 0.035 0.03791666666666667
8 0.8875 0.2783333333333333 0.1125 0.09833333333333333
8 0.9408333333333333 0.17541666666666667 0.07916666666666666 0.08583333333333333
9 0.6379166666666667 0.35083333333333333 0.1175 0.03833333333333333
9 0.6233333333333333 0.21625 0.0775 0.08416666666666667
9 0.6295833333333334 0.03833333333333333 0.07333333333333333 0.06166666666666667
9 0.76625 0.3625 0.0725 0.015
9 0.7033333333333334 0.15666666666666668 0.059166666666666666 0.06666666666666667
9 0.9766666666666667 0.2325 0.04666666666666667 0.10166666666666667
0 0.8383333333333334 0.06208333333333333 0.13333333333333333 0.12416666666666666
7 0.25166666666666665 0.8291666666666667 0.07166666666666667 0.11791666666666667
7 0.3254166666666667 0.52 0.06833333333333333 0.13333333333333333
7 0.23333333333333334 0.475 0.0525 0.10583333333333333
7 0.38166666666666665 0.84 0.050416666666666665 0.07833333333333334
7 0.31708333333333333 0.6916666666666667 0.0425 0.08458333333333333
7 0.2991666666666667 0.6016666666666667 0.035833333333333335 0.0725
8 0.28208333333333335 0.97125 0.04583333333333333 0.0575
6 0.6720833333333334 0.38875 0.13416666666666666 0.0375
6 0.5554166666666667 0.6758333333333333 0.050833333333333335 0.24
6 0.6208333333333333 0.5029166666666667 0.14416666666666667 0.16416666666666666
6 0.6808333333333333 0.6245833333333334 0.23333333333333334 0.19083333333333333