8 0.41086350974930363 0.026427061310782242 0.1977715877437326 0.052854122621564484
8 0.8217270194986073 0.2156448202959831 0.026462395543175487 0.10570824524312897
7 0.9080779944289693 0.3763213530655391 0.027855153203342618 0.11733615221987315
8 0.8133704735376045 0.42389006342494717 0.016713091922005572 0.07610993657505286
8 0.8635097493036211 0.2832980972515856 0.027855153203342618 0.12156448202959831
2 0.9623955431754875 0.5243128964059197 0.023676880222841225 0.08668076109936575
2 0.871866295264624 0.4630021141649049 0.034818941504178275 0.12156448202959831
7 0.7966573816155988 0.3308668076109937 0.020891364902506964 0.08350951374207188
3 0.6504178272980501 0.7177589852008457 0.16434540389972144 0.11416490486257928
3 0.6364902506963789 0.8224101479915433 0.11977715877437325 0.07822410147991543
3 0.48467966573816157 0.7610993657505285 0.09749303621169916 0.06976744186046512
3 0.36768802228412256 0.7251585623678647 0.1977715877437326 0.19238900634249473
3 0.596100278551532 0.9133192389006343 0.233983286908078 0.14376321353065538
3 0.3565459610027855 0.9566596194503171 0.17827298050139276 0.08668076109936575
3 0.12256267409470752 0.9386892177589852 0.14484679665738162 0.10570824524312897
3 0.0947075208913649 0.8255813953488372 0.1894150417827298 0.15856236786469344
3 0.11977715877437325 0.7198731501057083 0.2395543175487465 0.1839323467230444
8 0.83008356545961 0.7758985200845666 0.054317548746518104 0.06659619450317125
9 0.7576601671309192 0.8921775898520085 0.037604456824512536 0.08773784355179703
7 0.7855153203342619 0.6501057082452432 0.04456824512534819 0.04439746300211417
7 0.8356545961002786 0.857293868921776 0.04317548746518106 0.0708245243128964
9 0.7813370473537604 0.8361522198731501 0.04874651810584958 0.07610993657505286