9 0.03375 0.07875 0.0675 0.1275
8 0.373125 0.095625 0.065 0.07625
9 0.881875 0.06625 0.14125 0.1325
9 0.8125 0.014375 0.0425 0.02875
0 0.825 0.324375 0.1325 0.09125
0 0.8525 0.22875 0.1125 0.10625
0 0.670625 0.351875 0.09375 0.03625
0 0.575 0.231875 0.13625 0.15625
5 0.188125 0.750625 0.058125 0.191875
5 0.19875 0.526875 0.055 0.1725
5 0.2675 0.746875 0.075 0.15
7 0.770625 0.6125 0.09375 0.09625
11 0.614375 0.868125 0.0525 0.09125
11 0.905 0.459375 0.08125 0.0975
11 0.483125 0.66 0.0575 0.075
11 0.445 0.46 0.05375 0.07875