2 0.20228091236494597 0.12741935483870967 0.05942376950780312 0.13548387096774195
7 0.10864345738295318 0.37661290322580643 0.05402160864345738 0.08548387096774193
7 0.1872749099639856 0.2806451612903226 0.030612244897959183 0.07016129032258064
7 0.047418967587034816 0.2879032258064516 0.03721488595438175 0.0846774193548387
0 0.09663865546218488 0.09032258064516129 0.06902761104441776 0.12741935483870967
8 0.7034813925570228 0.3096774193548387 0.07202881152460984 0.07741935483870968
8 0.062424969987995196 0.7814516129032258 0.03181272509003601 0.08064516129032258
8 0.031212484993997598 0.6411290322580645 0.02100840336134454 0.06370967741935483
8 0.28811524609843936 0.771774193548387 0.02220888355342137 0.0717741935483871
8 0.26830732292917164 0.725 0.021608643457382955 0.062096774193548386
9 0.1836734693877551 0.5225806451612903 0.022809123649459785 0.10967741935483871
9 0.15486194477791115 0.5774193548387097 0.03841536614645858 0.07903225806451612
9 0.17466986794717887 0.6282258064516129 0.03181272509003601 0.0717741935483871
5 0.08883553421368548 0.9693548387096774 0.026410564225690276 0.06129032258064516
0 0.30192076830732295 0.5612903225806452 0.046218487394957986 0.16693548387096774
0 0.3163265306122449 0.675 0.025210084033613446 0.10403225806451613
0 0.2539015606242497 0.6475806451612903 0.06302521008403361 0.12096774193548387
0 0.1404561824729892 0.8620967741935484 0.03961584633853541 0.16129032258064516
0 0.16806722689075632 0.7629032258064516 0.07382953181272509 0.17016129032258065
7 0.1608643457382953 0.6782258064516129 0.013205282112845138 0.04435483870967742
7 0.16566626650660263 0.9145161290322581 0.01920768307322929 0.06370967741935483
7 0.20948379351740695 0.6153225806451613 0.0234093637454982 0.06612903225806452
9 0.4279711884753902 0.6556451612903226 0.11524609843937575 0.11612903225806452
7 0.5024009603841537 0.7991935483870968 0.09843937575030012 0.12580645161290321
7 0.5540216086434574 0.47016129032258064 0.058823529411764705 0.07096774193548387
11 0.47478991596638653 0.5733870967741935 0.05162064825930372 0.06612903225806452
11 0.6998799519807923 0.8 0.05042016806722689 0.08225806451612903
11 0.5846338535414166 0.7637096774193548 0.06362545018007203 0.09193548387096774
11 0.5438175270108043 0.603225806451613 0.07683073229291716 0.0935483870967742
11 0.8325330132052821 0.7137096774193549 0.06362545018007203 0.07580645161290323
11 0.8331332533013205 0.6282258064516129 0.07322929171668667 0.08225806451612903
11 0.734093637454982 0.5653225806451613 0.06602641056422569 0.1064516129032258
8 0.35294117647058826 0.6217741935483871 0.04801920768307323 0.08870967741935484