9 0.12170706006322445 0.174949083503055 0.037934668071654375 0.059470468431771895
9 0.0779768177028451 0.1845213849287169 0.02344573234984194 0.04114052953156823
9 0.050316122233930456 0.21710794297352343 0.01738672286617492 0.04114052953156823
9 0.08403582718651212 0.23767820773930753 0.025553213909378293 0.03482688391038696
9 0.21101159114857745 0.37515274949083505 0.02660695468914647 0.04745417515274949
9 0.11722866174920969 0.3725050916496945 0.025553213909378293 0.04745417515274949
9 0.32165437302423605 0.3835030549898167 0.03609062170706007 0.05295315682281059
8 0.2507903055848261 0.046639511201629326 0.022391991570073762 0.03482688391038696
8 0.27581664910432035 0.29164969450101835 0.02660695468914647 0.03665987780040733
8 0.23893572181243414 0.36374745417515275 0.020021074815595362 0.0329938900203666
2 0.31875658587987354 0.2892057026476578 0.030558482613277135 0.04378818737270876
2 0.30163329820864065 0.22118126272912422 0.04056902002107481 0.07046843177189409
0 0.17544783983140147 0.035641547861507125 0.030558482613277135 0.06863543788187372
0 0.2244467860906217 0.2668024439918534 0.02107481559536354 0.049287169042769856
5 0.6330347734457323 0.035234215885947044 0.12697576396206534 0.07046843177189409
5 0.8003161222339304 0.15274949083503056 0.3993677555321391 0.2305498981670061
5 0.06585879873551106 0.7802443991853361 0.13171759747102213 0.4395112016293279
5 0.20047418335089567 0.7215885947046843 0.12170706006322445 0.3910386965376782
5 0.32297154899894626 0.8507128309572302 0.05663856691253952 0.1694501018329939
5 0.33956796628029506 0.6030549898167006 0.0690200210748156 0.24643584521384929
5 0.2813487881981033 0.5645621181262729 0.08166491043203372 0.1694501018329939
5 0.19731296101159115 0.5126272912423625 0.040042149631190724 0.06558044806517312
7 0.41517386722866173 0.7140529531568228 0.04978925184404637 0.06578411405295316
7 0.8295574288724974 0.8523421588594705 0.045310853530031614 0.06272912423625254
7 0.5542676501580611 0.7961303462321793 0.05505795574288725 0.06985743380855397
7 0.5021074815595363 0.7246435845213849 0.026870389884088516 0.0494908350305499
7 0.44757639620653317 0.7014256619144603 0.02370916754478398 0.04867617107942974
7 0.7726554267650158 0.8456211812627291 0.04978925184404637 0.06782077393075356
8 0.8819810326659642 0.7460285132382892 0.027660695468914646 0.036456211812627294
8 0.8113804004214963 0.7590631364562118 0.02370916754478398 0.036456211812627294
8 0.7655426765015806 0.760081466395112 0.027660695468914646 0.03441955193482688
8 0.6896733403582719 0.7737270875763748 0.018703898840885143 0.027291242362525458
8 0.59536354056902 0.7590631364562118 0.03345626975763962 0.03441955193482688
8 0.8996311907270811 0.49144602851323826 0.03582718651211802 0.023217922606924644
9 0.8187565858798735 0.6755600814663951 0.04083245521601686 0.06272912423625254
9 0.7160168598524763 0.7914460285132383 0.027660695468914646 0.039511201629327905