9 0.3902777777777778 0.1537037037037037 0.1 0.14444444444444443
8 0.02847222222222222 0.3888888888888889 0.05694444444444444 0.05185185185185185
8 0.31805555555555554 0.3388888888888889 0.07222222222222222 0.07962962962962963
2 0.8708333333333333 0.3787037037037037 0.059722222222222225 0.175
7 0.7694444444444445 0.05648148148148148 0.05694444444444444 0.11296296296296296
7 0.8527777777777777 0.18055555555555555 0.030555555555555555 0.09166666666666666
7 0.7076388888888889 0.18425925925925926 0.0375 0.10740740740740741
0 0.7618055555555555 0.43703703703703706 0.07083333333333333 0.1648148148148148
9 0.18680555555555556 0.5638888888888889 0.06041666666666667 0.027777777777777776
9 0.1076388888888889 0.725925925925926 0.050694444444444445 0.06018518518518518
9 0.30625 0.5722222222222222 0.059722222222222225 0.044444444444444446
9 0.24097222222222223 0.5824074074074074 0.06041666666666667 0.06388888888888888
8 0.22083333333333333 0.85 0.05277777777777778 0.062037037037037036
4 0.04583333333333333 0.7527777777777778 0.03958333333333333 0.05555555555555555
4 0.5194444444444445 0.9018518518518519 0.041666666666666664 0.053703703703703705
1 0.4215277777777778 0.837037037037037 0.049305555555555554 0.07037037037037037
7 0.44305555555555554 0.975925925925926 0.06388888888888888 0.04814814814814815
6 0.23194444444444445 0.9046296296296297 0.041666666666666664 0.049074074074074076
0 0.4756944444444444 0.7351851851851852 0.06597222222222222 0.07962962962962963
7 0.7416666666666667 0.8444444444444444 0.07361111111111111 0.12037037037037036
0 0.8652777777777778 0.9851851851851852 0.06388888888888888 0.02962962962962963
0 0.7875 0.700925925925926 0.05277777777777778 0.07592592592592592
11 0.8472222222222222 0.625 0.05138888888888889 0.06296296296296296