9 0.03125 0.1259259259259259 0.0625 0.16666666666666666
8 0.08541666666666667 0.37777777777777777 0.0763888888888889 0.06296296296296296
9 0.6854166666666667 0.06851851851851852 0.07291666666666667 0.03148148148148148
9 0.6520833333333333 0.09907407407407408 0.06597222222222222 0.03148148148148148
8 0.5173611111111112 0.28703703703703703 0.0625 0.041666666666666664
8 0.7361111111111112 0.16944444444444445 0.06388888888888888 0.03425925925925926
8 0.7375 0.23148148148148148 0.06388888888888888 0.040740740740740744
7 0.5520833333333334 0.17592592592592593 0.08194444444444444 0.05
7 0.6826388888888889 0.24351851851851852 0.0763888888888889 0.049074074074074076
7 0.7152777777777778 0.13333333333333333 0.07291666666666667 0.03796296296296296
2 0.0875 0.4962962962962963 0.10069444444444445 0.11851851851851852
2 0.25972222222222224 0.5685185185185185 0.04583333333333333 0.058333333333333334
9 0.03819444444444445 0.6925925925925925 0.0763888888888889 0.09722222222222222
0 0.10833333333333334 0.9462962962962963 0.07013888888888889 0.08425925925925926
2 0.23680555555555555 0.5305555555555556 0.03958333333333333 0.05277777777777778
8 0.8083333333333333 0.7361111111111112 0.12222222222222222 0.14074074074074075
8 0.6736111111111112 0.7185185185185186 0.08888888888888889 0.1037037037037037
8 0.7756944444444445 0.5555555555555556 0.06944444444444445 0.08703703703703704
8 0.6791666666666667 0.44814814814814813 0.07777777777777778 0.07777777777777778
8 0.5618055555555556 0.8490740740740741 0.0763888888888889 0.1037037037037037