9 0.23597560975609755 0.178125 0.05121951219512195 0.1075
9 0.1323170731707317 0.084375 0.07195121951219512 0.09375
9 0.325609756097561 0.060625 0.06829268292682927 0.05625
9 0.11402439024390244 0.329375 0.06219512195121951 0.04125
1 0.17560975609756097 0.03625 0.032926829268292684 0.05
6 0.4902439024390244 0.201875 0.26097560975609757 0.08125
6 0.7463414634146341 0.1575 0.20121951219512196 0.07625
6 0.5890243902439024 0.32125 0.16585365853658537 0.0575
6 0.7664634146341464 0.229375 0.19146341463414634 0.08625
6 0.599390243902439 0.248125 0.17317073170731706 0.07625
6 0.9085365853658537 0.17375 0.12073170731707317 0.1025
9 0.15670731707317073 0.813125 0.04573170731707317 0.105625
9 0.12560975609756098 0.44375 0.0524390243902439 0.1
8 0.18658536585365854 0.83375 0.01768292682926829 0.05875
8 0.27195121951219514 0.69875 0.022560975609756097 0.0375
8 0.2707317073170732 0.701875 0.048170731707317074 0.09125
5 0.2914634146341463 0.576875 0.03780487804878049 0.078125
7 0.15182926829268292 0.60875 0.032926829268292684 0.03625
9 0.8524390243902439 0.565 0.1225609756097561 0.10125
9 0.6189024390243902 0.98375 0.06463414634146342 0.0325
9 0.7737804878048781 0.5375 0.03353658536585366 0.046875
0 0.8512195121951219 0.75625 0.12134146341463414 0.065625
0 0.8597560975609756 0.811875 0.17621951219512194 0.04875
0 0.8573170731707317 0.68375 0.10182926829268292 0.0625
0 0.5646341463414634 0.84375 0.09573170731707317 0.06875
0 0.7109756097560975 0.81125 0.08048780487804878 0.070625
0 0.5871951219512195 0.72 0.12012195121951219 0.09375