11 0.2288888888888889 0.02666666666666667 0.12222222222222222 0.05333333333333334
11 0.2288888888888889 0.18944444444444444 0.07222222222222222 0.06666666666666667
11 0.0811111111111111 0.19666666666666666 0.07555555555555556 0.07444444444444444
2 0.6488888888888888 0.12277777777777778 0.07944444444444444 0.05444444444444444
9 0.8594444444444445 0.1988888888888889 0.05 0.05277777777777778
8 0.8966666666666666 0.255 0.052222222222222225 0.041666666666666664
7 0.6016666666666667 0.19555555555555557 0.04722222222222222 0.025555555555555557
7 0.685 0.25 0.05722222222222222 0.035
7 0.7511111111111111 0.22777777777777777 0.05722222222222222 0.035
8 0.052222222222222225 0.6638888888888889 0.02388888888888889 0.08055555555555556
8 0.03833333333333333 0.86 0.015 0.06944444444444445
8 0.24333333333333335 0.4477777777777778 0.015555555555555555 0.07611111111111112
8 0.2311111111111111 0.5216666666666666 0.01611111111111111 0.065
9 0.17833333333333334 0.8433333333333334 0.013333333333333334 0.12777777777777777
9 0.14888888888888888 0.8094444444444444 0.030555555555555555 0.07166666666666667
9 0.16111111111111112 0.73 0.025 0.06722222222222222
9 0.275 0.9227777777777778 0.025 0.07611111111111112
5 0.057777777777777775 0.4088888888888889 0.02 0.07611111111111112
0 0.2738888888888889 0.6788888888888889 0.03222222222222222 0.18444444444444444
0 0.27666666666666667 0.5316666666666666 0.01611111111111111 0.11888888888888889
0 0.22611111111111112 0.6272222222222222 0.051111111111111114 0.10777777777777778
0 0.1111111111111111 0.49166666666666664 0.025555555555555557 0.18166666666666667
0 0.14333333333333334 0.5788888888888889 0.057777777777777775 0.16333333333333333
7 0.14444444444444443 0.6855555555555556 0.008888888888888889 0.049444444444444444
7 0.1272222222222222 0.40444444444444444 0.013888888888888888 0.06944444444444445
7 0.19166666666666668 0.71 0.017222222222222222 0.06722222222222222
2 0.3416666666666667 0.9477777777777778 0.10333333333333333 0.10444444444444445
2 0.7322222222222222 0.5311111111111111 0.21333333333333335 0.23
2 0.9288888888888889 0.7761111111111111 0.14222222222222222 0.13
7 0.6011111111111112 0.4111111111111111 0.06777777777777778 0.07
9 0.9038888888888889 0.4955555555555556 0.09555555555555556 0.19444444444444445