9 0.233154296875 0.40576171875 0.126953125 0.1279296875
0 0.333251953125 0.3623046875 0.0986328125 0.11669921875
1 0.345703125 0.0771484375 0.08056640625 0.08349609375
7 0.912841796875 0.160888671875 0.17431640625 0.20556640625
7 0.659423828125 0.2958984375 0.17041015625 0.17919921875
8 0.518798828125 0.45068359375 0.07763671875 0.1083984375
5 0.130615234375 0.70556640625 0.26123046875 0.3916015625
5 0.126953125 0.535400390625 0.25390625 0.05126953125
5 0.251220703125 0.69140625 0.10400390625 0.14794921875
5 0.39453125 0.6337890625 0.1708984375 0.248046875
5 0.28369140625 0.942626953125 0.3330078125 0.11474609375
9 0.919921875 0.825927734375 0.16015625 0.26904296875
9 0.77685546875 0.770263671875 0.150390625 0.20947265625