8 0.1438618925831202 0.2484375 0.04156010230179028 0.08958333333333333
7 0.3088235294117647 0.3416666666666667 0.04475703324808184 0.10104166666666667
8 0.1445012787723785 0.45729166666666665 0.026854219948849106 0.0671875
8 0.22250639386189258 0.2838541666666667 0.04475703324808184 0.1046875
2 0.4143222506393862 0.44427083333333334 0.03836317135549872 0.07447916666666667
2 0.2506393861892583 0.4515625 0.05754475703324808 0.10104166666666667
7 0.10741687979539642 0.3807291666666667 0.0319693094629156 0.07083333333333333
1 0.7212276214833759 0.08645833333333333 0.09910485933503836 0.14166666666666666
1 0.7410485933503836 0.22083333333333333 0.09143222506393862 0.07083333333333333
1 0.7640664961636828 0.3109375 0.13682864450127877 0.07552083333333333
1 0.7442455242966752 0.478125 0.056265984654731455 0.04375
1 0.7710997442455243 0.5651041666666666 0.056265984654731455 0.058333333333333334
1 0.2020460358056266 0.840625 0.06905370843989769 0.0703125
1 0.09462915601023018 0.8010416666666667 0.05754475703324808 0.033854166666666664
1 0.42327365728900257 0.8375 0.029411764705882353 0.04114583333333333
1 0.1604859335038363 0.8322916666666667 0.058823529411764705 0.0484375
1 0.3126598465473146 0.8447916666666667 0.05754475703324808 0.0453125
1 0.18222506393861893 0.7760416666666666 0.05754475703324808 0.0328125
1 0.23593350383631714 0.7817708333333333 0.0479539641943734 0.05677083333333333
1 0.8925831202046036 0.9453125 0.10358056265984655 0.09479166666666666
8 0.7468030690537084 0.9067708333333333 0.14578005115089515 0.071875
11 0.7461636828644501 0.9864583333333333 0.2237851662404092 0.027083333333333334