2 0.11533420707732635 0.3709090909090909 0.062254259501965926 0.10454545454545454
2 0.1710353866317169 0.2509090909090909 0.03866317169069463 0.08545454545454545
2 0.2804718217562254 0.4809090909090909 0.0327653997378768 0.07
8 0.3486238532110092 0.5709090909090909 0.02490170380078637 0.057272727272727274
7 0.10812581913499344 0.29363636363636364 0.05045871559633028 0.07636363636363637
1 0.6933158584534731 0.08545454545454545 0.12319790301441677 0.14181818181818182
1 0.7083879423328965 0.21818181818181817 0.1107470511140236 0.07181818181818182
1 0.72870249017038 0.30727272727272725 0.16317169069462648 0.07909090909090909
1 0.6946264744429882 0.47 0.06815203145478375 0.045454545454545456
1 0.7195281782437746 0.5563636363636364 0.06815203145478375 0.06
8 0.32634338138925295 0.6481818181818182 0.03669724770642202 0.06363636363636363
7 0.3709043250327654 0.6818181818181818 0.03669724770642202 0.06909090909090909
8 0.5773263433813892 0.7581818181818182 0.055701179554390565 0.05909090909090909
7 0.7896461336828309 0.83 0.062254259501965926 0.06818181818181818
8 0.573394495412844 0.8909090909090909 0.037352555701179554 0.04454545454545455
8 0.6788990825688074 0.7872727272727272 0.062254259501965926 0.07090909090909091
2 0.9246395806028833 0.9036363636363637 0.051769331585845346 0.04909090909090909
2 0.7110091743119266 0.8954545454545455 0.07667103538663171 0.06818181818181818
7 0.526867627785059 0.8390909090909091 0.04325032765399738 0.04727272727272727