9 0.41 0.12 0.11 0.14095238095238094
9 0.5157142857142857 0.06666666666666667 0.06857142857142857 0.09714285714285714
9 0.5735714285714286 0.012380952380952381 0.055714285714285716 0.024761904761904763
0 0.3242857142857143 0.3923809523809524 0.09714285714285714 0.05333333333333334
0 0.12071428571428572 0.03333333333333333 0.06714285714285714 0.06666666666666667
7 0.785 0.19428571428571428 0.06285714285714286 0.0980952380952381
11 0.7592857142857142 0.07047619047619047 0.03785714285714286 0.07047619047619047
11 0.8864285714285715 0.3504761904761905 0.04 0.058095238095238096
0 0.8092857142857143 0.3171428571428571 0.05 0.08095238095238096
4 0.3392857142857143 0.6638095238095238 0.12857142857142856 0.17142857142857143
1 0.875 0.8809523809523809 0.06571428571428571 0.10571428571428572
1 0.9 0.7161904761904762 0.05928571428571429 0.10571428571428572
1 0.84 0.7133333333333334 0.05714285714285714 0.10857142857142857
1 0.7442857142857143 0.7247619047619047 0.07285714285714286 0.09333333333333334
1 0.7428571428571429 0.621904761904762 0.047142857142857146 0.054285714285714284
1 0.6385714285714286 0.539047619047619 0.05714285714285714 0.07523809523809524
1 0.8085714285714286 0.5419047619047619 0.06428571428571428 0.13142857142857142
1 0.8242857142857143 0.43238095238095237 0.05 0.025714285714285714