7 0.47101449275362317 0.2084006462035541 0.14190821256038647 0.12439418416801293
7 0.36594202898550726 0.1147011308562197 0.1068840579710145 0.08562197092084006
9 0.17451690821256038 0.11389337641357028 0.14190821256038647 0.12035541195476575
1 0.5150966183574879 0.03877221324717286 0.07608695652173914 0.07754442649434572
5 0.8339371980676329 0.17851373182552505 0.178743961352657 0.2310177705977383
8 0.39794685990338163 0.7657512116316639 0.05314009661835749 0.07512116316639741
7 0.3556763285024155 0.41033925686591277 0.04045893719806763 0.0420032310177706
7 0.3508454106280193 0.8764135702746365 0.05615942028985507 0.0654281098546042
7 0.8580917874396136 0.9620355411954766 0.06038647342995169 0.07431340872374798
11 0.748792270531401 0.932956381260097 0.05314009661835749 0.06946688206785137
11 0.8460144927536232 0.5783521809369951 0.051932367149758456 0.0840064620355412
11 0.7638888888888888 0.6922455573505655 0.06642512077294686 0.09531502423263329
11 0.7952898550724637 0.8578352180936996 0.07971014492753623 0.09693053311793215
11 0.9806763285024155 0.5533117932148627 0.03864734299516908 0.0791599353796446
11 0.9679951690821256 0.7487883683360258 0.0640096618357488 0.10823909531502424