11 0.07625 0.40875 0.08375 0.0775
11 0.12 0.123125 0.14 0.07
11 0.2375 0.215625 0.11875 0.12375
11 0.2425 0.41875 0.0875 0.08625
11 0.410625 0.019375 0.12625 0.03875
11 0.138125 0.194375 0.08375 0.09125
10 0.81125 0.33375 0.32625 0.290625
5 0.25 0.73875 0.1025 0.075625
5 0.19125 0.85 0.07 0.0325
5 0.344375 0.7025 0.08625 0.063125
8 0.06 0.848125 0.0375 0.034375
1 0.0625 0.93875 0.056875 0.07375
8 0.4325 0.875 0.0425 0.03625
1 0.695625 0.718125 0.07875 0.065625
1 0.69125 0.778125 0.085625 0.061875
1 0.740625 0.841875 0.08125 0.06375
1 0.76875 0.75875 0.07875 0.0675
1 0.754375 0.700625 0.0675 0.05125
1 0.8275 0.76 0.07 0.061875