9 0.3923076923076923 0.23356164383561645 0.10461538461538461 0.12054794520547946
9 0.13948717948717948 0.05547945205479452 0.11076923076923077 0.11095890410958904
9 0.2907692307692308 0.024657534246575342 0.08307692307692308 0.049315068493150684
9 0.23846153846153847 0.07945205479452055 0.06769230769230769 0.0863013698630137
9 0.3112820512820513 0.35342465753424657 0.09025641025641026 0.10821917808219178
9 0.0758974358974359 0.11301369863013698 0.07794871794871795 0.10136986301369863
1 0.5235897435897436 0.14863013698630137 0.052307692307692305 0.13561643835616438
1 0.29794871794871797 0.2273972602739726 0.036923076923076927 0.06164383561643835
7 0.33589743589743587 0.08013698630136987 0.06358974358974359 0.07123287671232877
7 0.2733333333333333 0.1547945205479452 0.05641025641025641 0.07260273972602739
3 0.897948717948718 0.21232876712328766 0.06974358974358974 0.10342465753424658
3 0.8656410256410256 0.38493150684931504 0.08051282051282051 0.08767123287671233
3 0.9579487179487179 0.25205479452054796 0.04871794871794872 0.09657534246575343
2 0.2856410256410256 0.6732876712328767 0.07333333333333333 0.12602739726027398
9 0.4148717948717949 0.8958904109589041 0.052307692307692305 0.1136986301369863
8 0.42256410256410254 0.9842465753424657 0.050256410256410255 0.031506849315068496
7 0.2246153846153846 0.7931506849315069 0.04051282051282051 0.06027397260273973
7 0.2671794871794872 0.9260273972602739 0.052307692307692305 0.0821917808219178
7 0.3241025641025641 0.9082191780821918 0.052307692307692305 0.0821917808219178
7 0.7994871794871795 0.7171232876712329 0.06769230769230769 0.11164383561643836
7 0.857948717948718 0.6027397260273972 0.07641025641025641 0.08287671232876713
7 0.7364102564102564 0.5301369863013699 0.05384615384615385 0.08013698630136987