8 0.2835 0.2585 0.084875 0.06233333333333333
8 0.138625 0.04533333333333334 0.149 0.09066666666666667
2 0.379625 0.10033333333333333 0.149 0.09066666666666667
2 0.123125 0.179 0.12 0.07716666666666666
3 0.824875 0.25833333333333336 0.043 0.06683333333333333
3 0.745625 0.07833333333333334 0.0355 0.05733333333333333
3 0.787 0.11716666666666667 0.03975 0.04566666666666667
3 0.788375 0.049666666666666665 0.041875 0.0465
3 0.76175 0.27 0.073625 0.07916666666666666
3 0.82975 0.373 0.041875 0.05516666666666667
3 0.927 0.28883333333333333 0.037625 0.050833333333333335
3 0.709875 0.16033333333333333 0.034875 0.048666666666666664
7 0.860625 0.07916666666666666 0.048375 0.066
7 0.17975 0.6905 0.09775 0.1935
8 0.753875 0.67 0.0485 0.072
8 0.7075 0.7226666666666667 0.0395 0.06666666666666667
8 0.701125 0.8476666666666667 0.06925 0.08033333333333334
7 0.540125 0.7823333333333333 0.087 0.11966666666666667
7 0.603125 0.4553333333333333 0.06075 0.09066666666666667
7 0.84625 0.505 0.1165 0.176
7 0.83175 0.6096666666666667 0.06675 0.08633333333333333
7 0.79125 0.43266666666666664 0.0475 0.04533333333333334
7 0.802 0.9423333333333334 0.101 0.11533333333333333