7 0.4052890528905289 0.4911147011308562 0.07626076260762607 0.0888529886914378
7 0.29704797047970477 0.1680129240710824 0.06273062730627306 0.08077544426494346
8 0.2140221402214022 0.5088852988691438 0.05043050430504305 0.07108239095315025
7 0.15252152521525214 0.21163166397415187 0.06765067650676507 0.08723747980613894
7 0.15744157441574416 0.3554119547657512 0.06396063960639606 0.10177705977382875
7 0.48769987699877 0.018578352180936994 0.07749077490774908 0.03715670436187399
7 0.7847478474784748 0.5290791599353797 0.0959409594095941 0.05977382875605816
7 0.8917589175891759 0.5476575121163166 0.09348093480934809 0.022617124394184167
3 0.16174661746617466 0.8739903069466882 0.09778597785977859 0.18497576736672053
3 0.055350553505535055 0.659935379644588 0.0928659286592866 0.18497576736672053
3 0.18942189421894218 0.7164781906300485 0.07011070110701106 0.1050080775444265
3 0.2785977859778598 0.9095315024232633 0.10516605166051661 0.18093699515347333
3 0.23554735547355474 0.7665589660743134 0.10762607626076261 0.2310177705977383
6 0.8179581795817958 0.8424878836833603 0.12546125461254612 0.15347334410339256
6 0.6765067650676507 0.684168012924071 0.14637146371463713 0.14539579967689822
6 0.9477244772447725 0.8465266558966075 0.1045510455104551 0.1938610662358643