8 0.17398373983739837 0.2032967032967033 0.026829268292682926 0.11744505494505494
7 0.091869918699187 0.40315934065934067 0.03008130081300813 0.12912087912087913
8 0.1861788617886179 0.4168956043956044 0.01788617886178862 0.08241758241758242
8 0.13414634146341464 0.2918956043956044 0.03008130081300813 0.13324175824175824
2 0.04227642276422764 0.5755494505494505 0.024390243902439025 0.09752747252747253
2 0.12926829268292683 0.4793956043956044 0.03577235772357724 0.13667582417582416
7 0.2008130081300813 0.31524725274725274 0.02113821138211382 0.08997252747252747
3 0.7170731707317073 0.24793956043956045 0.12682926829268293 0.1092032967032967
3 0.8227642276422764 0.26373626373626374 0.108130081300813 0.09821428571428571
3 0.7853658536585366 0.11057692307692307 0.07723577235772358 0.08791208791208792
11 0.09024390243902439 0.6785714285714286 0.08943089430894309 0.057692307692307696
9 0.7682926829268293 0.7616758241758241 0.15121951219512195 0.1620879120879121
9 0.6032520325203252 0.728021978021978 0.22764227642276422 0.1565934065934066
9 0.7373983739837399 0.6840659340659341 0.0065040650406504065 0.006868131868131868
9 0.6983739837398374 0.676510989010989 0.11869918699186992 0.05357142857142857
9 0.6528455284552845 0.8578296703296703 0.1967479674796748 0.1771978021978022
8 0.45365853658536587 0.6888736263736264 0.08130081300813008 0.07692307692307693