2 0.565625 0.39553571428571427 0.0925 0.12678571428571428
2 0.649375 0.4857142857142857 0.04125 0.12857142857142856
8 0.066875 0.44821428571428573 0.0525 0.06607142857142857
8 0.035625 0.36964285714285716 0.0475 0.060714285714285714
9 0.200625 0.34285714285714286 0.16375 0.16785714285714284
2 0.409375 0.22857142857142856 0.09625 0.11964285714285715
5 0.52125 0.8839285714285714 0.14375 0.14285714285714285
5 0.255625 0.7116071428571429 0.10375 0.10535714285714286
5 0.43875 0.7553571428571428 0.0725 0.09107142857142857
5 0.47875 0.6169642857142857 0.06 0.05178571428571429
5 0.191875 0.5857142857142857 0.035 0.0375
5 0.240625 0.7830357142857143 0.04875 0.0375
5 0.22375 0.8258928571428571 0.0575 0.04642857142857143
5 0.21875 0.8973214285714286 0.0975 0.06607142857142857
5 0.11875 0.8339285714285715 0.06625 0.09107142857142857
5 0.115 0.9098214285714286 0.0925 0.06785714285714285
5 0.031875 0.8035714285714286 0.03375 0.05
5 0.348125 0.5732142857142857 0.05875 0.04642857142857143
5 0.32375 0.7205357142857143 0.035 0.10178571428571428
5 0.33125 0.8357142857142857 0.05625 0.055357142857142855
5 0.383125 0.7142857142857143 0.05125 0.10535714285714286
5 0.4075 0.8901785714285714 0.06875 0.05892857142857143
5 0.425 0.56875 0.0325 0.0375
5 0.42375 0.6196428571428572 0.02625 0.039285714285714285
5 0.468125 0.6892857142857143 0.0575 0.06607142857142857
5 0.444375 0.8491071428571428 0.03875 0.05178571428571429
5 0.325 0.7910714285714285 0.10625 0.05178571428571429
5 0.149375 0.7642857142857142 0.06875 0.06607142857142857
8 0.689375 0.8053571428571429 0.03875 0.07857142857142857
8 0.76625 0.8401785714285714 0.05 0.06428571428571428
8 0.851875 0.8919642857142858 0.0325 0.05714285714285714
1 0.689375 0.9357142857142857 0.03875 0.05357142857142857
1 0.6875 0.8714285714285714 0.035 0.039285714285714285