9 0.1723076923076923 0.20582959641255605 0.10358974358974359 0.07802690582959641
9 0.4276923076923077 0.32780269058295963 0.10974358974358975 0.08968609865470852
9 0.27692307692307694 0.36412556053811657 0.08205128205128205 0.07713004484304933
9 0.3282051282051282 0.30448430493273543 0.06666666666666667 0.05560538116591928
9 0.2523076923076923 0.12645739910313902 0.09025641025641026 0.06995515695067264
9 0.4907692307692308 0.27982062780269057 0.07794871794871795 0.06547085201793722
9 0.48256410256410254 0.4744394618834081 0.07487179487179488 0.06995515695067264
1 0.03435897435897436 0.26367713004484306 0.06666666666666667 0.08789237668161436
1 0.08717948717948718 0.4022421524663677 0.050256410256410255 0.05291479820627803
1 0.26666666666666666 0.2085201793721973 0.036923076923076927 0.039461883408071746
8 0.30256410256410254 0.045291479820627804 0.06256410256410257 0.04753363228699552
11 0.19076923076923077 0.384304932735426 0.0841025641025641 0.0726457399103139
9 0.1671794871794872 0.42780269058295967 0.11794871794871795 0.07802690582959641
7 0.23076923076923078 0.305829596412556 0.06256410256410257 0.04663677130044843
7 0.2923076923076923 0.2556053811659193 0.055384615384615386 0.04753363228699552
11 0.6958974358974359 0.32107623318385653 0.07282051282051281 0.07892376681614349
11 0.6794871794871795 0.15201793721973095 0.04 0.045739910313901344
7 0.23076923076923078 0.8582959641255605 0.08512820512820513 0.08609865470852018
7 0.46974358974358976 0.8233183856502242 0.06512820512820512 0.054260089686098655
8 0.5097435897435898 0.7390134529147983 0.05846153846153846 0.0484304932735426
11 0.40102564102564103 0.5730941704035875 0.047692307692307694 0.03856502242152467
11 0.44871794871794873 0.6165919282511211 0.04923076923076923 0.04753363228699552
11 0.024615384615384615 0.7762331838565022 0.04923076923076923 0.04394618834080718
11 0.0917948717948718 0.8461883408071749 0.047692307692307694 0.04394618834080718
11 0.02205128205128205 0.8834080717488789 0.0441025641025641 0.05874439461883408
11 0.3353846153846154 0.9121076233183857 0.0441025641025641 0.039461883408071746
11 0.3128205128205128 0.7856502242152467 0.05384615384615385 0.03766816143497758
11 0.502051282051282 0.9955156950672646 0.03487179487179487 0.008968609865470852
11 0.4087179487179487 0.9426008968609866 0.0558974358974359 0.04394618834080718
11 0.615897435897436 0.7919282511210762 0.06307692307692307 0.04932735426008968
11 0.12564102564102564 0.8130044843049328 0.05384615384615385 0.05515695067264574
11 0.17692307692307693 0.9246636771300448 0.08615384615384615 0.056950672645739914
9 0.1676923076923077 0.8318385650224215 0.0441025641025641 0.04394618834080718
1 0.4512820512820513 0.7430493273542601 0.045641025641025644 0.04035874439461883
7 0.2364102564102564 0.7605381165919283 0.057435897435897436 0.03766816143497758
7 0.06512820512820512 0.7475336322869955 0.052307692307692305 0.039461883408071746
7 0.1441025641025641 0.7538116591928251 0.07025641025641026 0.06053811659192825
7 0.19128205128205128 0.7147982062780269 0.054871794871794874 0.03766816143497758
7 0.8538461538461538 0.9116591928251121 0.08307692307692308 0.0968609865470852
7 0.7635897435897436 0.9914798206278027 0.07282051282051281 0.017040358744394617
7 0.963076923076923 0.7408071748878924 0.07384615384615385 0.09327354260089686
8 0.7 0.9488789237668162 0.06256410256410257 0.07982062780269059