6 0.157 0.028888888888888888 0.016 0.027555555555555555
7 0.291 0.12711111111111112 0.03266666666666666 0.04533333333333334
7 0.23166666666666666 0.296 0.026333333333333334 0.041777777777777775
8 0.20633333333333334 0.10311111111111111 0.021 0.037333333333333336
7 0.16833333333333333 0.2608888888888889 0.028666666666666667 0.04533333333333334
7 0.176 0.18266666666666667 0.026 0.05422222222222222
11 0.848 0.029333333333333333 0.11866666666666667 0.058666666666666666
11 0.8316666666666667 0.17066666666666666 0.16666666666666666 0.11822222222222223
11 0.789 0.30533333333333335 0.18133333333333335 0.08533333333333333
11 0.678 0.24622222222222223 0.15166666666666667 0.08533333333333333
11 0.6593333333333333 0.15422222222222223 0.11833333333333333 0.10044444444444445
11 0.5503333333333333 0.07111111111111111 0.11466666666666667 0.07422222222222222
7 0.541 0.15644444444444444 0.10733333333333334 0.07866666666666666
1 0.36233333333333334 0.4915555555555556 0.04466666666666667 0.042666666666666665
1 0.13166666666666665 0.6004444444444444 0.03766666666666667 0.04088888888888889
1 0.2986666666666667 0.664 0.049 0.04711111111111111
7 0.16033333333333333 0.8355555555555556 0.039 0.048
7 0.321 0.7244444444444444 0.036333333333333336 0.052
7 0.363 0.4488888888888889 0.035666666666666666 0.042666666666666665
11 0.24966666666666668 0.656 0.035666666666666666 0.04844444444444444
11 0.349 0.652 0.033666666666666664 0.044444444444444446
11 0.334 0.828 0.04133333333333333 0.043555555555555556
5 0.8063333333333333 0.54 0.06866666666666667 0.104
5 0.7723333333333333 0.6031111111111112 0.06533333333333333 0.10488888888888889
5 0.9043333333333333 0.5724444444444444 0.05266666666666667 0.11022222222222222
5 0.5163333333333333 0.7991111111111111 0.05733333333333333 0.059555555555555556
5 0.5063333333333333 0.7395555555555555 0.04466666666666667 0.06222222222222222
5 0.5436666666666666 0.6977777777777778 0.04733333333333333 0.06488888888888888
5 0.48733333333333334 0.6817777777777778 0.06 0.07466666666666667
5 0.46166666666666667 0.7697777777777778 0.06333333333333334 0.12444444444444444
5 0.4483333333333333 0.6626666666666666 0.03666666666666667 0.088
5 0.436 0.544 0.012 0.06222222222222222
5 0.498 0.5395555555555556 0.10466666666666667 0.12977777777777777
5 0.5816666666666667 0.6151111111111112 0.072 0.07111111111111111
5 0.6696666666666666 0.5693333333333334 0.08333333333333333 0.10311111111111111
5 0.7053333333333334 0.46044444444444443 0.03866666666666667 0.050666666666666665
5 0.7913333333333333 0.4262222222222222 0.06 0.06133333333333333
5 0.94 0.4657777777777778 0.05 0.06577777777777778
5 0.7376666666666667 0.40044444444444444 0.08866666666666667 0.022222222222222223