9 0.5055555555555555 0.21157407407407408 0.08888888888888889 0.14537037037037037
0 0.3388888888888889 0.2953703703703704 0.0824074074074074 0.08148148148148149
0 0.0962962962962963 0.6226851851851852 0.11481481481481481 0.05462962962962963
8 0.5050925925925925 0.09444444444444444 0.08981481481481482 0.07962962962962963
9 0.7245370370370371 0.20972222222222223 0.06851851851851852 0.125
9 0.749537037037037 0.5828703703703704 0.07546296296296297 0.125
8 0.7555555555555555 0.16944444444444445 0.028703703703703703 0.06527777777777778
8 0.8810185185185185 0.2375 0.03194444444444444 0.04953703703703704
8 0.8782407407407408 0.23564814814814813 0.0699074074074074 0.11342592592592593
5 0.924537037037037 0.33935185185185185 0.05555555555555555 0.09490740740740741
7 0.7532407407407408 0.4078703703703704 0.044444444444444446 0.05324074074074074
7 0.2162037037037037 0.8601851851851852 0.10416666666666667 0.1087962962962963
6 0.6851851851851852 0.7134259259259259 0.08703703703703704 0.08101851851851852
6 0.7356481481481482 0.8111111111111111 0.050462962962962966 0.06712962962962964
6 0.700925925925926 0.8546296296296296 0.0412037037037037 0.06111111111111111
6 0.7527777777777778 0.9101851851851852 0.06620370370370371 0.10694444444444444
6 0.8435185185185186 0.9319444444444445 0.12314814814814815 0.11481481481481481
6 0.8421296296296297 0.8546296296296296 0.08055555555555556 0.09305555555555556
6 0.9282407407407407 0.8643518518518518 0.07407407407407407 0.09490740740740741
6 0.950462962962963 0.7935185185185185 0.03935185185185185 0.04351851851851852
6 0.8310185185185185 0.7578703703703704 0.0962962962962963 0.08101851851851852
6 0.7615740740740741 0.7648148148148148 0.026851851851851852 0.0375
6 0.7694444444444445 0.6962962962962963 0.06944444444444445 0.07314814814814814
6 0.6611111111111111 0.8162037037037037 0.07592592592592592 0.09074074074074075