8 0.2793333333333333 0.21934604904632152 0.035333333333333335 0.07356948228882834
7 0.13633333333333333 0.2683923705722071 0.038 0.08265213442325159
8 0.272 0.39146230699364215 0.023 0.055404178019981834
8 0.211 0.23614895549500453 0.038 0.08583106267029973
2 0.043333333333333335 0.33605812897366033 0.03266666666666666 0.05812897366030881
2 0.18166666666666667 0.36830154405086285 0.048666666666666664 0.07992733878292461
7 0.30566666666666664 0.33287920072661215 0.027 0.05812897366030881
8 0.6246666666666667 0.22979109900090827 0.048666666666666664 0.08356039963669391
7 0.43366666666666664 0.035876475930971846 0.06733333333333333 0.07175295186194369
9 0.739 0.48501362397820164 0.05 0.04904632152588556
1 0.021333333333333333 0.9455040871934605 0.03866666666666667 0.03814713896457766
1 0.255 0.9037238873751136 0.032 0.03814713896457766
1 0.113 0.7842870118074478 0.042 0.04178019981834696
7 0.27366666666666667 0.6475930971843779 0.03266666666666666 0.045413260672116255
7 0.104 0.7134423251589465 0.028666666666666667 0.05086285195277021
7 0.013333333333333334 0.9850136239782016 0.02666666666666667 0.02997275204359673
11 0.157 0.8079019073569482 0.028666666666666667 0.047229791099000905
11 0.06433333333333334 0.7811080835603996 0.027333333333333334 0.04268846503178928
11 0.112 0.6008174386920981 0.034666666666666665 0.03996366939146231
1 0.6093333333333333 0.7238873751135332 0.09666666666666666 0.07584014532243415
1 0.7043333333333334 0.6253405994550408 0.12866666666666668 0.05404178019981835
1 0.6926666666666667 0.5495004541326067 0.058666666666666666 0.04586739327883742
1 0.7833333333333333 0.6748410535876476 0.05266666666666667 0.049954586739327886
1 0.8813333333333333 0.6980018165304269 0.076 0.035876475930971846
1 0.861 0.7556766575840145 0.06433333333333334 0.03996366939146231
1 0.744 0.7479564032697548 0.05266666666666667 0.04178019981834696
1 0.5976666666666667 0.7938237965485921 0.044 0.049954586739327886
1 0.7013333333333334 0.8224341507720254 0.079 0.049954586739327886