9 0.179296875 0.2298611111111111 0.05546875 0.09444444444444444
9 0.11953125 0.2569444444444444 0.034375 0.06527777777777778
9 0.073046875 0.2375 0.0265625 0.06527777777777778
9 0.110546875 0.1763888888888889 0.0375 0.05694444444444444
8 0.38828125 0.28541666666666665 0.0328125 0.04861111111111111
2 0.398828125 0.02638888888888889 0.06015625 0.05277777777777778
0 0.283203125 0.021527777777777778 0.03203125 0.043055555555555555
1 0.6703125 0.10347222222222222 0.06171875 0.05416666666666667
1 0.93359375 0.16875 0.043359375 0.05555555555555555
1 0.783984375 0.15902777777777777 0.0453125 0.03888888888888889
1 0.762890625 0.10555555555555556 0.047265625 0.05694444444444444
1 0.590234375 0.17847222222222223 0.0609375 0.05486111111111111
1 0.826953125 0.21041666666666667 0.0421875 0.05555555555555555
1 0.620703125 0.06458333333333334 0.036328125 0.027777777777777776
6 0.65625 0.05763888888888889 0.0265625 0.02361111111111111
2 0.0390625 0.4444444444444444 0.078125 0.16666666666666666
2 0.225390625 0.5368055555555555 0.05234375 0.09305555555555556
2 0.41484375 0.45555555555555555 0.03671875 0.09027777777777778
9 0.017578125 0.6159722222222223 0.03515625 0.1375
4 0.659765625 0.90625 0.0609375 0.09236111111111112
4 0.753515625 0.6152777777777778 0.06328125 0.09236111111111112
4 0.819140625 0.6902777777777778 0.056640625 0.06736111111111111
7 0.665234375 0.5798611111111112 0.058984375 0.08263888888888889