7 0.36916666666666664 0.1884422110552764 0.12333333333333334 0.19974874371859297
7 0.3566666666666667 0.3957286432160804 0.0925 0.13944723618090452
9 0.22916666666666666 0.5364321608040201 0.12166666666666667 0.14321608040201006
1 0.5033333333333333 0.36432160804020103 0.06833333333333333 0.14824120603015076
8 0.885 0.08417085427135679 0.06 0.08040201005025126
11 0.8458333333333333 0.020100502512562814 0.045 0.04020100502512563
11 0.8233333333333334 0.008793969849246231 0.04 0.017587939698492462
11 0.8425 0.4510050251256281 0.04833333333333333 0.06532663316582915
11 0.9033333333333333 0.5389447236180904 0.06 0.09798994974874371
11 0.9608333333333333 0.3479899497487437 0.058333333333333334 0.10050251256281408
11 0.9675 0.23366834170854273 0.065 0.1306532663316583
11 0.62 0.19597989949748743 0.02 0.10050251256281408
11 0.6666666666666666 0.0942211055276382 0.065 0.09045226130653267
11 0.7691666666666667 0.5201005025125628 0.05 0.0829145728643216
11 0.8266666666666667 0.5464824120603015 0.03333333333333333 0.06030150753768844
11 0.6975 0.32160804020100503 0.07333333333333333 0.08542713567839195
7 0.875 0.31909547738693467 0.06666666666666667 0.07788944723618091
7 0.8316666666666667 0.25251256281407036 0.075 0.08040201005025126
7 0.9925 0.14321608040201006 0.015 0.07537688442211055
7 0.9183333333333333 0.14949748743718594 0.051666666666666666 0.07035175879396985
7 0.96 0.09673366834170855 0.06 0.09798994974874371
7 0.99 0.018844221105527637 0.02 0.03768844221105527
7 0.9558333333333333 0.017587939698492462 0.051666666666666666 0.035175879396984924
7 0.8366666666666667 0.07412060301507538 0.07666666666666666 0.09798994974874371
7 0.705 0.1507537688442211 0.056666666666666664 0.07537688442211055
7 0.6641666666666667 0.5690954773869347 0.06833333333333333 0.07788944723618091
7 0.34 0.6947236180904522 0.04833333333333333 0.09045226130653267
9 0.22416666666666665 0.6683417085427136 0.06833333333333333 0.12060301507537688
1 0.66 0.835427135678392 0.04 0.09673366834170855
4 0.775 0.8366834170854272 0.03166666666666667 0.08040201005025126