8 0.19880239520958085 0.17955801104972377 0.08083832335329341 0.0531767955801105
8 0.5035928143712575 0.332182320441989 0.12994011976047903 0.08218232044198895
2 0.2155688622754491 0.35980662983425415 0.1568862275449102 0.06837016574585636
2 0.4281437125748503 0.19889502762430938 0.12275449101796407 0.06077348066298342
1 0.6574850299401198 0.30248618784530384 0.17724550898203592 0.19889502762430938
1 0.8191616766467066 0.27624309392265195 0.09461077844311377 0.10220994475138122
1 0.6431137724550898 0.019337016574585635 0.059880239520958084 0.03867403314917127
8 0.43173652694610776 0.7859116022099447 0.06946107784431138 0.0925414364640884
7 0.15389221556886226 0.9468232044198895 0.09700598802395209 0.09668508287292818
11 0.6664670658682634 0.6795580110497238 0.025748502994011976 0.03660220994475138
11 0.6526946107784432 0.7071823204419889 0.019161676646706587 0.05386740331491713
11 0.6964071856287425 0.6747237569060773 0.01976047904191617 0.03867403314917127
11 0.7323353293413174 0.6602209944751382 0.020958083832335328 0.03522099447513812
11 0.7682634730538922 0.6988950276243094 0.013173652694610778 0.031767955801104975
11 0.7191616766467066 0.7216850828729282 0.01437125748502994 0.05041436464088398
7 0.7029940119760479 0.8577348066298343 0.03053892215568862 0.04696132596685083
0 0.7718562874251497 0.8383977900552486 0.03592814371257485 0.05870165745856354
0 0.7449101796407186 0.7230662983425414 0.02155688622754491 0.060082872928176795
0 0.6952095808383234 0.7527624309392266 0.02874251497005988 0.03522099447513812