9 0.277710843373494 0.35526315789473684 0.046987951807228916 0.13157894736842105
9 0.1783132530120482 0.23452012383900928 0.06746987951807229 0.1130030959752322
9 0.372289156626506 0.21439628482972137 0.06987951807228916 0.06656346749226007
1 0.22710843373493975 0.11068111455108359 0.02530120481927711 0.06346749226006192
1 0.22289156626506024 0.17724458204334365 0.03132530120481928 0.06037151702786378
8 0.7777108433734939 0.28637770897832815 0.0427710843373494 0.07894736842105263
8 0.6909638554216867 0.28405572755417957 0.04939759036144578 0.07507739938080496
8 0.6289156626506024 0.26238390092879255 0.04759036144578313 0.058823529411764705
8 0.7 0.07120743034055728 0.03614457831325301 0.07507739938080496
11 0.6524096385542169 0.14705882352941177 0.09457831325301205 0.06811145510835913
5 0.14337349397590363 0.7291021671826625 0.26265060240963856 0.18575851393188855
2 0.8385542168674699 0.9589783281733746 0.08493975903614458 0.08204334365325078
2 0.6897590361445783 0.8312693498452013 0.03433734939759036 0.043343653250773995
9 0.9493975903614458 0.8095975232198143 0.07349397590361446 0.0673374613003096
0 0.9506024096385542 0.565015479876161 0.0572289156626506 0.06037151702786378
2 0.7012048192771084 0.8722910216718266 0.029518072289156625 0.03869969040247678