0 0.6175925925925926 0.350462962962963 0.08796296296296297 0.08703703703703704
1 0.8407407407407408 0.24675925925925926 0.03194444444444444 0.0763888888888889
1 0.9685185185185186 0.22175925925925927 0.024074074074074074 0.07407407407407407
1 0.8986111111111111 0.20185185185185187 0.023148148148148147 0.056018518518518516
1 0.8837962962962963 0.26435185185185184 0.025925925925925925 0.0763888888888889
1 0.8111111111111111 0.1337962962962963 0.03194444444444444 0.0787037037037037
1 0.9236111111111112 0.14583333333333334 0.024074074074074074 0.07407407407407407
1 0.8138888888888889 0.2847222222222222 0.018055555555555554 0.03981481481481482
6 0.8296296296296296 0.30092592592592593 0.013425925925925926 0.03425925925925926
8 0.5208333333333334 0.6805555555555556 0.1361111111111111 0.0912037037037037
8 0.06296296296296296 0.7870370370370371 0.1259259259259259 0.1476851851851852
2 0.36666666666666664 0.9106481481481481 0.2388888888888889 0.13240740740740742
2 0.21388888888888888 0.6356481481481482 0.1925925925925926 0.11296296296296296
9 0.8870370370370371 0.6342592592592593 0.04490740740740741 0.1712962962962963
8 0.7759259259259259 0.6569444444444444 0.012962962962962963 0.08009259259259259
8 0.7759259259259259 0.7800925925925926 0.012962962962962963 0.08009259259259259
1 0.8791666666666667 0.8157407407407408 0.018518518518518517 0.08842592592592592