8 0.263125 0.1925 0.03375 0.069375
7 0.13 0.264375 0.03625 0.078125
8 0.2625 0.354375 0.021875 0.051875
8 0.199375 0.22 0.03625 0.08125
2 0.044375 0.344375 0.030625 0.058125
2 0.176875 0.35 0.04625 0.078125
7 0.293125 0.295 0.025625 0.055
8 0.775625 0.19375 0.088125 0.059375
8 0.468125 0.39125 0.1575 0.090625
2 0.794375 0.395 0.168125 0.075
2 0.5325 0.235 0.13375 0.06625
8 0.335625 0.549375 0.03625 0.04875
9 0.19 0.82625 0.05125 0.0925
0 0.07875 0.8525 0.08 0.0675
0 0.235625 0.715 0.05375 0.0575
0 0.17 0.719375 0.0375 0.05375
0 0.0325 0.71625 0.065 0.1225
0 0.339375 0.68875 0.05375 0.05625
0 0.086875 0.725 0.05875 0.0575
0 0.15125 0.614375 0.08125 0.04375
0 0.26 0.63125 0.055 0.0825
11 0.181875 0.534375 0.05625 0.07125
9 0.54375 0.914375 0.1075 0.17125
9 0.411875 0.929375 0.06375 0.14125