6 0.168359375 0.013774912075029308 0.01328125 0.027549824150058615
7 0.251953125 0.26875732708089095 0.02734375 0.06623681125439625
7 0.171875 0.444021101992966 0.022265625 0.06096131301289566
8 0.191796875 0.15621336459554513 0.0171875 0.05422039859320047
7 0.13046875 0.3376318874560375 0.0234375 0.06740914419695193
7 0.151953125 0.23681125439624853 0.021484375 0.07942555685814771
7 0.69140625 0.376905041031653 0.109375 0.08440797186400938
11 0.69609375 0.24824150058616648 0.07265625 0.07913247362250879
0 0.669921875 0.1559202813599062 0.064453125 0.07121922626025791
0 0.73046875 0.29191090269636577 0.0578125 0.05275498241500586
0 0.792578125 0.15650644783118406 0.05 0.05949589683470106
0 0.833203125 0.08909730363423213 0.07109375 0.08177022274325908
0 0.451171875 0.1175263774912075 0.073828125 0.06066822977725674
0 0.513671875 0.09906213364595545 0.0421875 0.08177022274325908
0 0.530078125 0.21776084407971863 0.068359375 0.056858147713950764
0 0.6046875 0.06946072684642439 0.075 0.06858147713950762
0 0.638671875 0.26465416178194606 0.05 0.06477139507620164
0 0.921484375 0.3493552168815944 0.0765625 0.0805978898007034
5 0.253515625 0.6998827667057445 0.069921875 0.08147713950762016
5 0.2265625 0.9185228604923799 0.06796875 0.06477139507620164
5 0.2125 0.8519929660023446 0.078125 0.08001172332942556
5 0.165625 0.9003516998827668 0.044921875 0.0697538100820633
5 0.1296875 0.8004103165298945 0.054296875 0.05949589683470106
5 0.187890625 0.7705158264947245 0.05859375 0.07825322391559203
3 0.904296875 0.9604337631887456 0.19140625 0.07913247362250879
3 0.81484375 0.8344079718640094 0.1609375 0.15767878077373973
3 0.95859375 0.8440797186400938 0.0828125 0.14536928487690504