9 0.22175925925925927 0.25416666666666665 0.04583333333333333 0.09907407407407408
9 0.1712962962962963 0.33935185185185185 0.06759259259259259 0.15833333333333333
9 0.22268518518518518 0.3101851851851852 0.001851851851851852 0.003703703703703704
9 0.2162037037037037 0.3490740740740741 0.03425925925925926 0.08657407407407407
9 0.16064814814814815 0.21435185185185185 0.06527777777777778 0.10185185185185185
8 0.11157407407407408 0.362962962962963 0.02638888888888889 0.04537037037037037
9 0.2518518518518518 0.45046296296296295 0.03425925925925926 0.0375
9 0.24259259259259258 0.39490740740740743 0.02638888888888889 0.03194444444444444
9 0.7611111111111111 0.18101851851851852 0.22037037037037038 0.11388888888888889
9 0.8078703703703703 0.4115740740740741 0.14166666666666666 0.1398148148148148
9 0.5333333333333333 0.05138888888888889 0.1 0.10277777777777777
8 0.32037037037037036 0.7111111111111111 0.02361111111111111 0.03981481481481482
8 0.07546296296296297 0.9342592592592592 0.02546296296296296 0.02962962962962963
8 0.25324074074074077 0.9310185185185185 0.02546296296296296 0.03518518518518519
8 0.18101851851851852 0.9305555555555556 0.029166666666666667 0.04490740740740741
8 0.16527777777777777 0.6694444444444444 0.037037037037037035 0.037037037037037035
8 0.17546296296296296 0.8046296296296296 0.03287037037037037 0.032407407407407406
8 0.14814814814814814 0.8458333333333333 0.024537037037037038 0.041666666666666664
2 0.125 0.9398148148148148 0.04351851851851852 0.06388888888888888
7 0.2689814814814815 0.7162037037037037 0.03518518518518519 0.03148148148148148
7 0.20416666666666666 0.7217592592592592 0.04259259259259259 0.03148148148148148
7 0.12407407407407407 0.6986111111111111 0.03009259259259259 0.03148148148148148
9 0.26481481481481484 0.8018518518518518 0.03888888888888889 0.03981481481481482
11 0.15833333333333333 0.9879629629629629 0.02824074074074074 0.02361111111111111
11 0.29907407407407405 0.8814814814814815 0.024537037037037038 0.037037037037037035
11 0.20046296296296295 0.7768518518518519 0.02638888888888889 0.01898148148148148
11 0.2351851851851852 0.7435185185185185 0.02546296296296296 0.03611111111111111
11 0.3347222222222222 0.6027777777777777 0.016203703703703703 0.026851851851851852
11 0.3402777777777778 0.7018518518518518 0.022685185185185187 0.022685185185185187
11 0.2125 0.9291666666666667 0.02546296296296296 0.03425925925925926
7 0.17546296296296296 0.8814814814814815 0.022685185185185187 0.024537037037037038
9 0.7324074074074074 0.8824074074074074 0.06296296296296296 0.05648148148148148
8 0.5189814814814815 0.7712962962962963 0.05925925925925926 0.05648148148148148
8 0.8407407407407408 0.8171296296296297 0.05648148148148148 0.05648148148148148
5 0.4736111111111111 0.9486111111111111 0.04351851851851852 0.06574074074074074