11 0.27 0.2625 0.20125 0.195
11 0.444375 0.231875 0.11125 0.16125
11 0.019375 0.12125 0.03875 0.105
11 0.0325 0.39375 0.065 0.0725
2 0.70375 0.1275 0.04125 0.0625
9 0.7825 0.253125 0.051875 0.07125
9 0.66875 0.361875 0.051875 0.05625
8 0.671875 0.301875 0.045 0.049375
8 0.553125 0.32125 0.033125 0.038125
8 0.615625 0.361875 0.04125 0.0425
8 0.74625 0.201875 0.036875 0.049375
8 0.60625 0.099375 0.051875 0.0575
8 0.59625 0.305 0.0325 0.036875
8 0.67875 0.196875 0.045 0.050625
7 0.835625 0.065625 0.033125 0.045
9 0.836875 0.256875 0.04625 0.053125
7 0.798125 0.10375 0.055 0.080625
7 0.856875 0.20625 0.04375 0.05625
7 0.753125 0.239375 0.040625 0.049375
7 0.61625 0.26 0.038125 0.04125
7 0.91625 0.094375 0.055 0.064375
7 0.829375 0.12125 0.033125 0.0475
7 0.8125 0.21 0.0275 0.0325
7 0.92375 0.184375 0.04375 0.06
7 0.865 0.134375 0.025625 0.0325
7 0.82 0.16125 0.0325 0.039375
7 0.643125 0.336875 0.035625 0.04375
7 0.76375 0.334375 0.04375 0.04125
7 0.726875 0.244375 0.034375 0.038125
7 0.715625 0.20875 0.0325 0.038125
8 0.121875 0.73375 0.045625 0.05875
8 0.25375 0.83 0.059375 0.0825
8 0.335 0.85625 0.0375 0.05875
8 0.384375 0.809375 0.0375 0.048125
8 0.199375 0.74875 0.040625 0.055
2 0.3 0.78125 0.066875 0.07875
1 0.310625 0.64375 0.0725 0.088125
1 0.253125 0.6975 0.069375 0.064375
1 0.194375 0.90125 0.045625 0.055
11 0.048125 0.716875 0.039375 0.04375
8 0.371875 0.84 0.038125 0.051875
8 0.185625 0.4525 0.05875 0.045
11 0.259375 0.490625 0.0375 0.04375
11 0.201875 0.48125 0.035 0.04375
11 0.105625 0.448125 0.04875 0.03625
11 0.133125 0.8025 0.05 0.0625
11 0.323125 0.488125 0.07125 0.071875
10 0.71125 0.649375 0.386875 0.38