0 0.44907407407407407 0.4078703703703704 0.075 0.07407407407407407
4 0.7180555555555556 0.3087962962962963 0.0912037037037037 0.16342592592592592
11 0.20324074074074075 0.7462962962962963 0.05462962962962963 0.05740740740740741
0 0.24166666666666667 0.7185185185185186 0.07037037037037037 0.05925925925925926
7 0.49027777777777776 0.9180555555555555 0.03796296296296296 0.03981481481481482
7 0.44907407407407407 0.7564814814814815 0.05185185185185185 0.04351851851851852
11 0.3837962962962963 0.9069444444444444 0.05277777777777778 0.046296296296296294
3 0.6546296296296297 0.861574074074074 0.10092592592592593 0.08101851851851852
3 0.6263888888888889 0.8023148148148148 0.10277777777777777 0.06574074074074074
3 0.749537037037037 0.8013888888888889 0.09074074074074075 0.04583333333333333
3 0.8564814814814815 0.8824074074074074 0.1050925925925926 0.06759259259259259
3 0.7546296296296297 0.861574074074074 0.09074074074074075 0.0625