2 0.3009049773755656 0.30372250423011843 0.06561085972850679 0.09137055837563451
2 0.3608597285067873 0.29357021996615906 0.06108597285067873 0.09306260575296109
2 0.2748868778280543 0.1218274111675127 0.03959276018099547 0.07614213197969544
2 0.29694570135746606 0.22504230118443316 0.05995475113122172 0.10152284263959391
2 0.251131221719457 0.21489001692047377 0.04411764705882353 0.08121827411167512
9 0.31334841628959276 0.3824027072758037 0.06900452488687783 0.10321489001692047
8 0.35350678733031676 0.09306260575296109 0.0418552036199095 0.06260575296108291
8 0.4117647058823529 0.18189509306260576 0.03733031674208145 0.05922165820642978
8 0.22228506787330315 0.0676818950930626 0.03619909502262444 0.06429780033840947
7 0.4230769230769231 0.24873096446700507 0.03167420814479638 0.0676818950930626
9 0.2647058823529412 0.05499153976311337 0.04638009049773756 0.0676818950930626
11 0.5463800904977375 0.28849407783417935 0.06447963800904978 0.0829103214890017
5 0.6923076923076923 0.2182741116751269 0.08710407239819004 0.10490693739424704
9 0.9411764705882353 0.3401015228426396 0.0916289592760181 0.10829103214890017
9 0.8269230769230769 0.3426395939086294 0.10633484162895927 0.12013536379018612
5 0.4852941176470588 0.23011844331641285 0.08936651583710407 0.116751269035533
5 0.498868778280543 0.09137055837563451 0.08484162895927602 0.1065989847715736
5 0.4604072398190045 0.0338409475465313 0.042986425339366516 0.0676818950930626
5 0.666289592760181 0.10152284263959391 0.1165158371040724 0.12859560067681894
9 0.7319004524886877 0.20304568527918782 0.05995475113122172 0.13028764805414553
9 0.7330316742081447 0.377326565143824 0.07352941176470588 0.09306260575296109
7 0.8173076923076923 0.05922165820642978 0.04524886877828054 0.06429780033840947
7 0.8116515837104072 0.11505922165820642 0.04524886877828054 0.07106598984771574
9 0.7782805429864253 0.17089678510998307 0.05429864253393665 0.07614213197969544
9 0.7963800904977375 0.23434856175972926 0.04524886877828054 0.07445008460236886
9 0.543552036199095 0.015228426395939087 0.0667420814479638 0.030456852791878174
9 0.6136877828054299 0.0532994923857868 0.07126696832579185 0.1065989847715736
11 0.4281674208144796 0.5033840947546532 0.021493212669683258 0.08967851099830795
8 0.29751131221719457 0.49323181049069376 0.049773755656108594 0.06937394247038917
8 0.23020361990950225 0.616751269035533 0.04751131221719457 0.06429780033840947
7 0.03167420814479638 0.8214890016920474 0.06334841628959276 0.1065989847715736
11 0.707579185520362 0.7588832487309645 0.06334841628959276 0.10321489001692047
11 0.7986425339366516 0.7969543147208121 0.042986425339366516 0.07445008460236886
11 0.5096153846153846 0.7859560067681896 0.07352941176470588 0.13959390862944163
11 0.9292986425339367 0.6776649746192893 0.05938914027149321 0.11082910321489002
11 0.5752262443438914 0.9813874788494078 0.050339366515837106 0.03722504230118443
11 0.9100678733031674 0.48223350253807107 0.04920814479638009 0.047377326565143825