9 0.2388955582232893 0.22625 0.11524609843937575 0.11625
9 0.15126050420168066 0.526875 0.09603841536614646 0.06625
8 0.1914765906362545 0.1875 0.05162064825930372 0.06125
8 0.009603841536614645 0.220625 0.01920768307322929 0.04375
8 0.17406962785114047 0.408125 0.06602641056422569 0.06125
8 0.7665066026410564 0.085625 0.0744297719087635 0.0675
9 0.6428571428571429 0.1425 0.061224489795918366 0.07875
9 0.5612244897959183 0.086875 0.05402160864345738 0.0475
9 0.7677070828331333 0.419375 0.08283313325330131 0.085
11 0.5264105642256903 0.310625 0.07202881152460984 0.075
11 0.9279711884753902 0.425 0.056422569027611044 0.0725
11 0.776110444177671 0.52375 0.07803121248499399 0.0725
11 0.7863145258103241 0.33875 0.06962785114045618 0.06625
7 0.1290516206482593 0.5875 0.08283313325330131 0.055
7 0.17767106842737096 0.8425 0.062424969987995196 0.05875
8 0.23949579831932774 0.895 0.055222088835534214 0.0625
8 0.08703481392557023 0.714375 0.058823529411764705 0.06125
8 0.2190876350540216 0.649375 0.04081632653061224 0.045
8 0.15126050420168066 0.735 0.058823529411764705 0.055
11 0.304921968787515 0.91375 0.03961584633853541 0.04625
11 0.010804321728691477 0.729375 0.021608643457382955 0.06375
11 0.017406962785114045 0.820625 0.03481392557022809 0.05375
11 0.2653061224489796 0.9275 0.0468187274909964 0.04875
11 0.2773109243697479 0.885 0.057623049219687875 0.06
11 0.18007202881152462 0.8925 0.055222088835534214 0.06125
11 0.3067226890756303 0.58625 0.04801920768307323 0.05125
11 0.3055222088835534 0.6525 0.05282112845138055 0.05125
11 0.22208883553421369 0.751875 0.05162064825930372 0.0525
11 0.8697478991596639 0.75625 0.19687875150060025 0.19875
11 0.9405762304921969 0.57375 0.09723889555822329 0.0275
11 0.9531812725090036 0.916875 0.0936374549819928 0.16375
11 0.5870348139255702 0.66125 0.08883553421368548 0.10625