1 0.650390625 0.259765625 0.4609375 0.51953125
1 0.852294921875 0.127685546875 0.24951171875 0.25537109375
1 0.942138671875 0.096435546875 0.11572265625 0.19287109375
1 0.37646484375 0.95654296875 0.0869140625 0.0869140625
1 0.291748046875 0.94287109375 0.09912109375 0.1142578125
1 0.147705078125 0.951416015625 0.11962890625 0.09716796875
1 0.128173828125 0.834228515625 0.10693359375 0.1025390625
1 0.28369140625 0.785400390625 0.09326171875 0.1005859375
1 0.405517578125 0.6201171875 0.02880859375 0.115234375
1 0.279541015625 0.621826171875 0.13330078125 0.12841796875
7 0.948974609375 0.87646484375 0.10205078125 0.119140625
11 0.908447265625 0.65673828125 0.0947265625 0.1005859375
11 0.77099609375 0.671875 0.05712890625 0.07568359375
11 0.841064453125 0.813720703125 0.07763671875 0.068359375
11 0.704833984375 0.80078125 0.0791015625 0.099609375
11 0.55078125 0.781982421875 0.08935546875 0.080078125