7 0.2675 0.20583333333333334 0.088125 0.21333333333333335
7 0.255625 0.43083333333333335 0.066875 0.1475
9 0.16375 0.5825 0.0875 0.155
1 0.3625 0.4025 0.0475 0.1575
9 0.828125 0.27166666666666667 0.13875 0.18833333333333332
1 0.929375 0.5866666666666667 0.08125 0.12333333333333334
1 0.85375 0.61 0.06 0.1
1 0.763125 0.4216666666666667 0.06125 0.09166666666666666
8 0.525 0.48333333333333334 0.0875 0.13833333333333334
8 0.474375 0.6016666666666667 0.06875 0.11666666666666667
11 0.22625 0.9216666666666666 0.07625 0.10833333333333334
0 0.160625 0.8391666666666666 0.06875 0.09666666666666666
0 0.275625 0.9466666666666667 0.05875 0.07333333333333333
0 0.26 0.76 0.05375 0.08
0 0.260625 0.6875 0.07625 0.055
0 0.015 0.8791666666666667 0.03 0.105
0 0.076875 0.9775 0.06875 0.045
0 0.065 0.7883333333333333 0.0775 0.09666666666666666
0 0.188125 0.9666666666666667 0.05375 0.06666666666666667
0 0.429375 0.8841666666666667 0.02125 0.11166666666666666
1 0.74625 0.9508333333333333 0.1075 0.09833333333333333