9 0.376953125 0.131591796875 0.0654296875 0.12646484375
0 0.198974609375 0.0185546875 0.09033203125 0.037109375
1 0.6083984375 0.266357421875 0.048828125 0.05029296875
1 0.459228515625 0.253173828125 0.0595703125 0.06884765625
1 0.698486328125 0.22314453125 0.06005859375 0.05859375
1 0.636962890625 0.079345703125 0.052734375 0.05810546875
1 0.501220703125 0.158935546875 0.11279296875 0.099609375
11 0.375732421875 0.764892578125 0.06787109375 0.07763671875
7 0.135986328125 0.6787109375 0.115234375 0.13134765625
7 0.20703125 0.765625 0.10595703125 0.09130859375
4 0.53955078125 0.580322265625 0.12646484375 0.13818359375
4 0.89599609375 0.44970703125 0.2080078125 0.2099609375