2 0.275390625 0.5102579132473622 0.0640625 0.1450762016412661
2 0.059375 0.4243845252051583 0.045703125 0.12250879249706917
2 0.025390625 0.5266705744431418 0.0328125 0.1283704572098476
8 0.273046875 0.35345838218053927 0.025390625 0.0641852286049238
8 0.281640625 0.2825322391559203 0.023046875 0.059788980070339975
9 0.210546875 0.2974794841735053 0.076953125 0.17028135990621338
2 0.115625 0.2508792497069168 0.046875 0.11811254396248534
1 0.5296875 0.6052168815943728 0.043359375 0.057737397420867524
1 0.4328125 0.6072684642438453 0.0421875 0.05480656506447831
1 0.59375 0.5888042203985931 0.03046875 0.053341148886283704
2 0.733984375 0.1749706916764361 0.07578125 0.0914419695193435
2 0.430078125 0.3429073856975381 0.0640625 0.10814771395076202
9 0.584375 0.36811254396248533 0.078125 0.08001172332942556
2 0.75625 0.03223915592028136 0.078125 0.06447831184056271
9 0.61015625 0.7605509964830012 0.079296875 0.025498241500586168
9 0.7234375 0.7851699882766706 0.087109375 0.029308323563892145
7 0.851171875 0.8007033997655334 0.054296875 0.019050410316529893
8 0.900390625 0.9419695193434936 0.06953125 0.02637749120750293
8 0.7203125 0.8200468933177022 0.058203125 0.027842907385697536
8 0.59765625 0.7294841735052755 0.05625 0.022274325908558032
11 0.47265625 0.7288980070339977 0.06015625 0.03751465416178194
11 0.86640625 0.9088511137162955 0.087109375 0.03575615474794842
11 0.631640625 0.9853458382180539 0.071484375 0.029308323563892145
11 0.579296875 0.9419695193434936 0.063671875 0.026963657678780773
11 0.745703125 0.9689331770222743 0.05625 0.02637749120750293
7 0.401171875 0.7584994138335287 0.04453125 0.016705744431418524
7 0.4515625 0.6729191090269636 0.042578125 0.016705744431418524
7 0.627734375 0.7019343493552169 0.040625 0.015826494724501757
7 0.40234375 0.7265533411488863 0.046484375 0.01817116060961313
7 0.373046875 0.7294841735052755 0.04609375 0.022860492379835874
7 0.408984375 0.7986518171160609 0.06171875 0.0246189917936694
8 0.65078125 0.8141852286049238 0.040625 0.016705744431418524
8 0.657421875 0.8273739742086753 0.040625 0.015240328253223915
7 0.502734375 0.7288980070339977 0.06015625 0.0246189917936694
7 0.712890625 0.7464830011723329 0.0484375 0.017584994138335287
8 0.78828125 0.8329425556858148 0.030859375 0.012602579132473623
8 0.74765625 0.8420281359906213 0.03671875 0.014361078546307152
8 0.76015625 0.832063305978898 0.030859375 0.013481828839390387
8 0.766796875 0.8153575615474795 0.030859375 0.012602579132473623
8 0.61796875 0.738569753810082 0.04453125 0.015826494724501757
7 0.77265625 0.8050996483001173 0.05234375 0.019050410316529893
7 0.676953125 0.7599648300117233 0.034765625 0.014361078546307152
7 0.600390625 0.7116060961313013 0.075390625 0.031066822977725676
11 0.608203125 0.7878077373974208 0.050390625 0.01992966002344666
11 0.551171875 0.7898593200468933 0.042578125 0.016705744431418524
11 0.571484375 0.7854630715123095 0.0328125 0.016705744431418524
11 0.56171875 0.6743845252051582 0.03671875 0.014361078546307152
11 0.550390625 0.6963657678780774 0.02890625 0.01201641266119578
11 0.872265625 0.686400937866354 0.034765625 0.015240328253223915
11 0.41171875 0.6907971864009379 0.0484375 0.014361078546307152
11 0.448828125 0.7066236811254396 0.02890625 0.01201641266119578
11 0.380078125 0.7031066822977726 0.034765625 0.014361078546307152
11 0.68671875 0.8027549824150059 0.0484375 0.019050410316529893