8 0.6173333333333333 0.12905405405405404 0.124 0.13918918918918918
6 0.21466666666666667 0.10878378378378378 0.07466666666666667 0.07432432432432433
9 0.7873333333333333 0.28716216216216217 0.06933333333333333 0.06621621621621622
2 0.988 0.23648648648648649 0.024 0.05945945945945946
2 0.846 0.2168918918918919 0.04933333333333333 0.06756756756756757
2 0.98 0.3452702702702703 0.04 0.06891891891891892
8 0.8033333333333333 0.3614864864864865 0.052 0.03648648648648649
3 0.578 0.5891891891891892 0.136 0.1445945945945946
3 0.334 0.7581081081081081 0.102 0.11283783783783784
3 0.4846666666666667 0.7479729729729729 0.064 0.08445945945945946
3 0.47 0.4466216216216216 0.11466666666666667 0.11013513513513513
3 0.24066666666666667 0.7493243243243243 0.09666666666666666 0.14054054054054055
3 0.2806666666666667 0.6317567567567568 0.104 0.11891891891891893
3 0.19733333333333333 0.6655405405405406 0.07466666666666667 0.08851351351351351
3 0.31133333333333335 0.572972972972973 0.146 0.14054054054054055
3 0.43733333333333335 0.5891891891891892 0.07266666666666667 0.10202702702702703
3 0.38666666666666666 0.6445945945945946 0.064 0.10337837837837838
3 0.11666666666666667 0.7006756756756757 0.11466666666666667 0.11283783783783784
3 0.24266666666666667 0.922972972972973 0.08666666666666667 0.11013513513513513
2 0.9626666666666667 0.8662162162162163 0.07466666666666667 0.17567567567567569