8 0.13125 0.37592592592592594 0.055625 0.08611111111111111
8 0.265 0.08148148148148149 0.098125 0.13425925925925927
2 0.08875 0.12777777777777777 0.10125 0.11944444444444445
2 0.255625 0.2861111111111111 0.080625 0.1037037037037037
9 0.691875 0.3638888888888889 0.120625 0.1537037037037037
8 0.93375 0.041666666666666664 0.0375 0.0787037037037037
1 0.63625 0.19722222222222222 0.045 0.08425925925925926
11 0.02875 0.9537037037037037 0.0575 0.08888888888888889
11 0.12375 0.7898148148148149 0.04 0.06296296296296296
11 0.08875 0.7537037037037037 0.04 0.08148148148148149
1 0.988125 0.6546296296296297 0.02375 0.09074074074074075
0 0.940625 0.7296296296296296 0.06 0.12222222222222222