2 0.3323076923076923 0.15234375 0.07307692307692308 0.0380859375
2 0.25153846153846154 0.142578125 0.06692307692307692 0.0390625
2 0.31461538461538463 0.25 0.03769230769230769 0.0361328125
2 0.3153846153846154 0.1923828125 0.06076923076923077 0.044921875
2 0.3723076923076923 0.208984375 0.04384615384615385 0.037109375
9 0.3384615384615385 0.109375 0.07615384615384616 0.04296875
8 0.20307692307692307 0.24609375 0.045384615384615384 0.02734375
8 0.1523076923076923 0.1865234375 0.040769230769230766 0.025390625
8 0.36846153846153845 0.2900390625 0.036153846153846154 0.0283203125
7 0.14692307692307693 0.1484375 0.05153846153846154 0.02734375
9 0.30923076923076925 0.2861328125 0.05153846153846154 0.02734375
1 0.8892307692307693 0.38671875 0.024615384615384615 0.0673828125
1 0.8553846153846154 0.2763671875 0.02076923076923077 0.0712890625
1 0.8838461538461538 0.248046875 0.018461538461538463 0.0751953125
1 0.9307692307692308 0.2138671875 0.03230769230769231 0.048828125
1 0.9184615384615384 0.1376953125 0.021538461538461538 0.0263671875
1 0.9592307692307692 0.0302734375 0.03 0.037109375
1 0.8769230769230769 0.1083984375 0.018461538461538463 0.09375
1 0.8530769230769231 0.0224609375 0.022307692307692306 0.0322265625
6 0.3984615384615385 0.705078125 0.17692307692307693 0.1572265625
6 0.73 0.9296875 0.06769230769230769 0.056640625
6 0.023076923076923078 0.6396484375 0.046153846153846156 0.0859375
6 0.5876923076923077 0.7421875 0.11846153846153847 0.1328125
6 0.5984615384615385 0.6005859375 0.14076923076923076 0.125
7 0.9223076923076923 0.6943359375 0.07846153846153846 0.119140625
9 0.98 0.80859375 0.04 0.26171875
9 0.8253846153846154 0.798828125 0.05076923076923077 0.13671875