9 0.294140625 0.2596899224806202 0.078125 0.10416666666666667
9 0.20703125 0.31976744186046513 0.11796875 0.16569767441860464
9 0.280859375 0.311531007751938 0.003515625 0.00436046511627907
9 0.26171875 0.34544573643410853 0.061328125 0.08963178294573644
9 0.22578125 0.2005813953488372 0.104296875 0.1124031007751938
8 0.123828125 0.31976744186046513 0.0421875 0.0499031007751938
9 0.280859375 0.45203488372093026 0.05234375 0.044573643410852716
9 0.283984375 0.39728682170542634 0.040625 0.037306201550387594
2 0.88828125 0.4680232558139535 0.11875 0.04263565891472868
11 0.887109375 0.3318798449612403 0.121875 0.1375968992248062
8 0.84609375 0.437984496124031 0.05234375 0.07751937984496124
0 0.703515625 0.39728682170542634 0.075 0.09689922480620156
2 0.38515625 0.8439922480620154 0.1890625 0.27325581395348836
8 0.78125 0.6632751937984496 0.04609375 0.046511627906976744
9 0.82265625 0.7592054263565892 0.03359375 0.05910852713178295
9 0.886328125 0.7659883720930233 0.03359375 0.03197674418604651
9 0.65234375 0.8662790697674418 0.05 0.060077519379844964
11 0.81796875 0.9200581395348837 0.04296875 0.05426356589147287
11 0.56796875 0.7902131782945736 0.03125 0.055232558139534885
11 0.500390625 0.8851744186046512 0.04140625 0.07073643410852713
11 0.60625 0.9278100775193798 0.04765625 0.055232558139534885
11 0.673828125 0.8081395348837209 0.04296875 0.045542635658914726