9 0.3844621513944223 0.3442203491872366 0.05867439333574792 0.08443708609271523
0 0.29626946758420863 0.3220951234196267 0.037124230351321987 0.048013245033112585
0 0.11553784860557768 0.4155629139072848 0.052517203911626224 0.0806742925948224
8 0.4074610648315828 0.28326309452137266 0.042375950742484604 0.04695966285370259
3 0.6709525534226729 0.16345574954846478 0.1345526982977182 0.21794099939795303
3 0.7493661716769286 0.3114087898856111 0.1466859833393698 0.22727272727272727
3 0.7544367982614995 0.12612883804936786 0.16099239406012314 0.25225767609873573
8 0.24827960883737776 0.8105057194461168 0.09779065555957986 0.06893437688139675
7 0.36870699022093445 0.8449729078868151 0.06628033321260413 0.057796508127633955
7 0.34154291923216223 0.7653521974714028 0.08620065193770374 0.052077062010836846
7 0.1691416153567548 0.7233594220349188 0.055776892430278883 0.049066827212522576
7 0.22672944585295182 0.9689945815773631 0.05396595436436074 0.0448524984948826
5 0.5039840637450199 0.7823600240818784 0.12857660268018833 0.34497290788681517
5 0.5670047084389714 0.9519867549668874 0.25461789206809127 0.09602649006622517