8 0.2327433628318584 0.19532710280373833 0.08938053097345133 0.03925233644859813
8 0.5654867256637168 0.06448598130841121 0.16283185840707964 0.059813084112149535
2 0.22389380530973452 0.05700934579439252 0.17345132743362832 0.048598130841121495
2 0.4902654867256637 0.17009345794392525 0.13716814159292035 0.04392523364485981
11 0.8185840707964602 0.27850467289719627 0.04601769911504425 0.037383177570093455
11 0.7902654867256638 0.2504672897196262 0.033628318584070796 0.05794392523364486
11 0.8734513274336283 0.2794392523364486 0.035398230088495575 0.041121495327102804
11 0.9415929203539823 0.2897196261682243 0.03716814159292035 0.037383177570093455
11 0.9964601769911504 0.23925233644859814 0.007079646017699115 0.03364485981308411
11 0.9123893805309734 0.22336448598130842 0.024778761061946902 0.05420560747663551
7 0.868141592920354 0.07383177570093458 0.05309734513274336 0.05046728971962617
0 0.9831858407079646 0.08411214953271028 0.033628318584070796 0.06355140186915888
0 0.9601769911504425 0.21682242990654205 0.03893805309734513 0.06542056074766354
0 0.863716814159292 0.1925233644859813 0.05132743362831858 0.037383177570093455
7 0.36194690265486723 0.8728971962616823 0.07787610619469026 0.11869158878504672
7 0.07610619469026549 0.9168224299065421 0.07256637168141593 0.1411214953271028
7 0.2938053097345133 0.43457943925233644 0.06283185840707965 0.08971962616822429
7 0.5433628318584071 0.7579439252336448 0.06283185840707965 0.102803738317757
7 0.4044247787610619 0.394392523364486 0.047787610619469026 0.08317757009345794
8 0.06017699115044248 0.5392523364485982 0.05486725663716814 0.09345794392523364
8 0.061061946902654866 0.6897196261682244 0.03274336283185841 0.07383177570093458
8 0.16460176991150444 0.37850467289719625 0.07256637168141593 0.07663551401869159
9 0.10619469026548672 0.6177570093457944 0.04247787610619469 0.1383177570093458
8 0.18849557522123894 0.4700934579439252 0.04247787610619469 0.0514018691588785
7 0.911504424778761 0.6672897196261682 0.0831858407079646 0.09345794392523364
8 0.8884955752212389 0.48411214953271026 0.07256637168141593 0.08598130841121496
11 0.7849557522123893 0.9953271028037384 0.04424778761061947 0.009345794392523364
11 0.9495575221238938 0.9252336448598131 0.07079646017699115 0.07663551401869159
11 0.7088495575221239 0.5514018691588785 0.07964601769911504 0.08598130841121496
1 0.9725663716814159 0.5130841121495328 0.05486725663716814 0.07289719626168224