2 0.29132231404958675 0.12074303405572756 0.025826446280991736 0.06346749226006192
2 0.29287190082644626 0.03018575851393189 0.042355371900826444 0.06037151702786378
2 0.25516528925619836 0.047987616099071206 0.029958677685950414 0.06501547987616099
8 0.365702479338843 0.11687306501547988 0.030991735537190084 0.047987616099071206
8 0.40134297520661155 0.01934984520123839 0.027892561983471075 0.03869969040247678
8 0.25413223140495866 0.18808049535603716 0.024793388429752067 0.05108359133126935
9 0.29338842975206614 0.18343653250773995 0.03512396694214876 0.04953560371517028
3 0.5723140495867769 0.32430340557275544 0.058884297520661155 0.12229102167182662
3 0.8181818181818182 0.07275541795665634 0.04648760330578512 0.10681114551083591
3 0.7226239669421488 0.09752321981424149 0.06611570247933884 0.06811145510835913
3 0.6745867768595041 0.4179566563467492 0.12603305785123967 0.1021671826625387
3 0.831095041322314 0.27476780185758515 0.05268595041322314 0.08359133126934984
2 0.2815082644628099 0.5673374613003096 0.08161157024793389 0.12074303405572756
2 0.4168388429752066 0.5340557275541795 0.05165289256198347 0.07585139318885449
9 0.2159090909090909 0.9357585139318886 0.04338842975206612 0.12848297213622292
9 0.3300619834710744 0.7329721362229102 0.05268595041322314 0.10835913312693499
3 0.925103305785124 0.6888544891640866 0.128099173553719 0.1346749226006192
3 0.6492768595041323 0.7832817337461301 0.09504132231404959 0.10681114551083591
3 0.8021694214876033 0.8289473684210527 0.05785123966942149 0.08359133126934984
3 0.8424586776859504 0.5046439628482973 0.11053719008264463 0.07120743034055728
3 0.5573347107438017 0.7383900928792569 0.08574380165289257 0.14086687306501547
3 0.618801652892562 0.6246130030959752 0.09710743801652892 0.11145510835913312
3 0.5289256198347108 0.6300309597523219 0.07024793388429752 0.08359133126934984
3 0.6601239669421488 0.5712074303405573 0.14049586776859505 0.12693498452012383
3 0.7835743801652892 0.6354489164086687 0.06508264462809918 0.1021671826625387
3 0.7226239669421488 0.6780185758513931 0.05475206611570248 0.10681114551083591
3 0.5284090909090909 0.9303405572755418 0.07747933884297521 0.10835913312693499