7 0.37333333333333335 0.11015625 0.10818181818181818 0.126953125
7 0.6336363636363637 0.2203125 0.07212121212121213 0.146875
7 0.2833333333333333 0.491015625 0.08757575757575757 0.1015625
7 0.16484848484848486 0.112890625 0.0903030303030303 0.11015625
7 0.16606060606060605 0.468359375 0.07212121212121213 0.090234375
8 0.536969696969697 0.525 0.08 0.098828125
8 0.5872727272727273 0.405078125 0.056666666666666664 0.0734375
8 0.3812121212121212 0.571484375 0.09272727272727273 0.03671875
9 0.5203030303030303 0.440234375 0.08484848484848485 0.1296875
8 0.39151515151515154 0.51640625 0.056666666666666664 0.062109375
11 0.963030303030303 0.41328125 0.07393939393939394 0.14375
11 0.8012121212121213 0.514453125 0.07515151515151515 0.11484375
2 0.24454545454545454 0.769140625 0.12818181818181817 0.156640625
11 0.5072727272727273 0.98828125 0.05272727272727273 0.0234375
9 0.5445454545454546 0.944921875 0.10757575757575757 0.11015625
9 0.4090909090909091 0.826171875 0.04393939393939394 0.063671875
9 0.39454545454545453 0.9296875 0.07242424242424242 0.08203125
11 0.7796969696969697 0.70625 0.03727272727272727 0.031640625
11 0.759090909090909 0.7015625 0.025757575757575757 0.032421875
7 0.9139393939393939 0.7359375 0.04363636363636364 0.04296875