8 0.177125 0.2509030704394943 0.08075 0.057344972907886815
8 0.465 0.11062612883804937 0.11 0.09060806742925948
2 0.215125 0.06773028296207104 0.150125 0.07811559301625527
2 0.388875 0.24382901866345574 0.11875 0.06848284166164961
8 0.5875 0.08157736303431667 0.0405 0.059000602046959665
8 0.605875 0.1514148103552077 0.03075 0.057194461167971104
8 0.561625 0.2512040939193257 0.06375 0.05930162552679109
7 0.724125 0.3040337146297411 0.075 0.09542444310656231
7 0.802625 0.026189042745334137 0.04775 0.052378085490668275
7 0.547375 0.00963275135460566 0.05475 0.01926550270921132
8 0.33275 0.7373570138470801 0.0625 0.07570740517760385
11 0.17075 0.8857615894039735 0.028125 0.04394942805538832
1 0.36825 0.5064720048163757 0.035875 0.04169175195665262
6 0.138375 0.6446417820590006 0.038 0.040186634557495486
7 0.43175 0.6903973509933775 0.094125 0.11047561709813365
8 0.391375 0.8663455749548464 0.06675 0.07269717037928959
5 0.886375 0.7755869957856713 0.22725 0.3163756773028296
5 0.6965 0.9113485851896448 0.21 0.17730282962071042