7 0.3458823529411765 0.40752351097178685 0.06235294117647059 0.06583072100313479
7 0.17823529411764705 0.1481191222570533 0.04941176470588235 0.06269592476489028
8 0.17470588235294118 0.4952978056426332 0.03764705882352941 0.05799373040752351
7 0.05529411764705883 0.24294670846394983 0.052941176470588235 0.06896551724137931
7 0.09058823529411765 0.37460815047021945 0.04470588235294118 0.08620689655172414
4 0.9458823529411765 0.5015673981191222 0.054705882352941174 0.12931034482758622
4 0.8852941176470588 0.43652037617554856 0.052941176470588235 0.1152037617554859
4 0.7305882352941176 0.3769592476489028 0.061764705882352944 0.1152037617554859
7 0.7735294117647059 0.4051724137931034 0.04352941176470588 0.10109717868338558
4 0.8464705882352941 0.23510971786833856 0.07529411764705882 0.12460815047021943
8 0.060588235294117644 0.8362068965517241 0.05411764705882353 0.0877742946708464
8 0.2647058823529412 0.9592476489028213 0.07294117647058823 0.08150470219435736
7 0.0976470588235294 0.6355799373040752 0.06352941176470588 0.032915360501567396
9 0.28705882352941176 0.7061128526645768 0.042352941176470586 0.08934169278996865
8 0.21823529411764706 0.7750783699059561 0.058823529411764705 0.07210031347962383
8 0.44588235294117645 0.9051724137931034 0.04941176470588235 0.07053291536050156
7 0.7082352941176471 0.9224137931034483 0.04470588235294118 0.06583072100313479
7 0.9647058823529412 0.9341692789968652 0.05176470588235294 0.08463949843260188
11 0.9535294117647058 0.6536050156739812 0.03529411764705882 0.050156739811912224
11 0.66 0.6410658307210031 0.03764705882352941 0.0438871473354232