2 0.1855421686746988 0.130625 0.08373493975903615 0.1
7 0.39457831325301207 0.27 0.0819277108433735 0.073125
7 0.24819277108433735 0.238125 0.043373493975903614 0.051875
7 0.4614457831325301 0.155625 0.05240963855421687 0.061875
0 0.33313253012048194 0.041875 0.10361445783132531 0.083125
5 0.8186746987951807 0.09125 0.27590361445783135 0.1775
9 0.1891566265060241 0.368125 0.0746987951807229 0.05625
0 0.1608433734939759 0.598125 0.10481927710843374 0.0825
8 0.29096385542168673 0.55625 0.08674698795180723 0.07125
11 0.1753012048192771 0.755 0.04457831325301205 0.05625
11 0.3963855421686747 0.7625 0.09036144578313253 0.08875
11 0.4108433734939759 0.41875 0.05301204819277108 0.075
11 0.4 0.636875 0.046987951807228916 0.11
11 0.01927710843373494 0.719375 0.03855421686746988 0.09375
3 0.7765060240963856 0.64625 0.07530120481927711 0.2775