8 0.23148148148148148 0.2490740740740741 0.034722222222222224 0.08472222222222223
7 0.11296296296296296 0.20925925925925926 0.03796296296296296 0.09351851851851851
8 0.20787037037037037 0.3972222222222222 0.022222222222222223 0.05925925925925926
8 0.17546296296296296 0.225 0.03796296296296296 0.0962962962962963
2 0.032407407407407406 0.2162037037037037 0.03148148148148148 0.07083333333333333
2 0.1388888888888889 0.325 0.04583333333333333 0.09907407407407408
7 0.24074074074074073 0.3662037037037037 0.026851851851851852 0.06481481481481481
4 0.6842592592592592 0.1361111111111111 0.08518518518518518 0.09768518518518518
4 0.7694444444444445 0.2375 0.07546296296296297 0.07453703703703704
4 0.7439814814814815 0.3435185185185185 0.06342592592592593 0.06666666666666667
4 0.6305555555555555 0.24768518518518517 0.06805555555555555 0.07685185185185185
4 0.6064814814814815 0.3490740740740741 0.07083333333333333 0.08472222222222223
4 0.5782407407407407 0.02962962962962963 0.06805555555555555 0.0587962962962963
7 0.7402777777777778 0.41805555555555557 0.07546296296296297 0.10277777777777777
4 0.799074074074074 0.34120370370370373 0.06111111111111111 0.05648148148148148
0 0.21851851851851853 0.6282407407407408 0.08333333333333333 0.08333333333333333
7 0.6314814814814815 0.7199074074074074 0.1037037037037037 0.10324074074074074
7 0.6328703703703704 0.5953703703703703 0.11388888888888889 0.07962962962962963
7 0.8305555555555556 0.6152777777777778 0.0837962962962963 0.07407407407407407