7 0.31108597285067874 0.057971014492753624 0.053167420814479636 0.08333333333333333
7 0.3399321266968326 0.2128623188405797 0.04638009049773756 0.10144927536231885
11 0.48699095022624433 0.2563405797101449 0.014705882352941176 0.04528985507246377
7 0.582579185520362 0.13134057971014493 0.04411764705882353 0.08876811594202899
7 0.7929864253393665 0.044384057971014496 0.05656108597285068 0.08876811594202899
3 0.248868778280543 0.5606884057971014 0.10633484162895927 0.13043478260869565
3 0.41911764705882354 0.5362318840579711 0.06447963800904978 0.10144927536231885
3 0.4276018099547511 0.9356884057971014 0.10407239819004525 0.1213768115942029
3 0.14536199095022626 0.5969202898550725 0.09728506787330317 0.16847826086956522
3 0.20361990950226244 0.740036231884058 0.10972850678733032 0.1358695652173913
3 0.10576923076923077 0.717391304347826 0.07805429864253394 0.10144927536231885
3 0.24434389140271492 0.8097826086956522 0.15610859728506787 0.15579710144927536
3 0.3834841628959276 0.7572463768115942 0.07352941176470588 0.12318840579710146
3 0.3207013574660634 0.6965579710144928 0.06334841628959276 0.12681159420289856
3 0.03619909502262444 0.6902173913043478 0.07239819004524888 0.12681159420289856
3 0.12726244343891402 0.36684782608695654 0.08936651583710407 0.13043478260869565
11 0.752262443438914 0.46105072463768115 0.06447963800904978 0.07065217391304347
11 0.7856334841628959 0.8840579710144928 0.05656108597285068 0.07065217391304347
5 0.9383484162895928 0.9021739130434783 0.07918552036199095 0.08695652173913043
5 0.9394796380090498 0.6059782608695652 0.049773755656108594 0.10507246376811594
9 0.6023755656108597 0.720108695652174 0.02828054298642534 0.06159420289855073
5 0.7432126696832579 0.7889492753623188 0.07805429864253394 0.09963768115942029
5 0.6583710407239819 0.7572463768115942 0.11425339366515837 0.13949275362318841
5 0.7907239819004525 0.6603260869565217 0.0757918552036199 0.08876811594202899
5 0.75 0.532608695652174 0.0916289592760181 0.1068840579710145
5 0.9434389140271493 0.7708333333333334 0.1074660633484163 0.10144927536231885
9 0.9785067873303167 0.9112318840579711 0.042986425339366516 0.13043478260869565
9 0.9785067873303167 0.6159420289855072 0.042986425339366516 0.11594202898550725
7 0.5141402714932126 0.36594202898550726 0.0418552036199095 0.08152173913043478
7 0.5152714932126696 0.6440217391304348 0.03959276018099547 0.07065217391304347
7 0.5769230769230769 0.6086956521739131 0.058823529411764705 0.08152173913043478
7 0.5390271493212669 0.3007246376811594 0.04411764705882353 0.043478260869565216
9 0.6843891402714932 0.45108695652173914 0.07126696832579185 0.09057971014492754
9 0.6781674208144797 0.6059782608695652 0.08031674208144797 0.08333333333333333
9 0.8597285067873304 0.5797101449275363 0.057692307692307696 0.08514492753623189
9 0.9078054298642534 0.6893115942028986 0.05995475113122172 0.10326086956521739