8 0.2810810810810811 0.45135135135135135 0.13783783783783785 0.05675675675675676
1 0.42702702702702705 0.10608108108108108 0.07837837837837838 0.08243243243243244
7 0.48445945945945945 0.41081081081081083 0.20675675675675675 0.13783783783783785
8 0.7094594594594594 0.3587837837837838 0.10270270270270271 0.09864864864864865
9 0.7804054054054054 0.44797297297297295 0.12567567567567567 0.06351351351351352
9 0.48445945945945945 0.5662162162162162 0.11351351351351352 0.08513513513513514
9 0.19054054054054054 0.5324324324324324 0.0891891891891892 0.08175675675675675
9 0.5925675675675676 0.772972972972973 0.07432432432432433 0.11621621621621622
9 0.2445945945945946 0.7837837837837838 0.06554054054054054 0.06283783783783783
8 0.6047297297297297 0.5972972972972973 0.05 0.06824324324324324
8 0.4391891891891892 0.6087837837837838 0.08716216216216216 0.06148648648648649
8 0.175 0.6047297297297297 0.07162162162162163 0.06283783783783783
11 0.39256756756756755 0.8121621621621622 0.10540540540540541 0.11418918918918919
7 0.20945945945945946 0.9114864864864864 0.06959459459459459 0.06621621621621622
7 0.552027027027027 0.8756756756756757 0.07162162162162163 0.06824324324324324
11 0.14324324324324325 0.6871621621621622 0.11689189189189189 0.0831081081081081
8 0.8770270270270271 0.5135135135135135 0.06756756756756757 0.06756756756756757
11 0.927027027027027 0.7412162162162163 0.07837837837837838 0.08378378378378379
11 0.9736486486486486 0.9655405405405405 0.0472972972972973 0.04864864864864865
11 0.9736486486486486 0.9074324324324324 0.0472972972972973 0.043243243243243246
0 0.8567567567567568 0.8344594594594594 0.08108108108108109 0.08378378378378379