2 0.30533333333333335 0.41998011928429424 0.07433333333333333 0.18190854870775347
7 0.13833333333333334 0.08946322067594434 0.073 0.1317097415506958
7 0.264 0.1988071570576541 0.038 0.09691848906560636
7 0.06166666666666667 0.275844930417495 0.04633333333333333 0.11282306163021869
0 0.15866666666666668 0.5387673956262425 0.09133333333333334 0.16302186878727634
2 0.6673333333333333 0.22664015904572565 0.099 0.1441351888667992
9 0.7286666666666667 0.3866799204771372 0.10566666666666667 0.0959244532803181
8 0.6873333333333334 0.31759443339960236 0.06533333333333333 0.05168986083499006
7 0.3456666666666667 0.8777335984095428 0.03666666666666667 0.04473161033797217
7 0.25633333333333336 0.705765407554672 0.029333333333333333 0.041749502982107355
8 0.24666666666666667 0.9254473161033797 0.022 0.03777335984095427
7 0.18466666666666667 0.7604373757455268 0.03133333333333333 0.04572564612326044
7 0.20166666666666666 0.845427435387674 0.027333333333333334 0.055666003976143144
5 0.6576666666666666 0.7137176938369781 0.35533333333333333 0.14910536779324055