8 0.1684848484848485 0.101953125 0.06727272727272728 0.021484375
8 0.3884848484848485 0.029296875 0.12090909090909091 0.033203125
2 0.14575757575757575 0.030859375 0.12696969696969698 0.027734375
2 0.3478787878787879 0.085546875 0.10121212121212121 0.024609375
7 0.7757575757575758 0.12109375 0.05484848484848485 0.025390625
7 0.6993939393939393 0.07109375 0.056363636363636366 0.024609375
7 0.6584848484848485 0.043359375 0.03666666666666667 0.031640625
7 0.6715151515151515 0.10859375 0.030606060606060605 0.028125
7 0.8854545454545455 0.075 0.04666666666666667 0.027734375
9 0.8442424242424242 0.1015625 0.0596969696969697 0.058984375
9 0.946060606060606 0.0953125 0.04151515151515151 0.03125
9 0.26454545454545453 0.39140625 0.038181818181818185 0.09375
9 0.20333333333333334 0.6015625 0.024545454545454544 0.076171875
8 0.20696969696969697 0.327734375 0.023636363636363636 0.0625
8 0.24333333333333335 0.225390625 0.015151515151515152 0.05078125
8 0.27 0.230078125 0.018787878787878787 0.056640625
7 0.2515151515151515 0.674609375 0.03303030303030303 0.0546875
7 0.25303030303030305 0.5046875 0.013636363636363636 0.0546875
7 0.30303030303030304 0.35234375 0.022424242424242423 0.09375
11 0.7203030303030303 0.5734375 0.07818181818181819 0.12421875
11 0.8333333333333334 0.373046875 0.05393939393939394 0.103125
11 0.730909090909091 0.29921875 0.06060606060606061 0.09609375
3 0.5490909090909091 0.977734375 0.12484848484848485 0.04453125
3 0.8045454545454546 0.922265625 0.1303030303030303 0.15546875