2 0.30995203836930457 0.030017152658662092 0.06354916067146282 0.060034305317324184
2 0.368705035971223 0.0137221269296741 0.05875299760191847 0.0274442538593482
2 0.3441247002398082 0.19897084048027444 0.03597122302158273 0.07375643224699828
2 0.3315347721822542 0.09090909090909091 0.05515587529976019 0.09433962264150944
2 0.2919664268585132 0.1320754716981132 0.0407673860911271 0.07718696397941681
8 0.3117505995203837 0.2847341337907376 0.03357314148681055 0.060034305317324184
9 0.35551558752997603 0.2667238421955403 0.04436450839328537 0.06174957118353345
5 0.9520383693045563 0.12435677530017153 0.09592326139088729 0.16981132075471697
5 0.934052757793765 0.45197255574614065 0.13189448441247004 0.09433962264150944
5 0.737410071942446 0.46397941680960547 0.14388489208633093 0.07032590051457976
5 0.86810551558753 0.35334476843910806 0.15347721822541965 0.16295025728987994
7 0.3411270983213429 0.6132075471698113 0.0683453237410072 0.08747855917667238
7 0.4766187050359712 0.8979416809605489 0.045563549160671464 0.08747855917667238
7 0.6660671462829736 0.839622641509434 0.047961630695443645 0.07890222984562607
7 0.7601918465227818 0.7101200686106347 0.03597122302158273 0.05660377358490566