8 0.1709710743801653 0.19 0.05991735537190083 0.074375
7 0.3744834710743802 0.22875 0.06559917355371901 0.08125
8 0.21229338842975207 0.061875 0.040289256198347105 0.051875
8 0.2665289256198347 0.21375 0.06559917355371901 0.08375
2 0.5134297520661157 0.22625 0.054235537190082644 0.061875
2 0.3300619834710744 0.1275 0.07902892561983471 0.08625
7 0.15547520661157024 0.0875 0.04648760330578512 0.056875
9 0.6348140495867769 0.3475 0.13119834710743802 0.125
0 0.7210743801652892 0.1025 0.11880165289256199 0.13125
0 0.7396694214876033 0.04 0.15495867768595042 0.08
0 0.6833677685950413 0.204375 0.10227272727272728 0.12
0 0.9664256198347108 0.08 0.06714876033057851 0.1275
0 0.8553719008264463 0.074375 0.08884297520661157 0.12625
0 0.9096074380165289 0.25 0.128099173553719 0.17
3 0.2097107438016529 0.5175 0.06508264462809918 0.0975
3 0.1131198347107438 0.5025 0.07541322314049587 0.075
3 0.17510330578512398 0.43125 0.07954545454545454 0.0425
3 0.0371900826446281 0.736875 0.0743801652892562 0.12875
3 0.18233471074380164 0.678125 0.06508264462809918 0.08125
9 0.7846074380165289 0.59 0.22107438016528927 0.3125
8 0.881198347107438 0.770625 0.0506198347107438 0.0675
8 0.65599173553719 0.770625 0.045454545454545456 0.0675
8 0.6575413223140496 0.715 0.014462809917355372 0.0375
8 0.9111570247933884 0.670625 0.058884297520661155 0.08125
2 0.8316115702479339 0.72125 0.04132231404958678 0.0725