9 0.36848484848484847 0.176953125 0.07363636363636364 0.067578125
9 0.3196969696969697 0.419140625 0.05757575757575758 0.06484375
8 0.41454545454545455 0.16796875 0.029393939393939392 0.0390625
8 0.543939393939394 0.260546875 0.043333333333333335 0.018359375
8 0.3512121212121212 0.31953125 0.045454545454545456 0.032421875
8 0.9396969696969697 0.19609375 0.017272727272727273 0.05390625
8 0.7281818181818182 0.171875 0.015151515151515152 0.0453125
9 0.8227272727272728 0.110546875 0.017272727272727273 0.051171875
9 0.8866666666666667 0.133203125 0.013030303030303031 0.0453125
9 0.7763636363636364 0.19140625 0.027575757575757576 0.05859375
7 0.7781818181818182 0.269140625 0.022424242424242423 0.05546875
11 0.816969696969697 0.280859375 0.017272727272727273 0.074609375
11 0.7993939393939394 0.255078125 0.013030303030303031 0.04375
4 0.85 0.29375 0.01696969696969697 0.03671875
4 0.8818181818181818 0.198046875 0.020303030303030302 0.03359375
7 0.8463636363636363 0.392578125 0.01575757575757576 0.041015625
5 0.3209090909090909 0.691796875 0.08575757575757575 0.142578125
5 0.3103030303030303 0.869921875 0.08272727272727273 0.12890625
5 0.4496969696969697 0.73046875 0.11757575757575757 0.105078125
3 0.9842424242424243 0.892578125 0.03151515151515152 0.16484375