7 0.11217948717948718 0.13926940639269406 0.07179487179487179 0.1050228310502283
1 0.6679487179487179 0.5068493150684932 0.13333333333333333 0.136986301369863
1 0.6846153846153846 0.3778538812785388 0.11987179487179488 0.06963470319634703
1 0.7064102564102565 0.2922374429223744 0.17692307692307693 0.07648401826484018
1 0.6698717948717948 0.13470319634703196 0.07307692307692308 0.04452054794520548
1 0.6967948717948718 0.05136986301369863 0.07307692307692308 0.05821917808219178
4 0.15897435897435896 0.9155251141552512 0.057692307692307696 0.07534246575342465
4 0.23846153846153847 0.8013698630136986 0.052564102564102565 0.06506849315068493
4 0.175 0.7876712328767124 0.032692307692307694 0.0547945205479452
4 0.19038461538461537 0.6061643835616438 0.03012820512820513 0.03424657534246575
8 0.05 0.976027397260274 0.04487179487179487 0.04794520547945205
4 0.23397435897435898 0.8812785388127854 0.06025641025641026 0.09018264840182648
4 0.3121794871794872 0.8949771689497716 0.038461538461538464 0.08904109589041095
9 0.09038461538461538 0.8641552511415526 0.06602564102564103 0.12214611872146118
7 0.08782051282051281 0.6552511415525114 0.05512820512820513 0.06506849315068493
4 0.14935897435897436 0.7557077625570776 0.038461538461538464 0.0593607305936073
11 0.8897435897435897 0.8310502283105022 0.03974358974358974 0.04680365296803653
3 0.8724358974358974 0.6518264840182648 0.14935897435897436 0.12442922374429223
3 0.65 0.908675799086758 0.11858974358974358 0.0958904109589041
3 0.7653846153846153 0.6643835616438356 0.052564102564102565 0.05365296803652968
3 0.5288461538461539 0.7705479452054794 0.06153846153846154 0.07077625570776255
3 0.5160256410256411 0.8904109589041096 0.0967948717948718 0.11986301369863013
3 0.5961538461538461 0.7819634703196348 0.07948717948717948 0.11301369863013698
3 0.683974358974359 0.747716894977169 0.11025641025641025 0.08561643835616438
3 0.40576923076923077 0.9691780821917808 0.06153846153846154 0.06164383561643835