9 0.14930555555555555 0.019444444444444445 0.09305555555555556 0.03888888888888889
8 0.49930555555555556 0.24814814814814815 0.06527777777777778 0.044444444444444446
8 0.20902777777777778 0.16296296296296298 0.06944444444444445 0.07222222222222222
8 0.9243055555555556 0.06481481481481481 0.04722222222222222 0.06666666666666667
11 0.7909722222222222 0.03611111111111111 0.05277777777777778 0.06111111111111111
11 0.8652777777777778 0.2351851851851852 0.0375 0.07592592592592592
7 0.9701388888888889 0.17962962962962964 0.059722222222222225 0.08148148148148149
7 0.8118055555555556 0.2490740740740741 0.07916666666666666 0.09074074074074075
3 0.1375 0.5370370370370371 0.26319444444444445 0.1962962962962963
3 0.38472222222222224 0.4648148148148148 0.12013888888888889 0.11944444444444445
3 0.28194444444444444 0.7046296296296296 0.11736111111111111 0.08518518518518518
3 0.19027777777777777 0.7037037037037037 0.08611111111111111 0.10740740740740741
3 0.28055555555555556 0.7916666666666666 0.14027777777777778 0.09907407407407408
3 0.3729166666666667 0.8240740740740741 0.10555555555555556 0.11666666666666667
3 0.16597222222222222 0.9527777777777777 0.18888888888888888 0.09351851851851851
3 0.3861111111111111 0.9518518518518518 0.11736111111111111 0.09074074074074075
1 0.6923611111111111 0.5212962962962963 0.09236111111111112 0.1787037037037037
1 0.8159722222222222 0.49537037037037035 0.03263888888888889 0.08518518518518518
1 0.8194444444444444 0.5851851851851851 0.03125 0.06759259259259259
1 0.8215277777777777 0.674074074074074 0.02847222222222222 0.06574074074074074
1 0.9006944444444445 0.6398148148148148 0.05347222222222222 0.1259259259259259
1 0.9006944444444445 0.7537037037037037 0.03888888888888889 0.08333333333333333
1 0.8777777777777778 0.8592592592592593 0.05138888888888889 0.09074074074074075
1 0.7541666666666667 0.7611111111111111 0.059722222222222225 0.14907407407407408
1 0.6965277777777777 0.6407407407407407 0.04513888888888889 0.11666666666666667
1 0.7729166666666667 0.825925925925926 0.08611111111111111 0.11481481481481481
1 0.8229166666666666 0.9018518518518519 0.0375 0.08518518518518518
1 0.8298611111111112 0.7694444444444445 0.02847222222222222 0.06018518518518518
1 0.8666666666666667 0.7296296296296296 0.022916666666666665 0.062037037037037036
1 0.7798611111111111 0.487962962962963 0.03333333333333333 0.0712962962962963
1 0.7486111111111111 0.5305555555555556 0.035416666666666666 0.09444444444444444
1 0.6875 0.8888888888888888 0.025694444444444443 0.06388888888888888