9 0.3205 0.3800599700149925 0.055 0.136431784107946
9 0.2245 0.2886056971514243 0.069 0.12293853073463268
9 0.3785 0.22263868065967016 0.063 0.07946026986506746
1 0.249 0.15967016491754124 0.028 0.06596701649175413
1 0.2535 0.22413793103448276 0.033 0.06446776611694154
4 0.8285 0.25262368815592207 0.0815 0.06971514242878561
4 0.658 0.2143928035982009 0.0815 0.08170914542728636
4 0.456 0.1724137931034483 0.079 0.06746626686656672
4 0.728 0.43778110944527737 0.0815 0.041979010494752625
4 0.883 0.3620689655172414 0.046 0.03973013493253373
4 0.93 0.3328335832083958 0.046 0.04422788605697151
4 0.6885 0.348575712143928 0.0685 0.06521739130434782
7 0.935 0.404047976011994 0.079 0.05022488755622189
4 0.3165 0.7481259370314842 0.07 0.11094452773613193
1 0.337 0.5059970014992504 0.122 0.0944527736131934
11 0.1685 0.9805097451274363 0.047 0.038980509745127435
8 0.2145 0.9497751124437781 0.073 0.09895052473763119
8 0.7005 0.8050974512743628 0.04 0.06296851574212893
7 0.6185 0.5044977511244377 0.032 0.04047976011994003
7 0.7685 0.8650674662668666 0.0435 0.05322338830584707