9 0.2918181818181818 0.4672364672364672 0.056363636363636366 0.08262108262108261
9 0.36363636363636365 0.4658119658119658 0.03363636363636364 0.0584045584045584
9 0.4122727272727273 0.42450142450142453 0.023636363636363636 0.06125356125356125
9 0.36 0.3817663817663818 0.03909090909090909 0.04700854700854701
9 0.17136363636363636 0.13034188034188035 0.03909090909090909 0.06695156695156695
9 0.32272727272727275 0.1631054131054131 0.03727272727272727 0.06695156695156695
9 0.01 0.08262108262108261 0.02 0.07407407407407407
8 0.06681818181818182 0.6253561253561254 0.03272727272727273 0.04843304843304843
8 0.056363636363636366 0.2386039886039886 0.04 0.04985754985754986
8 0.12454545454545454 0.1388888888888889 0.03 0.045584045584045586
2 0.017727272727272727 0.33903133903133903 0.035454545454545454 0.09971509971509972
0 0.18772727272727271 0.6574074074074074 0.042727272727272725 0.08404558404558404
0 0.13636363636363635 0.29273504273504275 0.03 0.07264957264957266
5 0.8872727272727273 0.11182336182336182 0.13363636363636364 0.1168091168091168
5 0.8904545454545455 0.5149572649572649 0.1318181818181818 0.0868945868945869
5 0.845 0.4081196581196581 0.15 0.10968660968660969
5 0.7654545454545455 0.5263532763532763 0.08181818181818182 0.10826210826210826
5 0.6690909090909091 0.3767806267806268 0.10454545454545454 0.08262108262108261
5 0.7759090909090909 0.2827635327635328 0.10909090909090909 0.1168091168091168
7 0.9354545454545454 0.7656695156695157 0.035454545454545454 0.05982905982905983
7 0.7540909090909091 0.7129629629629629 0.031818181818181815 0.027065527065527065
8 0.644090909090909 0.7735042735042735 0.035454545454545454 0.05413105413105413