2 0.19696969696969696 0.22067448680351906 0.09579667644183773 0.27052785923753664
7 0.30791788856304986 0.719208211143695 0.08602150537634409 0.13929618768328444
7 0.20332355816226785 0.5124633431085044 0.04887585532746823 0.13929618768328444
7 0.4100684261974585 0.6048387096774194 0.060117302052785926 0.16642228739002932
0 0.35581622678396874 0.21041055718475074 0.10899315738025415 0.2631964809384164
3 0.8890518084066471 0.3878299120234604 0.218475073313783 0.4398826979472141
3 0.7927663734115347 0.6928152492668622 0.13587487781036167 0.19208211143695014
3 0.667644183773216 0.4186217008797654 0.218475073313783 0.4838709677419355
7 0.03372434017595308 0.8020527859237536 0.05767350928641251 0.026392961876832845
7 0.007331378299120235 0.8387096774193549 0.01466275659824047 0.09970674486803519
7 0.24975562072336266 0.8973607038123167 0.07038123167155426 0.0967741935483871
11 0.15004887585532747 0.8211143695014663 0.053763440860215055 0.06451612903225806
9 0.6979472140762464 0.9560117302052786 0.2541544477028348 0.08797653958944282