9 0.5907142857142857 0.3438095238095238 0.03857142857142857 0.07047619047619047
8 0.17785714285714285 0.2704761904761905 0.06142857142857143 0.06476190476190476
2 0.06785714285714285 0.2885714285714286 0.07 0.07809523809523809
2 0.095 0.13904761904761906 0.09 0.1295238095238095
0 0.30214285714285716 0.19238095238095237 0.04428571428571428 0.09523809523809523
1 0.785 0.05333333333333334 0.06714285714285714 0.0838095238095238
1 0.8057142857142857 0.13523809523809524 0.065 0.04
1 0.8264285714285714 0.1895238095238095 0.09857142857142857 0.0419047619047619
1 0.8185714285714286 0.2914285714285714 0.039285714285714285 0.025714285714285714
1 0.8421428571428572 0.3438095238095238 0.039285714285714285 0.03428571428571429
3 0.2885714285714286 0.7085714285714285 0.08 0.25142857142857145
8 0.8164285714285714 0.6942857142857143 0.05857142857142857 0.08571428571428572
8 0.665 0.5714285714285714 0.041428571428571426 0.05333333333333334
8 0.6778571428571428 0.6228571428571429 0.041428571428571426 0.049523809523809526
9 0.9735714285714285 0.940952380952381 0.05285714285714286 0.10666666666666667
9 0.9585714285714285 0.6323809523809524 0.05714285714285714 0.12571428571428572
0 0.9335714285714286 0.8628571428571429 0.05857142857142857 0.08761904761904762
0 0.8714285714285714 0.6638095238095238 0.054285714285714284 0.08190476190476191
0 0.7835714285714286 0.8504761904761905 0.06142857142857143 0.06285714285714286
0 0.68 0.41904761904761906 0.04285714285714286 0.08
0 0.9628571428571429 0.4666666666666667 0.03142857142857143 0.06095238095238095