0 0.13055555555555556 0.32222222222222224 0.08703703703703704 0.08611111111111111
10 0.7333333333333333 0.34305555555555556 0.06574074074074074 0.06296296296296296
10 0.6597222222222222 0.37962962962962965 0.06111111111111111 0.05925925925925926
10 0.7509259259259259 0.4 0.0787037037037037 0.07037037037037037
10 0.9092592592592592 0.2902777777777778 0.13518518518518519 0.11018518518518519
10 0.9805555555555555 0.32175925925925924 0.03888888888888889 0.10277777777777777
10 0.975 0.2537037037037037 0.05 0.07222222222222222
10 0.6898148148148148 0.35185185185185186 0.030555555555555555 0.03425925925925926
10 0.6402777777777777 0.3199074074074074 0.03796296296296296 0.03888888888888889
10 0.9254629629629629 0.34120370370370373 0.08796296296296297 0.06944444444444445
9 0.2462962962962963 0.8300925925925926 0.2490740740740741 0.26851851851851855
8 0.3388888888888889 0.6708333333333333 0.05694444444444444 0.05787037037037037
8 0.09722222222222222 0.6875 0.05138888888888889 0.05787037037037037
8 0.10231481481481482 0.7337962962962963 0.016666666666666666 0.030555555555555555
8 0.37777777777777777 0.7532407407407408 0.06574074074074074 0.07037037037037037
2 0.28935185185185186 0.7162037037037037 0.047685185185185185 0.06111111111111111
9 0.7601851851851852 0.6763888888888889 0.0912037037037037 0.15138888888888888
8 0.9856481481481482 0.7041666666666667 0.028703703703703703 0.0712962962962963
8 0.9856481481481482 0.8125 0.028703703703703703 0.0712962962962963
1 0.7754629629629629 0.837037037037037 0.03611111111111111 0.07592592592592592