9 0.296875 0.09829721362229102 0.07625 0.14241486068111456
9 0.225 0.25 0.0925 0.13312693498452013
9 0.4225 0.20046439628482973 0.085 0.08823529411764706
1 0.30125 0.35139318885448917 0.03875 0.0696594427244582
1 0.281875 0.2894736842105263 0.045 0.0696594427244582
8 0.820625 0.03869969040247678 0.05125 0.07739938080495357
9 0.934375 0.34674922600619196 0.10625 0.13312693498452013
2 0.55625 0.12770897832817338 0.0325 0.11919504643962849
8 0.0975 0.6300309597523219 0.11375 0.15170278637770898
8 0.28375 0.7198142414860681 0.07875 0.10913312693498452
9 0.644375 0.7856037151702786 0.095 0.12848297213622292
8 0.550625 0.7229102167182663 0.02125 0.10526315789473684
0 0.849375 0.5565015479876161 0.06875 0.08823529411764706
0 0.74125 0.7430340557275542 0.04875 0.08204334365325078