9 0.441025641025641 0.017123287671232876 0.07794871794871795 0.03424657534246575
9 0.16307692307692306 0.06301369863013699 0.09641025641025641 0.1178082191780822
9 0.2953846153846154 0.17123287671232876 0.06974358974358974 0.0958904109589041
9 0.26615384615384613 0.0684931506849315 0.059487179487179485 0.07260273972602739
11 0.3707692307692308 0.2047945205479452 0.07282051282051281 0.028767123287671233
7 0.358974358974359 0.10753424657534247 0.05641025641025641 0.0589041095890411
7 0.3164102564102564 0.02054794520547945 0.048205128205128206 0.0410958904109589
2 0.7425641025641025 0.1267123287671233 0.06 0.04246575342465753
9 0.898974358974359 0.07054794520547945 0.038461538461538464 0.03972602739726028
8 0.9261538461538461 0.028767123287671233 0.038461538461538464 0.031506849315068496
7 0.7092307692307692 0.07054794520547945 0.03487179487179487 0.019178082191780823
7 0.7707692307692308 0.030821917808219176 0.04205128205128205 0.02671232876712329
7 0.8184615384615385 0.04794520547945205 0.04205128205128205 0.02671232876712329
3 0.3923076923076923 0.8965753424657534 0.06974358974358974 0.12808219178082192
3 0.4046153846153846 0.763013698630137 0.05076923076923077 0.08424657534246575
3 0.3241025641025641 0.7986301369863014 0.04153846153846154 0.07876712328767123
3 0.2635897435897436 0.810958904109589 0.07743589743589743 0.22876712328767124
3 0.4015384615384615 0.6410958904109589 0.10307692307692308 0.1547945205479452
3 0.30205128205128207 0.5047945205479452 0.07743589743589743 0.12534246575342467
3 0.3230769230769231 0.4041095890410959 0.0882051282051282 0.14452054794520547
3 0.2569230769230769 0.28013698630136985 0.1076923076923077 0.12191780821917808
3 0.18769230769230769 0.4815068493150685 0.06153846153846154 0.11712328767123288
3 0.15128205128205127 0.6095890410958904 0.08974358974358974 0.17671232876712328
3 0.1041025641025641 0.7712328767123288 0.18051282051282053 0.2691780821917808
8 0.5379487179487179 0.5363013698630137 0.03538461538461538 0.0636986301369863
8 0.8866666666666667 0.8986301369863013 0.03794871794871795 0.04657534246575343
8 0.6297435897435898 0.8883561643835617 0.03794871794871795 0.056164383561643834
8 0.7338461538461538 0.8897260273972603 0.04205128205128205 0.07260273972602739
8 0.7630769230769231 0.47465753424657536 0.055384615384615386 0.06027397260273973
8 0.7446153846153846 0.6897260273972603 0.04871794871794872 0.05273972602739726
8 0.7835897435897435 0.7554794520547945 0.036923076923076927 0.06643835616438357
2 0.8148717948717948 0.9054794520547945 0.0641025641025641 0.10136986301369863
7 0.6112820512820513 0.5458904109589041 0.052307692307692305 0.05136986301369863
7 0.7056410256410256 0.5568493150684931 0.06307692307692307 0.05
7 0.8215384615384616 0.5219178082191781 0.04461538461538461 0.05136986301369863
9 0.615897435897436 0.6815068493150684 0.05794871794871795 0.06506849315068493
11 0.764102564102564 0.9808219178082191 0.04051282051282051 0.03767123287671233
11 0.5641025641025641 0.8075342465753425 0.036923076923076927 0.0589041095890411
11 0.7092307692307692 0.6452054794520548 0.03794871794871795 0.030136986301369864
11 0.66 0.5904109589041096 0.03794871794871795 0.057534246575342465
11 0.5194871794871795 0.3636986301369863 0.02358974358974359 0.04246575342465753
11 0.5087179487179487 0.5205479452054794 0.03282051282051282 0.036301369863013695
11 0.6887179487179487 0.8856164383561644 0.03794871794871795 0.0547945205479452
7 0.7425641025641025 0.8123287671232877 0.03282051282051282 0.03904109589041096