9 0.040771484375 0.4072265625 0.08154296875 0.109375
0 0.175537109375 0.605224609375 0.07763671875 0.06884765625
1 0.040283203125 0.060546875 0.06787109375 0.072265625
7 0.913330078125 0.184326171875 0.0693359375 0.0693359375
11 0.848876953125 0.413330078125 0.029296875 0.064453125
11 0.924072265625 0.33251953125 0.044921875 0.07080078125
11 0.77001953125 0.005615234375 0.0615234375 0.01123046875
11 0.680908203125 0.50732421875 0.04638671875 0.052734375
2 0.385986328125 0.902587890625 0.06787109375 0.19482421875
7 0.3447265625 0.79052734375 0.06982421875 0.07177734375
8 0.904052734375 0.979736328125 0.05029296875 0.04052734375
9 0.589111328125 0.712890625 0.06689453125 0.08447265625