8 0.209043250327654 0.14 0.0891218872870249 0.053636363636363635
8 0.40039318479685454 0.3245454545454545 0.15727391874180865 0.08545454545454545
2 0.1290956749672346 0.2872727272727273 0.1598951507208388 0.07454545454545454
2 0.39711664482306686 0.2 0.12778505897771952 0.06454545454545454
8 0.9089121887287025 0.13 0.10878112712975098 0.1290909090909091
8 0.9311926605504587 0.21 0.04456094364351245 0.07090909090909091
7 0.9737876802096985 0.2590909090909091 0.05242463958060288 0.08181818181818182
7 0.9744429882044561 0.06727272727272728 0.05111402359108781 0.10181818181818182
6 0.2608125819134993 0.7118181818181818 0.14285714285714285 0.2381818181818182
6 0.09436435124508519 0.3790909090909091 0.05439056356487549 0.02
6 0.48623853211009177 0.9154545454545454 0.045216251638269984 0.11181818181818182
6 0.14809960681520315 0.6054545454545455 0.10091743119266056 0.1890909090909091
6 0.11402359108781127 0.759090909090909 0.11205766710353866 0.1890909090909091
6 0.8145478374836173 0.6845454545454546 0.08256880733944955 0.12545454545454546
6 0.7024901703800787 0.7427272727272727 0.06815203145478375 0.0890909090909091
6 0.7221494102228048 0.5881818181818181 0.0563564875491481 0.06909090909090909
6 0.6756225425950196 0.6236363636363637 0.05242463958060288 0.07818181818181819
3 0.6317169069462647 0.7 0.10091743119266056 0.11636363636363636
3 0.5589777195281782 0.54 0.05897771952817824 0.12363636363636364