2 0.3148148148148148 0.1813186813186813 0.10378086419753087 0.22596153846153846
7 0.19714506172839505 0.6009615384615384 0.09452160493827161 0.11607142857142858
7 0.3101851851851852 0.426510989010989 0.05401234567901234 0.11950549450549451
7 0.08757716049382716 0.5123626373626373 0.06481481481481481 0.14217032967032966
0 0.1431327160493827 0.1813186813186813 0.11766975308641975 0.22321428571428573
9 0.6604938271604939 0.4251373626373626 0.08024691358024691 0.14560439560439561
9 0.7581018518518519 0.6414835164835165 0.10108024691358025 0.03571428571428571
8 0.5362654320987654 0.23282967032967034 0.013888888888888888 0.0673076923076923
8 0.6396604938271605 0.5652472527472527 0.03935185185185185 0.08379120879120878
8 0.5570987654320988 0.521978021978022 0.03935185185185185 0.07005494505494506
1 0.5451388888888888 0.4567307692307692 0.031635802469135804 0.08928571428571429
1 0.5420524691358025 0.5796703296703297 0.02546296296296296 0.08241758241758242
1 0.10185185185185185 0.9587912087912088 0.05864197530864197 0.08241758241758242
8 0.09606481481481481 0.8962912087912088 0.037037037037037035 0.06043956043956044
9 0.19637345679012347 0.8063186813186813 0.06095679012345679 0.08379120879120878
9 0.25617283950617287 0.6881868131868132 0.07407407407407407 0.057692307692307696
8 0.6890432098765432 0.9038461538461539 0.05092592592592592 0.06387362637362637
7 0.8290895061728395 0.779532967032967 0.05594135802469136 0.07211538461538461
8 0.6577932098765432 0.7960164835164835 0.03510802469135803 0.04532967032967033
8 0.7573302469135802 0.8482142857142857 0.057484567901234566 0.07417582417582418
2 0.9112654320987654 0.6820054945054945 0.046296296296296294 0.04532967032967033
2 0.7573302469135802 0.7493131868131868 0.06712962962962964 0.07623626373626374
7 0.6346450617283951 0.8523351648351648 0.03973765432098766 0.04945054945054945