9 0.36640625 0.19213313161875945 0.1515625 0.1800302571860817
9 0.30078125 0.08396369137670197 0.2296875 0.16792738275340394
9 0.3984375 0.10816944024205749 0.00625 0.007564296520423601
9 0.40390625 0.059757942511346446 0.1203125 0.11951588502269289
9 0.21015625 0.20726172465960666 0.19375 0.19818456883509833
9 0.48828125 0.01361573373676248 0.0734375 0.02723146747352496
9 0.87734375 0.3320726172465961 0.1609375 0.1346444780635401
8 0.69765625 0.264750378214826 0.0765625 0.1059001512859304
0 0.7171875 0.3585476550680787 0.115625 0.08169440242057488
5 0.1921875 0.9296520423600605 0.30625 0.14069591527987896
8 0.91796875 0.8857791225416036 0.02421875 0.07715582450832073
8 0.7078125 0.6437216338880484 0.0203125 0.06505295007564296
9 0.78984375 0.8313161875945537 0.0234375 0.07413010590015129
9 0.85546875 0.886535552193646 0.01796875 0.06354009077155824
9 0.7578125 0.6830559757942511 0.034375 0.09152798789712557
7 0.77265625 0.6006051437216339 0.02890625 0.08245083207261725
11 0.8125 0.6361573373676248 0.0265625 0.09984871406959153
11 0.79140625 0.6414523449319214 0.01875 0.06127080181543117
4 0.846875 0.6649016641452344 0.021875 0.058245083207261725
4 0.86171875 0.8101361573373677 0.02421875 0.05597579425113464
7 0.859375 0.5521936459909228 0.02109375 0.06127080181543117