9 0.263671875 0.40755528255528256 0.103515625 0.1038083538083538
0 0.34814453125 0.3344594594594595 0.07470703125 0.12714987714987716
1 0.28125 0.014127764127764128 0.064453125 0.028255528255528257
5 0.5947265625 0.21775184275184276 0.25 0.4355036855036855
5 0.875244140625 0.37714987714987713 0.11962890625 0.16461916461916462
5 0.955078125 0.1160933660933661 0.08984375 0.2321867321867322
5 0.8359375 0.03746928746928747 0.1796875 0.07493857493857493
0 0.056884765625 0.7773341523341524 0.06201171875 0.07985257985257985
6 0.1337890625 0.6160933660933661 0.04931640625 0.11547911547911548
6 0.20556640625 0.9358108108108109 0.03271484375 0.05036855036855037
3 0.279052734375 0.5322481572481572 0.07861328125 0.05528255528255528
3 0.024658203125 0.5064496314496314 0.04931640625 0.09398034398034398
3 0.10302734375 0.4914004914004914 0.046875 0.06388206388206388
3 0.0380859375 0.933968058968059 0.0654296875 0.0687960687960688
11 0.990478515625 0.5125921375921376 0.01904296875 0.06941031941031942
11 0.701904296875 0.4877149877149877 0.06396484375 0.056511056511056514
11 0.835693359375 0.48003685503685506 0.05908203125 0.041154791154791155
7 0.486083984375 0.8467444717444718 0.03271484375 0.09766584766584767