7 0.17333333333333334 0.32555555555555554 0.08888888888888889 0.1511111111111111
7 0.19055555555555556 0.16333333333333333 0.06666666666666667 0.10277777777777777
9 0.2866666666666667 0.05722222222222222 0.08722222222222223 0.11444444444444445
1 0.08055555555555556 0.1738888888888889 0.04611111111111111 0.11444444444444445
7 0.695 0.24333333333333335 0.085 0.09333333333333334
7 0.6205555555555555 0.15 0.09333333333333334 0.07222222222222222
7 0.765 0.08388888888888889 0.0661111111111111 0.06722222222222222
2 0.12 0.6566666666666666 0.24 0.2733333333333333
2 0.04388888888888889 0.9361111111111111 0.08777777777777777 0.12777777777777777
7 0.19444444444444445 0.5116666666666667 0.08222222222222222 0.06333333333333334
8 0.5677777777777778 0.9116666666666666 0.07777777777777778 0.08444444444444445
7 0.9805555555555555 0.9316666666666666 0.03888888888888889 0.07444444444444444
7 0.855 0.94 0.10333333333333333 0.09444444444444444