9 0.021575984990619138 0.48497495826377296 0.043151969981238276 0.1986644407345576
9 0.14915572232645402 0.5025041736227045 0.2795497185741088 0.17362270450751252
9 0.09662288930581614 0.3589315525876461 0.19324577861163228 0.22036727879799667
8 0.31894934333958724 0.5459098497495827 0.0975609756097561 0.08681135225375626
7 0.9052532833020638 0.39565943238731216 0.09568480300187618 0.08514190317195326
11 0.7570356472795498 0.19782971619365608 0.0525328330206379 0.06844741235392321
11 0.8658536585365854 0.25208681135225375 0.07129455909943715 0.07846410684474124
11 0.5450281425891182 0.16110183639398998 0.06566604127579738 0.06343906510851419
7 0.3799249530956848 0.8539232053422371 0.06941838649155722 0.06343906510851419
11 0.020637898686679174 0.7020033388981636 0.04127579737335835 0.06176961602671119
11 0.39587242026266417 0.9273789649415692 0.06566604127579738 0.0651085141903172
11 0.3545966228893058 0.6527545909849749 0.08818011257035648 0.08180300500834725
11 0.34146341463414637 0.8914858096828047 0.08067542213883677 0.07679465776293823
11 0.9333958724202627 0.827212020033389 0.08442776735459662 0.05175292153589316
1 0.6707317073170732 0.7370617696160268 0.0825515947467167 0.07178631051752922
1 0.8621013133208255 0.7662771285475793 0.05628517823639775 0.05008347245409015
1 0.7654784240150094 0.842237061769616 0.03564727954971857 0.03672787979966611
1 0.7776735459662288 0.7696160267111853 0.12195121951219512 0.08848080133555926
1 0.8030018761726079 0.8163606010016694 0.06378986866791744 0.06343906510851419
1 0.9718574108818011 0.6953255425709516 0.05628517823639775 0.05843071786310518
1 0.9906191369606003 0.9098497495826378 0.01876172607879925 0.04340567612687813
1 0.7373358348968105 0.6811352253756261 0.054409005628517824 0.05008347245409015
1 0.7654784240150094 0.9223706176961602 0.05628517823639775 0.05008347245409015
1 0.8536585365853658 0.7095158597662772 0.06378986866791744 0.07512520868113523
1 0.9324577861163227 0.7287145242070117 0.04690431519699812 0.041736227045075125
7 0.9146341463414634 0.5976627712854758 0.07317073170731707 0.01669449081803005
7 0.6969981238273921 0.8597662771285476 0.0675422138836773 0.06010016694490818
0 0.7148217636022514 0.6185308848080133 0.0825515947467167 0.05843071786310518