8 0.4353582554517134 0.20953101361573373 0.059190031152647975 0.07034795763993948
7 0.2102803738317757 0.2231467473524962 0.0630841121495327 0.08093797276853253
8 0.411214953271028 0.3585476550680787 0.0381619937694704 0.05143721633888049
8 0.32866043613707163 0.20953101361573373 0.0630841121495327 0.08093797276853253
2 0.06230529595015576 0.26248108925869895 0.05451713395638629 0.059757942511346446
2 0.27414330218068533 0.3207261724659607 0.08021806853582554 0.08093797276853253
7 0.4672897196261682 0.31694402420574885 0.04439252336448598 0.05446293494704992
5 0.7079439252336449 0.3146747352496218 0.17601246105919002 0.12708018154311648
9 0.3442367601246106 0.7791225416036308 0.12305295950155763 0.13161875945537066
9 0.20638629283489096 0.8260211800302572 0.14797507788161993 0.10892586989409984
9 0.3052959501557632 0.9765506807866868 0.14641744548286603 0.046898638426626324
9 0.1588785046728972 0.5688350983358548 0.13551401869158877 0.15431164901664146
9 0.3247663551401869 0.5022692889561271 0.0794392523364486 0.1059001512859304
0 0.45794392523364486 0.8320726172465961 0.09190031152647975 0.09379727685325265
0 0.5584112149532711 0.737518910741301 0.10747663551401869 0.0529500756429652
0 0.5498442367601246 0.800302571860817 0.07476635514018691 0.06505295007564296
0 0.4143302180685358 0.5068078668683812 0.09345794392523364 0.10287443267776097
0 0.1059190031152648 0.7571860816944024 0.06230529595015576 0.0529500756429652
0 0.13707165109034267 0.9856278366111951 0.09657320872274143 0.028744326777609682
0 0.031931464174454825 0.6384266263237519 0.06386292834890965 0.09984871406959153
11 0.6915887850467289 0.596822995461422 0.022585669781931463 0.06202723146747353
3 0.676791277258567 0.8494704992435703 0.08878504672897196 0.19667170953101362
3 0.8356697819314641 0.583963691376702 0.06931464174454828 0.1308623298033283
3 0.7406542056074766 0.8577912254160364 0.031931464174454825 0.07564296520423601
3 0.8855140186915887 0.8063540090771558 0.03660436137071651 0.09833585476550681
3 0.9073208722741433 0.6558245083207261 0.05685358255451713 0.16414523449319213
3 0.8496884735202492 0.7670196671709532 0.04672897196261682 0.15431164901664146
3 0.7959501557632399 0.7806354009077155 0.0646417445482866 0.12102874432677761
3 0.9789719626168224 0.5869894099848714 0.03582554517133956 0.08850226928895613