9 0.1435 0.19657534246575342 0.103 0.1232876712328767
9 0.3905 0.17945205479452056 0.039 0.14246575342465753
9 0.3215 0.3321917808219178 0.083 0.12191780821917808
9 0.33 0.2184931506849315 0.067 0.08767123287671233
9 0.164 0.04657534246575343 0.09 0.09315068493150686
1 0.061 0.36712328767123287 0.069 0.13561643835616438
1 0.185 0.5123287671232877 0.051 0.0821917808219178
1 0.2235 0.13493150684931507 0.037 0.06164383561643835
11 0.261 0.41712328767123286 0.085 0.11506849315068493
9 0.2665 0.4904109589041096 0.117 0.12465753424657534
7 0.249 0.28698630136986303 0.062 0.07397260273972603
7 0.272 0.17945205479452056 0.056 0.07397260273972603
11 0.5695 0.21575342465753425 0.04 0.06164383561643835
11 0.599 0.20753424657534247 0.032 0.052054794520547946
11 0.4145 0.47465753424657536 0.009 0.056164383561643834
7 0.571 0.4541095890410959 0.062 0.07808219178082192
7 0.5395 0.16164383561643836 0.032 0.0410958904109589
1 0.26 0.7527397260273972 0.084 0.10821917808219178
1 0.448 0.8527397260273972 0.076 0.13561643835616438
1 0.493 0.9643835616438357 0.056 0.07123287671232877
1 0.6125 0.9027397260273973 0.065 0.08356164383561644
3 0.8355 0.913013698630137 0.065 0.10273972602739725
1 0.5905 0.7075342465753425 0.065 0.08356164383561644