8 0.4575 0.18125 0.060625 0.045
7 0.22625 0.1325 0.065 0.05
8 0.45875 0.08 0.038125 0.0325
8 0.346875 0.1625 0.065 0.0525
2 0.078125 0.08125 0.055625 0.03625
2 0.30875 0.08 0.0825 0.05
7 0.51 0.11875 0.045 0.03375
1 0.120625 0.8375 0.1575 0.17875
1 0.34125 0.84375 0.055625 0.0875
1 0.34375 0.745 0.053125 0.06875
1 0.3425 0.64875 0.0475 0.0675
1 0.485 0.67 0.09 0.1275
1 0.47875 0.54875 0.06625 0.08375
1 0.433125 0.43875 0.08875 0.0875
1 0.218125 0.57 0.100625 0.1525
1 0.1225 0.70875 0.076875 0.12
1 0.248125 0.49625 0.150625 0.11
1 0.333125 0.405 0.06375 0.085
1 0.3525 0.545 0.0475 0.06125
1 0.420625 0.58125 0.038125 0.065
1 0.278125 0.8575 0.056875 0.0725
1 0.219375 0.8175 0.059375 0.0975
1 0.09375 0.445 0.04375 0.065
7 0.7 0.55375 0.04375 0.19625
7 0.844375 0.89875 0.05125 0.1275
7 0.906875 0.65875 0.048125 0.04375
7 0.779375 0.745 0.048125 0.10875
7 0.8375 0.485 0.039375 0.09
4 0.950625 0.82875 0.024375 0.05625
4 0.9575 0.6775 0.0275 0.06875
4 0.9175 0.74375 0.031875 0.075
8 0.75125 0.6075 0.024375 0.06875
4 0.950625 0.79 0.024375 0.04625