2 0.345 0.1056581986143187 0.08576923076923076 0.04792147806004619
2 0.2573076923076923 0.13452655889145496 0.05846153846153846 0.037528868360277134
2 0.17076923076923076 0.028868360277136258 0.04730769230769231 0.029445727482678985
7 0.3396153846153846 0.13452655889145496 0.06923076923076923 0.036374133949191687
5 0.6734615384615384 0.04561200923787529 0.12538461538461537 0.09122401847575058
5 0.6461538461538462 0.20150115473441108 0.13692307692307693 0.03579676674364896
5 0.7257692307692307 0.17436489607390301 0.10692307692307693 0.09006928406466513
9 0.28615384615384615 0.6016166281755196 0.18153846153846154 0.24249422632794457
2 0.4053846153846154 0.7777136258660509 0.06538461538461539 0.10854503464203233
2 0.44653846153846155 0.7020785219399538 0.06692307692307692 0.11316397228637413
2 0.03346153846153846 0.5155889145496536 0.06692307692307692 0.1374133949191686
7 0.3192307692307692 0.4399538106235566 0.09384615384615384 0.13625866050808313
7 0.3523076923076923 0.9422632794457275 0.11538461538461539 0.11547344110854503
7 0.22115384615384615 0.9745958429561201 0.11461538461538462 0.050808314087759814
7 0.4461538461538462 0.4976905311778291 0.06769230769230769 0.13856812933025403
7 0.41615384615384615 0.37759815242494227 0.1276923076923077 0.21247113163972287
7 0.7665384615384615 0.5825635103926097 0.08576923076923076 0.18648960739030024
11 0.8053846153846154 0.35739030023094687 0.05153846153846154 0.13221709006928406
11 0.6276923076923077 0.8643187066974596 0.05346153846153846 0.1125866050808314
0 0.7311538461538462 0.8094688221709007 0.06615384615384616 0.15531177829099307