2 0.07025641025641026 0.31438356164383563 0.1282051282051282 0.1506849315068493
2 0.48615384615384616 0.3321917808219178 0.09333333333333334 0.12191780821917808
2 0.5302564102564102 0.3938356164383562 0.059487179487179485 0.031506849315068496
8 0.09333333333333334 0.17328767123287672 0.052307692307692305 0.06575342465753424
8 0.08512820512820513 0.10547945205479452 0.04717948717948718 0.06027397260273973
9 0.21743589743589745 0.15 0.15282051282051282 0.1780821917808219
2 0.4005128205128205 0.1506849315068493 0.09435897435897436 0.11917808219178082
9 0.8764102564102564 0.16575342465753426 0.11897435897435897 0.15205479452054796
9 0.9605128205128205 0.3363013698630137 0.07897435897435898 0.1273972602739726
9 0.9666666666666667 0.22123287671232877 0.06666666666666667 0.09452054794520548
9 0.862051282051282 0.056164383561643834 0.0841025641025641 0.11095890410958904
9 0.7230769230769231 0.30205479452054795 0.08615384615384615 0.13287671232876713
6 0.32205128205128203 0.6136986301369863 0.4246153846153846 0.40821917808219177
6 0.3717948717948718 0.8294520547945206 0.19282051282051282 0.2095890410958904
9 0.7748717948717949 0.7691780821917809 0.08564102564102564 0.17123287671232876
8 0.9861538461538462 0.7527397260273972 0.027692307692307693 0.07876712328767123
8 0.9871794871794872 0.6342465753424658 0.025128205128205128 0.07876712328767123
1 0.7917948717948718 0.5910958904109589 0.03538461538461538 0.08698630136986302