11 0.8458333333333333 0.44583333333333336 0.022685185185185187 0.05277777777777778
11 0.8263888888888888 0.4476851851851852 0.018055555555555554 0.04398148148148148
11 0.975462962962963 0.2449074074074074 0.027314814814814816 0.04537037037037037
7 0.8625 0.22916666666666666 0.037037037037037035 0.06435185185185185
7 0.8611111111111112 0.5009259259259259 0.01898148148148148 0.03287037037037037
2 0.19074074074074074 0.9712962962962963 0.09351851851851851 0.05740740740740741
2 0.32222222222222224 0.8685185185185185 0.0412037037037037 0.034722222222222224
9 0.06296296296296296 0.8805555555555555 0.0824074074074074 0.056018518518518516
0 0.02962962962962963 0.7050925925925926 0.05925925925925926 0.049074074074074076
2 0.31527777777777777 0.899537037037037 0.03657407407407407 0.03148148148148148
1 0.6083333333333333 0.7263888888888889 0.0712962962962963 0.049074074074074076
1 0.600925925925926 0.7782407407407408 0.062037037037037036 0.04259259259259259
1 0.4759259259259259 0.7814814814814814 0.03287037037037037 0.05277777777777778
1 0.9606481481481481 0.924537037037037 0.062037037037037036 0.05138888888888889
1 0.8356481481481481 0.624537037037037 0.08425925925925926 0.030555555555555555
0 0.7513888888888889 0.6421296296296296 0.10972222222222222 0.06574074074074074
0 0.6865740740740741 0.774537037037037 0.05648148148148148 0.07083333333333333
0 0.6282407407407408 0.8361111111111111 0.06759259259259259 0.06712962962962964
0 0.5842592592592593 0.8962962962962963 0.10046296296296296 0.0875
0 0.5407407407407407 0.8287037037037037 0.06018518518518518 0.07222222222222222
0 0.7587962962962963 0.9212962962962963 0.09305555555555556 0.060648148148148145
0 0.7106481481481481 0.8583333333333333 0.0875 0.06296296296296296
0 0.8939814814814815 0.9625 0.062037037037037036 0.047685185185185185
0 0.9097222222222222 0.8453703703703703 0.0712962962962963 0.05555555555555555
0 0.8694444444444445 0.7717592592592593 0.06388888888888888 0.049074074074074076