7 0.22058823529411764 0.15266558966074315 0.06004901960784314 0.07592891760904685
7 0.07965686274509803 0.21324717285945072 0.06495098039215687 0.0840064620355412
7 0.09436274509803921 0.3562197092084006 0.058823529411764705 0.09854604200323101
9 0.5680147058823529 0.19789983844911146 0.10784313725490197 0.13570274636510501
8 0.5067401960784313 0.19951534733441034 0.04534313725490196 0.07431340872374798
8 0.3627450980392157 0.012116316639741519 0.058823529411764705 0.024232633279483037
9 0.5876225490196079 0.6631663974151858 0.0508578431372549 0.07350565428109855
9 0.522671568627451 0.7108239095315024 0.05392156862745098 0.08239095315024232
9 0.6354166666666666 0.5379644588045234 0.07598039215686274 0.07996768982229402
9 0.5661764705882353 0.747172859450727 0.05392156862745098 0.09531502423263329
8 0.5667892156862745 0.9192245557350566 0.05392156862745098 0.06946688206785137
8 0.7218137254901961 0.9604200323101777 0.030637254901960783 0.04765751211631664
8 0.6084558823529411 0.8117932148626817 0.05392156862745098 0.06058158319870759
8 0.6115196078431373 0.9604200323101777 0.03553921568627451 0.050080775444264945
8 0.7089460784313726 0.6922455573505655 0.04718137254901961 0.06058158319870759