11 0.40375 0.2919020715630885 0.09875 0.064030131826742
11 0.186875 0.3013182674199623 0.0425 0.062146892655367235
7 0.3825 0.2184557438794727 0.049375 0.03672316384180791
7 0.5125 0.2664783427495292 0.065625 0.0480225988700565
7 0.27125 0.3145009416195857 0.1175 0.11487758945386065
7 0.55875 0.2175141242937853 0.046875 0.027306967984934087
7 0.345 0.1864406779661017 0.044375 0.04143126177024482
8 0.85375 0.4896421845574388 0.0525 0.03766478342749529
8 0.823125 0.423728813559322 0.0475 0.064030131826742
9 0.953125 0.3954802259887006 0.09375 0.17702448210922786
5 0.12375 0.5903954802259888 0.2475 0.1638418079096045
5 0.023125 0.8954802259887006 0.04625 0.20903954802259886
5 0.31625 0.8465160075329566 0.2375 0.2975517890772128
5 0.600625 0.9096045197740112 0.12125 0.1807909604519774
5 0.351875 0.5659133709981168 0.10125 0.11487758945386065
5 0.585625 0.5357815442561206 0.13125 0.054613935969868174