4 0.4578313253012048 0.17689822294022617 0.08373493975903615 0.05815831987075929
4 0.2740963855421687 0.22051696284329564 0.08373493975903615 0.07108239095315025
4 0.05602409638554217 0.26736672051696286 0.08132530120481928 0.05815831987075929
4 0.3289156626506024 0.016962843295638127 0.08674698795180723 0.033925686591276254
4 0.5066265060240964 0.07754442649434572 0.04759036144578313 0.033925686591276254
4 0.5626506024096386 0.10096930533117932 0.04759036144578313 0.03715670436187399
4 0.2969879518072289 0.09935379644588045 0.06987951807228916 0.05411954765751212
7 0.5614457831325301 0.03715670436187399 0.08373493975903615 0.04119547657512116
0 0.34397590361445785 0.7059773828756059 0.10843373493975904 0.10420032310177706
7 0.4198795180722892 0.8166397415185783 0.04759036144578313 0.05331179321486268
7 0.2704819277108434 0.7043618739903069 0.058433734939759036 0.06946688206785137
7 0.4566265060240964 0.7536348949919225 0.07168674698795181 0.07996768982229402
11 0.6572289156626506 0.8303715670436187 0.01566265060240964 0.07754442649434572
11 0.6825301204819277 0.7536348949919225 0.04578313253012048 0.0840064620355412
8 0.8198795180722892 0.8489499192245558 0.046987951807228916 0.061389337641357025
8 0.9216867469879518 0.7819063004846527 0.04578313253012048 0.05331179321486268