4 0.39036144578313253 0.21809369951534732 0.053614457831325305 0.05815831987075929
4 0.20963855421686747 0.25121163166397414 0.0963855421686747 0.0864297253634895
4 0.27590361445783135 0.6308562197092084 0.0391566265060241 0.07027463651050081
7 0.4433734939759036 0.8311793214862682 0.03433734939759036 0.06785137318255251
7 0.7903614457831325 0.7932148626817448 0.06144578313253012 0.10177705977382875
7 0.6433734939759036 0.5791599353796446 0.054819277108433734 0.12358642972536349
7 0.7102409638554217 0.45638126009693053 0.04156626506024096 0.09935379644588045
7 0.6807228915662651 0.9176090468497576 0.04397590361445783 0.06462035541195477
7 0.696987951807229 0.7261712439418416 0.03313253012048193 0.0791599353796446
7 0.6879518072289157 0.6292407108239095 0.028313253012048192 0.06704361873990307
8 0.805421686746988 0.9571890145395799 0.03975903614457831 0.06704361873990307