4 0.1554054054054054 0.421259842519685 0.06756756756756757 0.10433070866141732
4 0.25506756756756754 0.28051181102362205 0.06925675675675676 0.1220472440944882
4 0.3766891891891892 0.11811023622047244 0.06503378378378379 0.10137795275590551
4 0.30827702702702703 0.6023622047244095 0.06503378378378379 0.07480314960629922
4 0.16638513513513514 0.5866141732283464 0.03800675675675676 0.060039370078740155
4 0.12077702702702703 0.577755905511811 0.03969594594594594 0.06594488188976377
4 0.29307432432432434 0.4645669291338583 0.057432432432432436 0.09547244094488189
7 0.14864864864864866 0.6387795275590551 0.0633445945945946 0.02066929133858268
11 0.9577702702702703 0.5108267716535433 0.08445945945945946 0.1309055118110236
11 0.84375 0.3031496062992126 0.16807432432432431 0.2047244094488189
11 0.7052364864864865 0.1279527559055118 0.17905405405405406 0.15649606299212598
11 0.6596283783783784 0.26673228346456695 0.15118243243243243 0.14960629921259844
11 0.7136824324324325 0.4104330708661417 0.12246621621621621 0.17125984251968504
11 0.6891891891891891 0.5836614173228346 0.11570945945945946 0.1279527559055118
7 0.6157094594594594 0.46358267716535434 0.1089527027027027 0.13484251968503938
2 0.030405405405405407 0.8494094488188977 0.060810810810810814 0.1673228346456693
9 0.3015202702702703 0.7913385826771654 0.13513513513513514 0.14960629921259844
9 0.375 0.6761811023622047 0.09121621621621621 0.0531496062992126
9 0.17398648648648649 0.8779527559055118 0.08277027027027027 0.10236220472440945
11 0.13429054054054054 0.6919291338582677 0.037162162162162164 0.05511811023622047
11 0.026182432432432432 0.6958661417322834 0.052364864864864864 0.07677165354330709
7 0.9788851351351351 0.843503937007874 0.04222972972972973 0.05708661417322835
7 0.7964527027027027 0.7677165354330708 0.0777027027027027 0.11220472440944881
7 0.839527027027027 0.8976377952755905 0.05912162162162162 0.06496062992125984
7 0.9771959459459459 0.7952755905511811 0.04560810810810811 0.051181102362204724