4 0.23766546329723226 0.20583468395461912 0.048736462093862815 0.05753646677471637
7 0.030685920577617327 0.32820097244732577 0.04512635379061372 0.055105348460291734
7 0.5782190132370638 0.13209076175040518 0.056558363417569195 0.12479740680713128
1 0.6756919374247894 0.40032414910858993 0.06859205776173286 0.10048622366288493
9 0.36702767749699156 0.6920583468395461 0.06377858002406739 0.08103727714748785
2 0.17388688327316487 0.6320907617504052 0.0457280385078219 0.07293354943273905
2 0.2918170878459687 0.7374392220421394 0.0457280385078219 0.08103727714748785
2 0.09446450060168472 0.5 0.032490974729241874 0.02106969205834684
2 0.23465703971119134 0.5283630470016207 0.03850782190132371 0.07779578606158834
8 0.3844765342960289 0.5988654781199352 0.048134777376654635 0.05672609400324149
6 0.5956678700361011 0.7188006482982172 0.03489771359807461 0.05186385737439222
6 0.644404332129964 0.9651539708265803 0.08303249097472924 0.06969205834683954
6 0.7015643802647413 0.7949756888168558 0.10589651022864019 0.10696920583468396
6 0.7021660649819494 0.8679092382495948 0.05174488567990373 0.06320907617504051
6 0.618531889290012 0.8857374392220422 0.04693140794223827 0.05348460291734198