8 0.36018518518518516 0.2300925925925926 0.07037037037037037 0.05185185185185185
11 0.18564814814814815 0.22175925925925927 0.07546296296296297 0.049074074074074076
11 0.3226851851851852 0.1050925925925926 0.06111111111111111 0.05416666666666667
7 0.4449074074074074 0.16296296296296298 0.09166666666666666 0.06435185185185185
7 0.2574074074074074 0.08564814814814815 0.11527777777777778 0.07314814814814814
7 0.7388888888888889 0.18333333333333332 0.03425925925925926 0.03518518518518519
11 0.9189814814814815 0.0962962962962963 0.02962962962962963 0.03425925925925926
11 0.7314814814814815 0.22407407407407406 0.032407407407407406 0.03611111111111111
11 0.749537037037037 0.07175925925925926 0.04351851851851852 0.04537037037037037
11 0.7583333333333333 0.20416666666666666 0.03888888888888889 0.04259259259259259
3 0.2861111111111111 0.850462962962963 0.23425925925925925 0.29907407407407405
3 0.2986111111111111 0.6180555555555556 0.2074074074074074 0.36203703703703705
9 0.7907407407407407 0.5921296296296297 0.1787037037037037 0.17777777777777778
9 0.975925925925926 0.9263888888888889 0.04814814814814815 0.10462962962962963
5 0.9745370370370371 0.7625 0.05092592592592592 0.08425925925925926
5 0.95 0.6518518518518519 0.062037037037037036 0.075