4 0.38724973656480505 0.08676171079429736 0.06111696522655427 0.06843177189409369
4 0.2623814541622761 0.30672097759674133 0.06348788198103267 0.06843177189409369
4 0.19889357218124343 0.2395112016293279 0.05874604847207587 0.048879837067209775
7 0.3553740779768177 0.3446028513238289 0.05874604847207587 0.0635437881873727
5 0.7252370916754478 0.2419551934826884 0.27713382507903056 0.2733197556008147
8 0.10194942044257113 0.9482688391038696 0.038724973656480505 0.031975560081466396
8 0.29768177028451 0.7806517311608961 0.028187565858798735 0.04012219959266802
8 0.46127502634351947 0.6415478615071283 0.033192834562697573 0.04989816700610998
7 0.40305584826132773 0.6725050916496945 0.06322444678609063 0.05804480651731161
7 0.44204425711275025 0.9215885947046843 0.06533192834562697 0.04745417515274949
9 0.2465753424657534 0.9083503054989817 0.02897787144362487 0.03890020366598778
9 0.10590094836670179 0.65010183299389 0.03767123287671233 0.05356415478615071
5 0.6496311907270811 0.6989816700610998 0.1238145416227608 0.08635437881873727
5 0.6306638566912539 0.8613034623217922 0.20231822971549 0.22036659877800407