4 0.26375 0.25281954887218044 0.04 0.05639097744360902
7 0.374375 0.03477443609022556 0.036875 0.05357142857142857
11 0.55375 0.2932330827067669 0.076875 0.06578947368421052
11 0.513125 0.25375939849624063 0.051875 0.046052631578947366
11 0.545625 0.18796992481203006 0.051875 0.044172932330827065
11 0.490625 0.1475563909774436 0.049375 0.044172932330827065
11 0.499375 0.20300751879699247 0.061875 0.05733082706766917
11 0.688125 0.4041353383458647 0.051875 0.046052631578947366
11 0.666875 0.3693609022556391 0.059375 0.05263157894736842
11 0.796875 0.37593984962406013 0.10625 0.09492481203007519
11 0.84 0.29887218045112784 0.10875 0.07424812030075188
11 0.895 0.21052631578947367 0.12125 0.08834586466165413
11 0.70875 0.18139097744360902 0.059375 0.05075187969924812
11 0.755 0.1080827067669173 0.061875 0.05451127819548872
11 0.825625 0.1475563909774436 0.13375 0.09962406015037593
11 0.88625 0.06766917293233082 0.101875 0.08270676691729323
11 0.796875 0.23308270676691728 0.091875 0.08270676691729323
6 0.41375 0.8092105263157895 0.0725 0.18984962406015038
6 0.386875 0.9671052631578947 0.07625 0.06578947368421052
6 0.32875 0.893796992481203 0.08 0.10150375939849623
6 0.224375 0.9276315789473685 0.03625 0.06015037593984962
6 0.248125 0.7265037593984962 0.08125 0.12030075187969924
6 0.081875 0.6870300751879699 0.08625 0.13345864661654136
6 0.099375 0.9276315789473685 0.11 0.12406015037593984
6 0.0725 0.8524436090225563 0.05375 0.07330827067669173
6 0.1425 0.7734962406015038 0.04875 0.06203007518796992
6 0.224375 0.6231203007518797 0.11625 0.12781954887218044
4 0.868125 0.6005639097744361 0.0675 0.09398496240601503
4 0.659375 0.6484962406015038 0.118125 0.14097744360902256