7 0.18729166666666666 0.2625 0.08916666666666667 0.1621875
7 0.6389583333333333 0.3003125 0.07291666666666667 0.1275
7 0.7141666666666666 0.2825 0.06354166666666666 0.078125
7 0.5722916666666666 0.1428125 0.048541666666666664 0.0940625
5 0.20729166666666668 0.64875 0.13854166666666667 0.083125
5 0.313125 0.6734375 0.13708333333333333 0.0946875
5 0.06854166666666667 0.8175 0.115 0.0909375
5 0.25458333333333333 0.8221875 0.08520833333333333 0.0771875
5 0.161875 0.9053125 0.07395833333333333 0.0628125
5 0.234375 0.959375 0.058958333333333335 0.06375
5 0.35125 0.723125 0.09166666666666666 0.0646875
5 0.4275 0.5703125 0.06666666666666667 0.060625
5 0.22666666666666666 0.76125 0.05458333333333333 0.049375
5 0.20458333333333334 0.813125 0.06604166666666667 0.0484375
11 0.031875 0.7028125 0.03333333333333333 0.0453125
11 0.09270833333333334 0.7540625 0.025625 0.0415625
5 0.3120833333333333 0.763125 0.073125 0.06
9 0.8945833333333333 0.9534375 0.12083333333333333 0.093125
0 0.9575 0.8690625 0.085 0.169375