4 0.20083876980428705 0.2644927536231884 0.042404473438956196 0.08031400966183574
7 0.02096924510717614 0.39553140096618356 0.0391425908667288 0.0748792270531401
3 0.706430568499534 0.10084541062801933 0.21714818266542404 0.16908212560386474
3 0.5750232991612302 0.12198067632850242 0.21994408201304752 0.24396135265700483
3 0.5754892823858341 0.40942028985507245 0.06337371854613234 0.06763285024154589
3 0.5060577819198508 0.2433574879227053 0.09319664492078285 0.16304347826086957
3 0.9575955265610439 0.43719806763285024 0.08480894687791239 0.15217391304347827
3 0.9380242311276794 0.32065217391304346 0.1239515377446412 0.1606280193236715
3 0.8932898415657037 0.19142512077294685 0.18359739049394222 0.17753623188405798
3 0.7506989748369058 0.49818840579710144 0.08201304753028892 0.07971014492753623
3 0.6565703634669152 0.45410628019323673 0.1602982292637465 0.14009661835748793
0 0.014445479962721343 0.8768115942028986 0.028890959925442685 0.0821256038647343
0 0.14119291705498602 0.9408212560386473 0.05125815470643057 0.07367149758454106
6 0.25209692451071763 0.961352657004831 0.049394221808014914 0.07729468599033816
6 0.09692451071761417 0.6624396135265701 0.049394221808014914 0.04710144927536232
3 0.3238583410997204 0.7258454106280193 0.045666356011183594 0.050724637681159424
3 0.2656104380242311 0.802536231884058 0.06244175209692451 0.06884057971014493
3 0.21668219944082012 0.7373188405797102 0.049394221808014914 0.06521739130434782
3 0.35647716682199443 0.9498792270531401 0.05778191985088537 0.05555555555555555
3 0.38816402609506057 0.8900966183574879 0.036346691519105315 0.05676328502415459
3 0.19850885368126747 0.857487922705314 0.05964585274930102 0.09057971014492754
3 0.255358807082945 0.8683574879227053 0.04380242311276794 0.07125603864734299
3 0.14492078285181734 0.6932367149758454 0.035414725069897485 0.04830917874396135
3 0.0521901211556384 0.9879227053140096 0.05591798695246971 0.024154589371980676
3 0.1337371854613234 0.6467391304347826 0.05312208760484623 0.01570048309178744