4 0.106 0.24518201284796573 0.05 0.13383297644539616
8 0.629 0.32441113490364026 0.104 0.11777301927194861
8 0.284 0.23554603854389722 0.068 0.10278372591006424
8 0.868 0.25374732334047106 0.072 0.07494646680942184
8 0.836 0.30406852248394006 0.07 0.07066381156316917
8 0.278 0.11134903640256959 0.056 0.09850107066381156
9 0.456 0.1980728051391863 0.114 0.15845824411134904
0 0.422 0.43897216274089934 0.104 0.08137044967880086
0 0.564 0.26873661670235544 0.096 0.11134903640256959
0 0.973 0.20556745182012848 0.054 0.1284796573875803
0 0.628 0.4689507494646681 0.1 0.021413276231263382
0 0.893 0.08244111349036402 0.082 0.10706638115631692
0 0.498 0.027837259100642397 0.06 0.055674518201284794
0 0.338 0.2698072805139186 0.074 0.1006423982869379
1 0.046 0.5706638115631691 0.092 0.18201284796573874
1 0.238 0.6627408993576017 0.024 0.10492505353319058
1 0.225 0.7623126338329764 0.05 0.08565310492505353
1 0.211 0.8554603854389722 0.078 0.0835117773019272
1 0.048 0.8661670235546038 0.096 0.18629550321199143
1 0.073 0.9379014989293362 0.146 0.12419700214132762
1 0.192 0.9625267665952891 0.08 0.07494646680942184
1 0.191 0.6134903640256959 0.098 0.09207708779443255
1 0.095 0.6220556745182013 0.106 0.11777301927194861
11 0.467 0.639186295503212 0.08 0.03640256959314775
11 0.42 0.6359743040685225 0.048 0.0417558886509636
7 0.78 0.6509635974304069 0.091 0.05246252676659529