4 0.2833109017496635 0.1 0.10565275908479138 0.10762331838565023
4 0.1695827725437416 0.26143497757847534 0.09488559892328398 0.09237668161434978
4 0.2772543741588156 0.2587443946188341 0.06191117092866756 0.07443946188340807
4 0.2812920592193809 0.4789237668161435 0.05518169582772544 0.04080717488789238
8 0.4508748317631225 0.01390134529147982 0.08075370121130551 0.02780269058295964
4 0.1641991924629879 0.16502242152466368 0.11238223418573351 0.12556053811659193
4 0.034993270524899055 0.1726457399103139 0.06998654104979811 0.11569506726457399
9 0.40511440107671604 0.142152466367713 0.12584118438761777 0.16412556053811658
7 0.44347240915208613 0.3905829596412556 0.09959623149394348 0.09237668161434978
4 0.3243606998654105 0.2905829596412556 0.07267833109017496 0.07937219730941704
1 0.8156123822341858 0.21524663677130046 0.05585464333781965 0.10807174887892376
7 0.2839838492597577 0.6197309417040359 0.1117092866756393 0.0968609865470852
7 0.16352624495289367 0.5246636771300448 0.0955585464333782 0.05022421524663677
7 0.4576043068640646 0.7883408071748879 0.14939434724091522 0.09417040358744394
8 0.08142664872139974 0.5847533632286995 0.08344549125168237 0.07982062780269059
2 0.8337819650067295 0.6493273542600897 0.08546433378196501 0.12914798206278028
2 0.7833109017496636 0.8103139013452915 0.06796769851951548 0.10986547085201794
8 0.8142664872139973 0.741255605381166 0.031628532974428 0.04708520179372197