7 0.057356608478802994 0.08879310344827586 0.06359102244389027 0.06982758620689655
7 0.2562344139650873 0.21379310344827587 0.07231920199501247 0.04655172413793104
7 0.3478802992518703 0.12931034482758622 0.06795511221945137 0.016379310344827588
7 0.1658354114713217 0.15862068965517243 0.07044887780548628 0.03879310344827586
7 0.2518703241895262 0.06637931034482758 0.05548628428927681 0.03189655172413793
4 0.4077306733167082 0.19051724137931034 0.03428927680798005 0.019827586206896553
4 0.41895261845386533 0.13706896551724138 0.040523690773067333 0.02413793103448276
4 0.36159600997506236 0.15948275862068967 0.04488778054862843 0.027586206896551724
8 0.12905236907730674 0.10862068965517241 0.03615960099750624 0.02413793103448276
4 0.4077306733167082 0.17672413793103448 0.03428927680798005 0.016379310344827588
9 0.7394014962593516 0.1560344827586207 0.10473815461346633 0.14482758620689656
8 0.8042394014962594 0.13275862068965516 0.04114713216957606 0.07931034482758621
3 0.11097256857855362 0.7939655172413793 0.19576059850374064 0.21293103448275863
3 0.3011221945137157 0.8620689655172413 0.08728179551122195 0.1310344827586207
3 0.21321695760598502 0.5922413793103448 0.08728179551122195 0.09137931034482759
3 0.1433915211970075 0.5991379310344828 0.06109725685785536 0.12155172413793103
3 0.20885286783042395 0.49224137931034484 0.10224438902743142 0.10775862068965517
3 0.27743142144638405 0.45 0.07605985037406483 0.1310344827586207
3 0.11533665835411472 0.30603448275862066 0.1415211970074813 0.10517241379310345
3 0.2817955112219451 0.30258620689655175 0.08728179551122195 0.09827586206896552
7 0.5112219451371571 0.7043103448275863 0.06483790523690773 0.12931034482758622