1 0.4683333333333333 0.6698455949137148 0.06 0.03905540417801998
4 0.3426666666666667 0.3932788374205268 0.04833333333333333 0.14577656675749318
4 0.7633333333333333 0.36693914623069934 0.04933333333333333 0.14986376021798364
9 0.14866666666666667 0.8501362397820164 0.059666666666666666 0.047683923705722074
8 0.067 0.866030881017257 0.062 0.04087193460490463
0 0.23733333333333334 0.757039055404178 0.065 0.05086285195277021
0 0.233 0.7166212534059946 0.045 0.035422343324250684
0 0.25733333333333336 0.94141689373297 0.042666666666666665 0.033151680290644865
0 0.20333333333333334 0.8696639418710264 0.03166666666666667 0.02997275204359673
1 0.33166666666666667 0.7774750227066304 0.030333333333333334 0.02089009990917348
6 0.4046666666666667 0.776566757493188 0.037 0.029064486830154404
8 0.871 0.7170753860127157 0.066 0.055404178019981834
9 0.9103333333333333 0.9768392370572208 0.066 0.04632152588555858