4 0.16 0.31859070464767614 0.032 0.11619190404797601
7 0.6845 0.12968515742128936 0.0935 0.10044977511244378
7 0.536 0.29160419790104947 0.068 0.06596701649175413
8 0.5705 0.3875562218890555 0.0605 0.05922038980509745
11 0.7745 0.4715142428785607 0.0505 0.0472263868065967
11 0.707 0.46026986506746626 0.0525 0.05622188905547226
11 0.897 0.08695652173913043 0.0515 0.05247376311844078
11 0.795 0.06296851574212893 0.0515 0.05322338830584707
11 0.82 0.01199400299850075 0.0595 0.023238380809595203
11 0.567 0.1409295352323838 0.047 0.0472263868065967
11 0.679 0.2383808095952024 0.054 0.0472263868065967
11 0.3865 0.15217391304347827 0.013 0.031484257871064465
11 0.491 0.15442278860569716 0.057 0.05472263868065967
11 0.453 0.4002998500749625 0.0645 0.060719640179910044
11 0.7955 0.11094452773613193 0.058 0.06371814092953523
11 0.674 0.041979010494752625 0.0855 0.0727136431784108
9 0.7505 0.1176911544227886 0.0485 0.05247376311844078
1 0.61 0.35157421289355323 0.0485 0.049475262368815595
7 0.7535 0.2181409295352324 0.057 0.047976011994003
7 0.8885 0.13493253373313344 0.054 0.049475262368815595
7 0.826 0.1724137931034483 0.0735 0.0727136431784108
7 0.821 0.23238380809595202 0.055 0.0472263868065967
5 0.3255 0.6559220389805097 0.109 0.15442278860569716
5 0.28 0.8680659670164917 0.125 0.1454272863568216
5 0.3625 0.8755622188905547 0.035 0.17991004497751126
4 0.399 0.8478260869565217 0.038 0.12743628185907047
4 0.8655 0.6064467766116941 0.081 0.11544227886056972
1 0.6085 0.7968515742128935 0.083 0.12743628185907047
1 0.6605 0.5974512743628186 0.061 0.08995502248875563
7 0.738 0.8290854572713643 0.11 0.1469265367316342
7 0.7145 0.6814092953523239 0.077 0.12143928035982009
9 0.822 0.8043478260869565 0.064 0.10344827586206896