4 0.09090909090909091 0.5139064475347661 0.07816482582837724 0.10998735777496839
4 0.14953271028037382 0.44310998735777496 0.07306711979609176 0.1276864728192162
4 0.3135089209855565 0.3198482932996207 0.08326253186066271 0.13211125158027812
7 0.26932880203908244 0.3640960809102402 0.062446898895497024 0.10998735777496839
4 0.16779949022939677 0.24715549936788875 0.0989804587935429 0.14538558786346398
9 0.7960917587085812 0.21554993678887485 0.052676295666949875 0.08091024020227561
2 0.6384876805437553 0.28761061946902655 0.037807986406117246 0.07079646017699115
2 0.7553101104502974 0.30214917825537296 0.03908241291418862 0.08091024020227561
2 0.5369583687340697 0.213653603034134 0.026762956669498725 0.05056890012642225
2 0.6499575191163977 0.15676359039190899 0.03271028037383177 0.08723135271807839
8 0.7807986406117248 0.12515802781289506 0.03993203058623619 0.056890012642225034
10 0.3780798640611725 0.943109987357775 0.1070518266779949 0.11378002528445007
10 0.4638912489379779 0.8881163084702908 0.05097706032285471 0.09734513274336283
10 0.4205607476635514 0.8438685208596713 0.07391673746813934 0.08470290771175727
1 0.840696686491079 0.7831858407079646 0.3181818181818182 0.42857142857142855
1 0.6818181818181818 0.8868520859671302 0.11724723874256585 0.21807838179519595
1 0.5921835174171622 0.9051833122629582 0.1274426508071368 0.18963337547408343