4 0.13478818998716302 0.27340823970037453 0.0693196405648267 0.06273408239700375
4 0.3722721437740693 0.26217228464419473 0.12387676508344031 0.09363295880149813
3 0.8125802310654685 0.06554307116104868 0.22528883183568676 0.1301498127340824
3 0.6810012836970475 0.32771535580524347 0.057766367137355584 0.10112359550561797
3 0.8838254172015404 0.33239700374531833 0.07060333761232349 0.0702247191011236
3 0.8921694480102695 0.19194756554307116 0.1392811296534018 0.17322097378277154
3 0.8016688061617459 0.18164794007490637 0.10205391527599486 0.13389513108614232
7 0.1386392811296534 0.9634831460674157 0.10526315789473684 0.07303370786516854
7 0.24326059050064186 0.9728464419475655 0.06033376123234917 0.054307116104868915
9 0.15917843388960207 0.6872659176029963 0.04236200256739409 0.1348314606741573
9 0.2362002567394095 0.852996254681648 0.10526315789473684 0.16104868913857678
6 0.6309370988446726 0.7247191011235955 0.024390243902439025 0.10112359550561797
6 0.6546854942233633 0.8183520599250936 0.07188703465982028 0.10861423220973783
6 0.883183568677792 0.8473782771535581 0.12836970474967907 0.16853932584269662
6 0.7220795892169448 0.9456928838951311 0.10141206675224647 0.10861423220973783
6 0.7625160462130937 0.7940074906367042 0.03979460847240052 0.06554307116104868
6 0.8305519897304237 0.9578651685393258 0.043645699614890884 0.06367041198501873