8 0.21768707482993196 0.029535864978902954 0.14965986394557823 0.05907172995780591
8 0.7295918367346939 0.04430379746835443 0.1054421768707483 0.08860759493670886
8 0.7772108843537415 0.30168776371308015 0.06802721088435375 0.0970464135021097
4 0.8095238095238095 0.39451476793248946 0.10204081632653061 0.029535864978902954
4 0.5510204081632653 0.2109704641350211 0.08843537414965986 0.16033755274261605
11 0.3163265306122449 0.4831223628691983 0.1564625850340136 0.14767932489451477
11 0.023809523809523808 0.5654008438818565 0.047619047619047616 0.12658227848101267
7 0.31462585034013607 0.6181434599156118 0.08163265306122448 0.08860759493670886
7 0.4642857142857143 0.4704641350210971 0.08503401360544217 0.11392405063291139
7 0.12244897959183673 0.5168776371308017 0.20408163265306123 0.21518987341772153
7 0.27380952380952384 0.6940928270042194 0.0782312925170068 0.09282700421940929
1 0.8197278911564626 0.6371308016877637 0.14285714285714285 0.18143459915611815
1 0.782312925170068 0.5063291139240507 0.14965986394557823 0.17721518987341772
1 0.6649659863945578 0.45147679324894513 0.14625850340136054 0.08438818565400844
1 0.6870748299319728 0.6012658227848101 0.14625850340136054 0.18565400843881857
1 0.75 0.7151898734177216 0.11904761904761904 0.14345991561181434
1 0.6054421768707483 0.6434599156118144 0.1292517006802721 0.16877637130801687