4 0.24666666666666667 0.470703125 0.038181818181818185 0.110546875
4 0.12393939393939393 0.43125 0.06636363636363636 0.164453125
7 0.4993939393939394 0.115625 0.041212121212121214 0.05625
7 0.6648484848484848 0.158203125 0.043333333333333335 0.05078125
7 0.7445454545454545 0.242578125 0.03272727272727273 0.035546875
7 0.8321212121212122 0.418359375 0.05272727272727273 0.03984375
11 0.3021212121212121 0.67890625 0.03575757575757576 0.0984375
11 0.3009090909090909 0.936328125 0.038181818181818185 0.10234375
1 0.019393939393939394 0.701171875 0.03878787878787879 0.12265625
1 0.7954545454545454 0.66640625 0.08575757575757575 0.040234375
0 0.8312121212121212 0.946875 0.07393939393939394 0.0515625
0 0.6354545454545455 0.9578125 0.0603030303030303 0.03671875
0 0.9124242424242425 0.876953125 0.11484848484848485 0.079296875
0 0.8227272727272728 0.858984375 0.08666666666666667 0.0578125
5 0.7009090909090909 0.83203125 0.0993939393939394 0.0671875
9 0.649090909090909 0.671484375 0.07303030303030303 0.03828125
9 0.49636363636363634 0.683984375 0.12848484848484848 0.050390625