4 0.1931423611111111 0.4791666666666667 0.05642361111111111 0.14486882716049382
4 0.1451099537037037 0.32503858024691357 0.047309027777777776 0.11149691358024691
4 0.16493055555555555 0.1726466049382716 0.04123263888888889 0.09664351851851852
4 0.23206018518518517 0.32503858024691357 0.044270833333333336 0.11516203703703703
4 0.2511574074074074 0.18209876543209877 0.04586226851851852 0.1263503086419753
4 0.25419560185185186 0.6388888888888888 0.044270833333333336 0.08179012345679013
7 0.1701388888888889 0.06867283950617284 0.050347222222222224 0.13734567901234568
4 0.13049768518518517 0.1726466049382716 0.03819444444444445 0.08545524691358025
10 0.6377314814814815 0.3595679012345679 0.4357638888888889 0.45929783950617287
7 0.2472511574074074 0.7997685185185185 0.03891782407407408 0.03722993827160494
7 0.22974537037037038 0.7251157407407407 0.04658564814814815 0.048804012345679014
7 0.13975694444444445 0.8611111111111112 0.02936921296296296 0.03009259259259259
7 0.13425925925925927 0.9332561728395061 0.030671296296296297 0.02816358024691358
7 0.27025462962962965 0.8645833333333334 0.03443287037037037 0.03722993827160494
7 0.2877604166666667 0.8908179012345679 0.023003472222222224 0.025655864197530864
7 0.2552083333333333 0.9874614197530864 0.03443287037037037 0.02507716049382716
7 0.22844328703703703 0.9519675925925926 0.04210069444444445 0.03665123456790124
7 0.28515625 0.7827932098765432 0.028645833333333332 0.029513888888888888
7 0.2991898148148148 0.7629243827160493 0.030671296296296297 0.029513888888888888
7 0.15538194444444445 0.7939814814814815 0.023003472222222224 0.023148148148148147
7 0.1796875 0.7934027777777778 0.02806712962962963 0.03722993827160494
11 0.27589699074074076 0.7241512345679012 0.021122685185185185 0.019290123456790122
11 0.1974826388888889 0.732445987654321 0.02618634259259259 0.023148148148148147
11 0.1511863425925926 0.7635030864197531 0.023003472222222224 0.021219135802469136
11 0.12384259259259259 0.8088348765432098 0.030671296296296297 0.03009259259259259
11 0.17549189814814814 0.7586805555555556 0.023003472222222224 0.02179783950617284
11 0.1511863425925926 0.6981095679012346 0.028645833333333332 0.027584876543209878
11 0.3136574074074074 0.8379629629629629 0.026765046296296297 0.025655864197530864
11 0.16435185185185186 0.9041280864197531 0.02546296296296296 0.0314429012345679
11 0.14192708333333334 0.9052854938271605 0.02618634259259259 0.022376543209876542
11 0.1254340277777778 0.8946759259259259 0.023582175925925927 0.023726851851851853
11 0.23900462962962962 0.7565586419753086 0.02228009259259259 0.01986882716049383
11 0.2120949074074074 0.7914737654320988 0.02488425925925926 0.02179783950617284
11 0.32060185185185186 0.9695216049382716 0.02618634259259259 0.027584876543209878
11 0.20457175925925927 0.9874614197530864 0.02618634259259259 0.02507716049382716
11 0.1853298611111111 0.9220679012345679 0.021122685185185185 0.01986882716049383
11 0.1400462962962963 0.9701003086419753 0.027488425925925927 0.025655864197530864
11 0.10532407407407407 0.7870370370370371 0.021122685185185185 0.02816358024691358
7 0.80859375 0.7856867283950617 0.19068287037037038 0.21180555555555555