4 0.1355421686746988 0.16 0.04879518072289157 0.05625
4 0.4 0.28375 0.05421686746987952 0.08125
7 0.4987951807228916 0.335625 0.08795180722891566 0.1375
4 0.07590361445783132 0.105625 0.046987951807228916 0.076875
4 0.06746987951807229 0.225 0.030120481927710843 0.038125
7 0.3421686746987952 0.15625 0.06566265060240964 0.07
7 0.38674698795180723 0.465 0.05060240963855422 0.05625
7 0.2746987951807229 0.394375 0.05602409638554217 0.05625
7 0.4307228915662651 0.1825 0.05421686746987952 0.05375
7 0.8180722891566266 0.120625 0.10602409638554217 0.0975
3 0.31204819277108437 0.619375 0.2325301204819277 0.16125
3 0.27590361445783135 0.85 0.34036144578313254 0.2025
5 0.8018072289156627 0.784375 0.26987951807228916 0.16375