8 0.10640870616686819 0.11081081081081082 0.13482466747279323 0.08783783783783784
8 0.3252720677146312 0.15135135135135136 0.09250302297460701 0.06283783783783783
8 0.9123337363966143 0.28378378378378377 0.07134220072551391 0.051351351351351354
7 0.7025392986698912 0.2831081081081081 0.07013301088270858 0.052702702702702706
7 0.7503022974607013 0.2864864864864865 0.06892382103990327 0.04594594594594595
7 0.7140266021765417 0.022972972972972974 0.05199516324062878 0.04594594594594595
8 0.21463119709794437 0.6682432432432432 0.12333736396614269 0.14864864864864866
11 0.5332527206771464 0.8682432432432432 0.0592503022974607 0.08378378378378379
6 0.5151148730350665 0.43445945945945946 0.07255139056831923 0.07972972972972973
7 0.06287787182587666 0.620945945945946 0.12575574365175332 0.21756756756756757
8 0.15538089480048367 0.9155405405405406 0.12817412333736397 0.14594594594594595
8 0.7388149939540508 0.8540540540540541 0.02962515114873035 0.07162162162162163
8 0.7611850060459492 0.5891891891891892 0.02599758162031439 0.062162162162162166
8 0.6523579201934704 0.6993243243243243 0.02176541717049577 0.05405405405405406
8 0.8923821039903265 0.8527027027027027 0.02962515114873035 0.0891891891891892
11 0.7611850060459492 0.5222972972972973 0.019347037484885126 0.031081081081081083
11 0.7623941958887546 0.4864864864864865 0.016324062877871828 0.046621621621621624
11 0.7690447400241838 0.44797297297297295 0.018137847642079808 0.05
11 0.7817412333736397 0.40202702702702703 0.018137847642079808 0.0445945945945946
11 0.7351874244256348 0.4885135135135135 0.014510278113663845 0.03648648648648649
11 0.694074969770254 0.6081081081081081 0.017533252720677146 0.05810810810810811
11 0.7097944377267231 0.7952702702702703 0.03204353083434099 0.06013513513513514
11 0.843409915356711 0.7695945945945946 0.020556227327690448 0.05
11 0.8403869407496977 0.8675675675675676 0.02599758162031439 0.07364864864864865
11 0.7859733978234583 0.8006756756756757 0.02418379685610641 0.0777027027027027
11 0.6692865779927448 0.754054054054054 0.018137847642079808 0.046621621621621624
11 0.7593712212817413 0.745945945945946 0.03385731559854897 0.09864864864864865
11 0.8748488512696493 0.43783783783783786 0.02599758162031439 0.07567567567567568
11 0.8337363966142685 0.42905405405405406 0.02720677146311971 0.06959459459459459
11 0.8802902055622733 0.754054054054054 0.02176541717049577 0.06351351351351352
11 0.8669891172914147 0.8135135135135135 0.013905683192261185 0.046621621621621624
11 0.8663845223700121 0.5851351351351352 0.03143893591293833 0.06351351351351352
11 0.658403869407497 0.8 0.02176541717049577 0.062162162162162166
7 0.8083434099153567 0.7175675675675676 0.02902055622732769 0.05810810810810811
7 0.8095525997581621 0.6459459459459459 0.03204353083434099 0.062162162162162166
7 0.7061668681983071 0.7337837837837838 0.02418379685610641 0.05810810810810811
7 0.7333736396614269 0.7135135135135136 0.015114873035066506 0.05810810810810811
0 0.9594921402660218 0.6527027027027027 0.05199516324062878 0.0945945945945946
7 0.6771463119709794 0.6702702702702703 0.022974607013301087 0.05810810810810811
7 0.7623941958887546 0.6527027027027027 0.02176541717049577 0.05202702702702703
7 0.7388149939540508 0.654054054054054 0.02599758162031439 0.07364864864864865
7 0.7061668681983071 0.6324324324324324 0.020556227327690448 0.056081081081081084
7 0.6729141475211609 0.7885135135135135 0.022370012091898428 0.056081081081081084
7 0.7218863361547763 0.595945945945946 0.022370012091898428 0.05405405405405406
7 0.7744860943168077 0.5466216216216216 0.03325272067714631 0.07567567567567568
7 0.8319226118500604 0.4912162162162162 0.02357920193470375 0.056081081081081084
7 0.939540507859734 0.7675675675675676 0.026602176541717048 0.06959459459459459
7 0.9256348246674728 0.7101351351351352 0.02962515114873035 0.0777027027027027