8 0.31671554252199413 0.4149560117302053 0.06256109481915934 0.07404692082111437
8 0.21456500488758554 0.47214076246334313 0.043010752688172046 0.05278592375366569
8 0.32111436950146627 0.24926686217008798 0.04056695992179863 0.047653958944281524
8 0.13049853372434017 0.2375366568914956 0.043010752688172046 0.05791788856304985
8 0.4398826979472141 0.1774193548387097 0.045454545454545456 0.0813782991202346
4 0.06451612903225806 0.3621700879765396 0.06451612903225806 0.062316715542521994
4 0.27956989247311825 0.06964809384164222 0.05767350928641251 0.04325513196480939
4 0.31671554252199413 0.16422287390029325 0.060117302052785926 0.062316715542521994
4 0.4662756598240469 0.3343108504398827 0.050342130987292275 0.08651026392961877
9 0.03616813294232649 0.1466275659824047 0.06940371456500488 0.07917888563049853
1 0.8074291300097751 0.2793255131964809 0.053763440860215055 0.10337243401759531
9 0.17790811339198437 0.844574780058651 0.23949169110459434 0.20381231671554254
2 0.45161290322580644 0.7917888563049853 0.0772238514173998 0.11290322580645161
8 0.6011730205278593 0.8372434017595308 0.030303030303030304 0.05865102639296188
8 0.5962854349951124 0.6715542521994134 0.03421309872922776 0.07331378299120235
7 0.8000977517106549 0.6869501466275659 0.04887585532746823 0.05278592375366569