8 0.3283492822966507 0.103125 0.07416267942583732 0.051875
8 0.19497607655502391 0.118125 0.05741626794258373 0.048125
7 0.05741626794258373 0.13 0.04784688995215311 0.03875
9 0.24401913875598086 0.1075 0.07595693779904306 0.049375
8 0.9240430622009569 0.14375 0.045454545454545456 0.055
8 0.8839712918660287 0.020625 0.05263157894736842 0.04125
9 0.7595693779904307 0.09 0.07416267942583732 0.11625
7 0.7045454545454546 0.01 0.04066985645933014 0.02
7 0.6555023923444976 0.220625 0.03708133971291866 0.05375
7 0.6142344497607656 0.070625 0.05861244019138756 0.08125
1 0.3157894736842105 0.88625 0.09449760765550239 0.129375
1 0.18301435406698566 0.76625 0.08433014354066985 0.129375
1 0.2452153110047847 0.69 0.07954545454545454 0.1325
1 0.3546650717703349 0.584375 0.10466507177033493 0.110625
1 0.2900717703349282 0.488125 0.06698564593301436 0.063125
1 0.35107655502392343 0.3075 0.09449760765550239 0.0375
1 0.1680622009569378 0.495625 0.08732057416267942 0.158125
1 0.06937799043062201 0.399375 0.07236842105263158 0.075625
9 0.9383971291866029 0.62125 0.12320574162679426 0.27
9 0.8259569377990431 0.684375 0.1519138755980861 0.21125