8 0.25892857142857145 0.2119205298013245 0.05654761904761905 0.10596026490066225
8 0.15327380952380953 0.23730684326710816 0.043154761904761904 0.09823399558498896
7 0.044642857142857144 0.25386313465783666 0.03720238095238095 0.0772626931567329
9 0.19196428571428573 0.2163355408388521 0.05803571428571429 0.09823399558498896
9 0.4836309523809524 0.1456953642384106 0.09226190476190477 0.07505518763796909
9 0.6458333333333334 0.20750551876379691 0.13690476190476192 0.08609271523178808
7 0.84375 0.24282560706401765 0.08333333333333333 0.05518763796909492
8 0.6473214285714286 0.30353200883002207 0.09226190476190477 0.07947019867549669
8 0.46130952380952384 0.05849889624724062 0.047619047619047616 0.0640176600441501
11 0.8883928571428571 0.5397350993377483 0.13988095238095238 0.09933774834437085
8 0.5386904761904762 0.2913907284768212 0.0625 0.046357615894039736
8 0.5520833333333334 0.32781456953642385 0.06547619047619048 0.04415011037527594
7 0.6205357142857143 0.10044150110375276 0.0744047619047619 0.05077262693156733
8 0.7544642857142857 0.3355408388520971 0.047619047619047616 0.03532008830022075
8 0.6934523809523809 0.3631346578366446 0.05952380952380952 0.039735099337748346
8 0.7113095238095238 0.3355408388520971 0.050595238095238096 0.037527593818984545
8 0.71875 0.28807947019867547 0.047619047619047616 0.03532008830022075
8 0.47470238095238093 0.08498896247240618 0.07142857142857142 0.04415011037527594
7 0.7247023809523809 0.2582781456953642 0.08333333333333333 0.05518763796909492
7 0.5684523809523809 0.1401766004415011 0.05654761904761905 0.04194260485651214
7 0.46875 0.026490066225165563 0.0625 0.052980132450331126
11 0.4732142857142857 0.22075055187637968 0.07142857142857142 0.05739514348785872
11 0.5922619047619048 0.2582781456953642 0.07738095238095238 0.05518763796909492
4 0.35714285714285715 0.7461368653421634 0.10119047619047619 0.0772626931567329
4 0.20833333333333334 0.8520971302428256 0.10714285714285714 0.09050772626931568
4 0.04017857142857143 0.9679911699779249 0.08035714285714286 0.0640176600441501
4 0.12351190476190477 0.6158940397350994 0.09821428571428571 0.052980132450331126
4 0.33779761904761907 0.6225165562913907 0.05654761904761905 0.04415011037527594
4 0.40625 0.6291390728476821 0.05952380952380952 0.04856512141280353
4 0.1488095238095238 0.7163355408388521 0.08630952380952381 0.0706401766004415
9 0.5967261904761905 0.6666666666666666 0.11904761904761904 0.06622516556291391
9 0.6964285714285714 0.6920529801324503 0.11011904761904762 0.06622516556291391
8 0.7113095238095238 0.8774834437086093 0.10714285714285714 0.0706401766004415
8 0.8199404761904762 0.9701986754966887 0.10416666666666667 0.059602649006622516
7 0.9479166666666666 0.7472406181015453 0.10416666666666667 0.10816777041942605
7 0.9107142857142857 0.9536423841059603 0.125 0.09271523178807947
7 0.6741071428571429 0.8002207505518764 0.12202380952380952 0.07947019867549669