7 0.320625 0.1337099811676083 0.101875 0.10734463276836158
5 0.770625 0.03766478342749529 0.19125 0.07532956685499058
5 0.745 0.1487758945386064 0.22125 0.2222222222222222
5 0.60625 0.0743879472693032 0.1325 0.1487758945386064
5 0.566875 0.2843691148775895 0.07375 0.10922787193973635
5 0.693125 0.2937853107344633 0.16875 0.0903954802259887
1 0.268125 0.4868173258003766 0.066875 0.1016949152542373
1 0.458125 0.71939736346516 0.116875 0.2617702448210923
1 0.228125 0.5386064030131826 0.083125 0.11581920903954802
1 0.274375 0.5894538606403014 0.0475 0.07815442561205273
1 0.2225 0.6694915254237288 0.026875 0.04990583804143126
1 0.194375 0.7401129943502824 0.075 0.09887005649717515
1 0.175 0.6374764595103578 0.0775 0.1111111111111111
1 0.23375 0.608286252354049 0.068125 0.1064030131826742
1 0.325 0.571563088512241 0.08 0.13653483992467044
1 0.393125 0.6026365348399246 0.08125 0.12994350282485875
1 0.130625 0.7495291902071564 0.068125 0.1111111111111111
0 0.919375 0.8088512241054614 0.0675 0.11299435028248588
0 0.8675 0.9623352165725048 0.0675 0.07532956685499058
6 0.77 0.8436911487758946 0.065 0.1337099811676083
6 0.975625 0.3747645951035782 0.04875 0.07156308851224105
3 0.678125 0.4670433145009416 0.06125 0.07909604519774012
3 0.755 0.588512241054614 0.08375 0.10734463276836158
3 0.821875 0.4887005649717514 0.065 0.1016949152542373
3 0.630625 0.815442561205273 0.0775 0.08662900188323917
3 0.589375 0.7203389830508474 0.0475 0.08662900188323917
3 0.844375 0.6770244821092278 0.08 0.14124293785310735
3 0.7675 0.692090395480226 0.0575 0.10922787193973635
3 0.919375 0.4227871939736347 0.04625 0.07344632768361582
3 0.934375 0.3502824858757062 0.07125 0.022598870056497175