4 0.1731301939058172 0.11911357340720222 0.10249307479224377 0.10803324099722991
4 0.0886426592797784 0.23822714681440443 0.0886426592797784 0.08310249307479224
4 0.12880886426592797 0.35041551246537395 0.07479224376731301 0.07479224376731301
4 0.24653739612188366 0.23268698060941828 0.08033240997229917 0.08587257617728532
4 0.2853185595567867 0.3379501385041551 0.08587257617728532 0.09418282548476455
4 0.278393351800554 0.013850415512465374 0.08033240997229917 0.027700831024930747
7 0.13988919667590027 0.4113573407202216 0.09141274238227147 0.07479224376731301
4 0.06786703601108034 0.35318559556786705 0.07202216066481995 0.06371191135734072
8 0.8185595567867036 0.3448753462603878 0.12742382271468145 0.12188365650969529
8 0.9155124653739612 0.24792243767313019 0.13019390581717452 0.13573407202216067
8 0.7049861495844876 0.09418282548476455 0.11080332409972299 0.09141274238227147
11 0.5166204986149584 0.1440443213296399 0.09695290858725762 0.0997229916897507
1 0.4806094182825485 0.3047091412742382 0.024930747922437674 0.08310249307479224
1 0.34349030470914127 0.6135734072022161 0.09279778393351801 0.13434903047091412
1 0.23407202216066483 0.6371191135734072 0.045706371191135735 0.06925207756232687
1 0.08725761772853186 0.7479224376731302 0.1371191135734072 0.18698060941828254
1 0.0997229916897507 0.8739612188365651 0.07617728531855955 0.1440443213296399
1 0.21745152354570638 0.7825484764542936 0.07479224376731301 0.1149584487534626
1 0.2894736842105263 0.9321329639889196 0.055401662049861494 0.10664819944598337
1 0.3808864265927978 0.871191135734072 0.13157894736842105 0.15512465373961218
0 0.3074792243767313 0.5 0.15512465373961218 0.10249307479224377
5 0.7936288088642659 0.5526315789473685 0.41274238227146814 0.2077562326869806
5 0.8947368421052632 0.7063711911357341 0.21052631578947367 0.20498614958448755
5 0.8365650969529086 0.9182825484764543 0.3268698060941828 0.1634349030470914
5 0.5346260387811634 0.8074792243767313 0.1329639889196676 0.1523545706371191
5 0.7119113573407202 0.8490304709141274 0.21052631578947367 0.1523545706371191