4 0.2041709577754892 0.12744593202883625 0.03398558187435633 0.10092687950566426
4 0.10221421215242019 0.18280123583934088 0.05870236869207003 0.15370751802265706
7 0.6766220391349125 0.08753861997940268 0.032955715756951595 0.04145211122554068
7 0.431513903192585 0.17662203913491245 0.04479917610710608 0.040679711637487126
7 0.777806385169928 0.31822863027806386 0.042996910401647784 0.044284243048403706
7 0.84783728115345 0.220648815653965 0.04402677651905252 0.054067971163748715
7 0.5919155509783728 0.3223480947476828 0.036560247167868175 0.03244078269824923
7 0.5290937178166838 0.29840370751802264 0.036560247167868175 0.028836251287332648
7 0.6161174047373842 0.2947991761071061 0.031153450051493305 0.03347064881565397
7 0.7355818743563337 0.09963954685890834 0.05046343975283213 0.05509783728115345
8 0.49279093717816685 0.3877445932028836 0.042224510813594233 0.04145211122554068
8 0.579557157569516 0.15937178166838312 0.047631307929969106 0.044284243048403706
8 0.5131307929969104 0.25592173017507724 0.03759011328527292 0.04248197734294542
11 0.9464469618949537 0.17327497425334706 0.042996910401647784 0.04505664263645726
1 0.5424819773429455 0.09886714727085479 0.03475798146240989 0.04505664263645726
9 0.16658084449021626 0.8007209062821833 0.12100926879505665 0.11585993820803296
9 0.24922760041194644 0.8522142121524202 0.0411946446961895 0.06591143151390319
7 0.21807415036045313 0.6037590113285273 0.1035015447991761 0.08805355303810504
6 0.7028836251287333 0.737384140061792 0.044284243048403706 0.04016477857878476
6 0.5540679711637487 0.9214727085478888 0.08084449021627188 0.06591143151390319
6 0.6601441812564367 0.953913491246138 0.09268795056642637 0.08264675592173018
6 0.8681771369721936 0.8403707518022657 0.08290422245108137 0.06925849639546859
6 0.7059732234809475 0.8501544799176107 0.05226570545829042 0.04248197734294542
6 0.8733264675592173 0.9328012358393409 0.09963954685890834 0.052780638516992794
6 0.6725025746652935 0.7775489186405767 0.03759011328527292 0.02909371781668383