4 0.2416058394160584 0.09166666666666666 0.09708029197080292 0.075
4 0.3963503649635037 0.18106060606060606 0.08613138686131387 0.06439393939393939
4 0.2948905109489051 0.2143939393939394 0.05547445255474453 0.05606060606060606
4 0.35766423357664234 0.39621212121212124 0.04890510948905109 0.04090909090909091
8 0.051094890510948905 0.05606060606060606 0.072992700729927 0.06666666666666667
4 0.372992700729927 0.10303030303030303 0.09927007299270073 0.09242424242424242
4 0.4985401459854015 0.0659090909090909 0.06204379562043796 0.09015151515151515
9 0.14014598540145987 0.1643939393939394 0.11021897810218978 0.125
7 0.17664233576642335 0.37424242424242427 0.0905109489051095 0.06439393939393939
4 0.2591240875912409 0.2553030303030303 0.06423357664233577 0.058333333333333334
4 0.5832116788321168 0.35454545454545455 0.027737226277372264 0.08484848484848485
3 0.2518248175182482 0.5196969696969697 0.3343065693430657 0.2
3 0.5043795620437956 0.8765151515151515 0.08248175182481751 0.19318181818181818
3 0.20656934306569344 0.9537878787878787 0.10291970802919707 0.09166666666666666
3 0.16423357664233576 0.7545454545454545 0.20437956204379562 0.25681818181818183
3 0.2941605839416058 0.6954545454545454 0.15036496350364964 0.2
2 0.7051094890510949 0.8037878787878788 0.06715328467153285 0.09696969696969697
2 0.7532846715328467 0.6674242424242425 0.042335766423357665 0.08181818181818182
2 0.8948905109489051 0.8416666666666667 0.03576642335766423 0.06666666666666667
8 0.9781021897810219 0.8984848484848484 0.026277372262773723 0.05454545454545454
7 0.6897810218978102 0.7325757575757575 0.05547445255474453 0.07272727272727272