4 0.27892561983471076 0.23185840707964603 0.03409090909090909 0.04601769911504425
4 0.09607438016528926 0.18584070796460178 0.03925619834710744 0.06460176991150443
7 0.029442148760330578 0.16460176991150444 0.058884297520661155 0.11061946902654868
4 0.32231404958677684 0.26194690265486725 0.03305785123966942 0.061061946902654866
4 0.315599173553719 0.17168141592920355 0.02066115702479339 0.030973451327433628
7 0.14617768595041322 0.27168141592920353 0.04648760330578512 0.05663716814159292
7 0.08574380165289257 0.049557522123893805 0.035640495867768594 0.04601769911504425
7 0.16425619834710745 0.08230088495575222 0.03925619834710744 0.047787610619469026
7 0.0862603305785124 0.2672566371681416 0.03770661157024793 0.04601769911504425
6 0.5273760330578512 0.1654867256637168 0.13481404958677687 0.06814159292035399
6 0.7417355371900827 0.184070796460177 0.1921487603305785 0.05663716814159292
6 0.5702479338842975 0.04424778761061947 0.10175619834710743 0.047787610619469026
6 0.743801652892562 0.018584070796460177 0.04442148760330578 0.036283185840707964
8 0.27892561983471076 0.7929203539823009 0.04132231404958678 0.10088495575221239
11 0.1709710743801653 0.9088495575221239 0.04648760330578512 0.0920353982300885
11 0.19731404958677687 0.5787610619469027 0.03305785123966942 0.11504424778761062
7 0.2975206611570248 0.6 0.05526859504132232 0.12300884955752213
7 0.1503099173553719 0.588495575221239 0.06973140495867769 0.13716814159292035
3 0.9907024793388429 0.5415929203539823 0.01859504132231405 0.1486725663716814
3 0.918904958677686 0.6734513274336283 0.1322314049586777 0.1486725663716814
3 0.7536157024793388 0.5327433628318584 0.05785123966942149 0.10265486725663717