7 0.3309265944645006 0.24635332252836303 0.10589651022864019 0.16369529983792544
6 0.6570397111913358 0.09319286871961102 0.25511432009626955 0.18638573743922204
6 0.5980746089049338 0.48703403565640196 0.1371841155234657 0.04376012965964344
6 0.5776173285198556 0.07779578606158834 0.09626955475330927 0.15559157212317667
8 0.21780986762936222 0.9059967585089141 0.06618531889290012 0.08752025931928688
8 0.302647412755716 0.8865478119935171 0.056558363417569195 0.0713128038897893
8 0.39229843561973526 0.8824959481361426 0.039711191335740074 0.059967585089141004
1 0.2611311672683514 0.9886547811993517 0.048134777376654635 0.022690437601296597
1 0.2394705174488568 0.9578606158833063 0.04693140794223827 0.050243111831442464
7 0.2009626955475331 0.5648298217179902 0.032490974729241874 0.04862236628849271
1 0.24849578820697954 0.5542949756888168 0.03850782190132371 0.05348460291734198
7 0.1269554753309266 0.7228525121555915 0.05896510228640193 0.09562398703403566
7 0.10168471720818291 0.6126418152350082 0.04332129963898917 0.05672609400324149
7 0.22021660649819494 0.5956239870340356 0.039711191335740074 0.04538087520259319
7 0.1654632972322503 0.9489465153970826 0.036101083032490974 0.05186385737439222
7 0.710589651022864 0.6758508914100486 0.12876052948255115 0.13452188006482982
7 0.8507821901323707 0.7706645056726094 0.08062575210589651 0.12641815235008103
7 0.7557160048134778 0.9116693679092382 0.08664259927797834 0.12965964343598055
1 0.5595667870036101 0.7755267423014587 0.06016847172081829 0.1053484602917342