4 0.6424501424501424 0.3964059196617336 0.0811965811965812 0.09408033826638477
4 0.33618233618233617 0.427061310782241 0.14957264957264957 0.13742071881606766
8 0.9131054131054132 0.5306553911205074 0.16809116809116809 0.12473572938689217
1 0.24786324786324787 0.6754756871035941 0.10256410256410256 0.06976744186046512
1 0.37464387464387466 0.6131078224101479 0.1623931623931624 0.02959830866807611
1 0.7022792022792023 0.6057082452431289 0.07692307692307693 0.014799154334038054
1 0.3803418803418803 0.7103594080338267 0.06552706552706553 0.052854122621564484
1 0.51994301994302 0.6321353065539113 0.05982905982905983 0.06765327695560254
7 0.6253561253561254 0.8520084566596194 0.08262108262108261 0.0824524312896406
7 0.38746438746438744 0.9344608879492601 0.05982905982905983 0.05708245243128964
7 0.6951566951566952 0.7441860465116279 0.09971509971509972 0.04439746300211417
0 0.39316239316239315 0.7938689217758985 0.10826210826210826 0.05496828752642706
11 0.8304843304843305 0.8118393234672304 0.06552706552706553 0.05496828752642706
11 0.8091168091168092 0.8594080338266384 0.022792022792022793 0.040169133192389
11 0.8547008547008547 0.9154334038054969 0.05128205128205128 0.03805496828752643
11 0.8148148148148148 0.9661733615221987 0.03418803418803419 0.03805496828752643
11 0.8133903133903134 0.9101479915433404 0.03133903133903134 0.048625792811839326
11 0.9316239316239316 0.6733615221987315 0.04843304843304843 0.040169133192389
11 0.9216524216524217 0.7124735729386892 0.05698005698005698 0.04439746300211417