8 0.15247108307045215 0.12179487179487179 0.06501927795303189 0.11904761904761904
11 0.31475639677532424 0.13217338217338218 0.06992639327024185 0.11294261294261294
11 0.19313003855590608 0.41483516483516486 0.055029793200140203 0.1278998778998779
7 0.07746232036452856 0.2854090354090354 0.08499824745881528 0.14865689865689866
7 0.2539432176656151 0.45787545787545786 0.10497721696459866 0.16941391941391942
1 0.969155275148966 0.2490842490842491 0.05327725201542236 0.07142857142857142
1 0.9200841219768665 0.16941391941391942 0.04065895548545391 0.0641025641025641
1 0.9719593410445145 0.13156288156288157 0.03224675779880827 0.06471306471306472
1 0.7939011566771819 0.14316239316239315 0.050473186119873815 0.07936507936507936
11 0.890466175955135 0.46703296703296704 0.0683491062039958 0.12576312576312576
1 0.46635120925341744 0.7387057387057387 0.03680336487907466 0.033577533577533576
1 0.42797055730809674 0.76007326007326 0.03347353662811076 0.03205128205128205
1 0.4810725552050473 0.7963980463980463 0.01717490361023484 0.030525030525030524
1 0.38275499474237645 0.7426739926739927 0.02453557658604977 0.028998778998779
2 0.16070802663862602 0.8711843711843712 0.05958640028040659 0.05067155067155067
2 0.4051875219067648 0.9139194139194139 0.05134945671223274 0.058302808302808304
9 0.31703470031545744 0.8437118437118437 0.05958640028040659 0.04487179487179487
2 0.09831756046267087 0.9282661782661783 0.05958640028040659 0.04395604395604396
9 0.8363126533473537 0.9136141636141636 0.04977216964598668 0.050976800976800976
8 0.8774973711882229 0.971001221001221 0.052926743778478794 0.04304029304029304
0 0.8485804416403786 0.7884615384615384 0.054153522607781286 0.05463980463980464
0 0.8820539782684893 0.7576312576312576 0.037679635471433576 0.03815628815628816
0 0.6962846126883981 0.9300976800976801 0.03627760252365931 0.03571428571428571
0 0.7860147213459516 0.9001831501831502 0.02611286365229583 0.03205128205128205
1 0.7716438836312653 0.7545787545787546 0.025587101296880476 0.022588522588522588
6 0.7246757798808272 0.7145909645909646 0.030669470732562217 0.030830280830280832