4 0.32824025289778713 0.19694244604316546 0.10642781875658588 0.09352517985611511
7 0.9030558482613277 0.07284172661870504 0.09483667017913593 0.14568345323741008
1 0.3466807165437302 0.5665467625899281 0.0779768177028451 0.13309352517985612
6 0.3788198103266596 0.8345323741007195 0.0547945205479452 0.07553956834532374
6 0.2702845100105374 0.908273381294964 0.0505795574288725 0.08812949640287769
6 0.4267650158061117 0.7329136690647482 0.0505795574288725 0.10431654676258993
1 0.2987355110642782 0.6780575539568345 0.08956796628029505 0.1510791366906475
1 0.2513171759747102 0.6079136690647482 0.07903055848261328 0.13848920863309352
1 0.22075869336143308 0.7383093525179856 0.0874604847207587 0.17086330935251798
1 0.19968387776606955 0.45323741007194246 0.0916754478398314 0.1474820143884892
1 0.2787144362486828 0.4982014388489209 0.11064278187565858 0.17266187050359713
1 0.2602739726027397 0.40827338129496404 0.11801896733403583 0.05755395683453238
1 0.1833508956796628 0.5701438848920863 0.09905163329820864 0.1618705035971223
1 0.21390937829293993 0.8947841726618705 0.0916754478398314 0.1564748201438849
1 0.14910432033719706 0.41636690647482016 0.07481559536354057 0.0737410071942446
1 0.42096944151738674 0.6052158273381295 0.09799789251844046 0.1618705035971223
1 0.3667017913593256 0.7266187050359713 0.08008429926238145 0.1366906474820144
1 0.2950474183350896 0.8174460431654677 0.11169652265542676 0.1672661870503597
1 0.351422550052687 0.9361510791366906 0.12118018967334036 0.12769784172661872
1 0.136986301369863 0.8498201438848921 0.10432033719704953 0.17985611510791366
1 0.1464699683877766 0.689748201438849 0.1095890410958904 0.17266187050359713
1 0.11643835616438356 0.5044964028776978 0.0821917808219178 0.1618705035971223
7 0.8614330874604847 0.7643884892086331 0.03161222339304531 0.06474820143884892
7 0.8967334035827187 0.4244604316546763 0.03582718651211802 0.06474820143884892
2 0.9631190727081138 0.4055755395683453 0.037934668071654375 0.052158273381294966
9 0.8177028451001054 0.6636690647482014 0.045310853530031614 0.08992805755395683
9 0.9610115911485775 0.5575539568345323 0.05584826132771338 0.07913669064748201