4 0.341875 0.1575 0.04375 0.064375
4 0.1275 0.31125 0.04875 0.090625
7 0.04625 0.375 0.08 0.1525
4 0.38875 0.094375 0.0425 0.08625
4 0.401875 0.220625 0.026875 0.043125
7 0.16875 0.171875 0.058125 0.07875
7 0.14625 0.49875 0.045625 0.061875
7 0.236875 0.4175 0.05 0.064375
7 0.09625 0.2075 0.04875 0.061875
1 0.568125 0.2825 0.06125 0.07625
1 0.2275 0.595625 0.095 0.11125
1 0.218125 0.698125 0.08375 0.0575
1 0.204375 0.7675 0.123125 0.063125
1 0.23375 0.8925 0.05125 0.035
1 0.21625 0.959375 0.053125 0.04625
11 0.723125 0.85875 0.073125 0.048125
11 0.645 0.7025 0.04375 0.035
0 0.558125 0.775 0.09875 0.07375
7 0.941875 0.58875 0.064375 0.05
7 0.550625 0.616875 0.076875 0.04625
0 0.53375 0.69375 0.105625 0.04875