7 0.32 0.280359820089955 0.0685 0.08920539730134933
7 0.708 0.22413793103448276 0.069 0.06296851574212893
7 0.807 0.28785607196401797 0.0585 0.046476761619190406
11 0.844 0.44002998500749624 0.089 0.07946026986506746
11 0.778 0.4085457271364318 0.052 0.053973013493253376
11 0.7915 0.3410794602698651 0.0285 0.03073463268365817
11 0.8185 0.3575712143928036 0.0415 0.043478260869565216
11 0.965 0.24587706146926536 0.0405 0.05172413793103448
11 0.825 0.23388305847076463 0.0445 0.03073463268365817
11 0.7925 0.21964017991004497 0.035 0.029985007496251874
11 0.858 0.17541229385307347 0.038 0.035982008995502246
11 0.921 0.37256371814092953 0.032 0.03523238380809595
11 0.8945 0.3410794602698651 0.02 0.027736131934032984
11 0.752 0.37556221889055474 0.031 0.03373313343328336
11 0.7645 0.32158920539730135 0.036 0.04422788605697151
11 0.669 0.15292353823088456 0.031 0.03373313343328336
11 0.7645 0.14917541229385306 0.021 0.022488755622188907
11 0.756 0.12818590704647675 0.0225 0.027736131934032984
11 0.886 0.08320839580209895 0.055 0.05847076461769116
11 0.902 0.280359820089955 0.035 0.035982008995502246
8 0.5835 0.31859070464767614 0.049 0.05172413793103448
11 0.644 0.08470764617691154 0.0475 0.04572713643178411
11 0.925 0.1701649175412294 0.0295 0.02848575712143928
11 0.786 0.1206896551724138 0.031 0.02623688155922039
11 0.8015 0.191904047976012 0.0245 0.024737631184407798
11 0.8785 0.15892053973013492 0.032 0.038980509745127435
11 0.8695 0.13943028485757122 0.036 0.03523238380809595
11 0.8665 0.22638680659670166 0.0285 0.02848575712143928
11 0.8125 0.46326836581709147 0.036 0.03298350824587706
11 0.6815 0.4025487256371814 0.0425 0.038980509745127435
11 0.639 0.404047976011994 0.037 0.038980509745127435
11 0.712 0.3523238380809595 0.0245 0.027736131934032984
7 0.2365 0.8793103448275862 0.083 0.1469265367316342
7 0.0955 0.6499250374812594 0.061 0.0944527736131934
8 0.123 0.5149925037481259 0.054 0.0704647676161919
11 0.431 0.931784107946027 0.046 0.07646176911544228
11 0.339 0.9662668665667167 0.046 0.06746626686656672
11 0.129 0.8680659670164917 0.042 0.06896551724137931
11 0.228 0.7211394302848576 0.049 0.06896551724137931
11 0.0595 0.8523238380809596 0.052 0.07796101949025487
11 0.0225 0.5097451274362819 0.045 0.05997001499250375
11 0.338 0.9017991004497751 0.052 0.09295352323838081
11 0.23 0.9782608695652174 0.078 0.043478260869565216
9 0.297 0.8935532233883059 0.043 0.07646176911544228
1 0.161 0.5584707646176912 0.043 0.0704647676161919
7 0.2965 0.7473763118440779 0.052 0.06896551724137931
7 0.422 0.8628185907046477 0.049 0.0704647676161919
7 0.364 0.8103448275862069 0.066 0.10494752623688156
7 0.3575 0.7226386806596702 0.049 0.06746626686656672