4 0.11566265060240964 0.25135135135135134 0.056626506024096385 0.08378378378378379
4 0.2325301204819277 0.2831081081081081 0.058433734939759036 0.10135135135135136
4 0.3716867469879518 0.31891891891891894 0.05542168674698795 0.08378378378378379
4 0.172289156626506 0.025675675675675677 0.05542168674698795 0.051351351351351354
4 0.07228915662650602 0.12635135135135134 0.03253012048192771 0.0472972972972973
4 0.04216867469879518 0.16418918918918918 0.03253012048192771 0.05202702702702703
4 0.20421686746987952 0.12837837837837837 0.04819277108433735 0.07905405405405405
7 0.03433734939759036 0.08175675675675675 0.05542168674698795 0.06418918918918919
8 0.9548192771084337 0.30405405405405406 0.09036144578313253 0.14324324324324325
6 0.6030120481927711 0.3047297297297297 0.06867469879518072 0.07702702702702703
6 0.2596385542168675 0.8635135135135135 0.056626506024096385 0.0891891891891892
6 0.18012048192771085 0.5824324324324325 0.1602409638554217 0.08648648648648649
6 0.1825301204819277 0.6986486486486486 0.07108433734939759 0.12837837837837837
3 0.12831325301204818 0.9405405405405406 0.0891566265060241 0.09594594594594595
11 0.6126506024096385 0.5939189189189189 0.07951807228915662 0.08513513513513514
7 0.7933734939759036 0.5486486486486486 0.06867469879518072 0.01891891891891892
7 0.4734939759036145 0.5493243243243243 0.0819277108433735 0.02027027027027027