4 0.3808948004836759 0.10771704180064309 0.17412333736396615 0.06913183279742766
7 0.9014510278113664 0.01929260450160772 0.049576783555018135 0.03858520900321544
7 0.1154776299879081 0.4188102893890675 0.12575574365175332 0.0972668810289389
7 0.2980652962515115 0.4533762057877814 0.12998790810157196 0.1229903536977492
7 0.722490931076179 0.8770096463022508 0.1094316807738815 0.10128617363344052
7 0.6257557436517533 0.7709003215434084 0.08827085852478839 0.09405144694533762
7 0.2708585247883918 0.7781350482315113 0.11366384522370013 0.1157556270096463
7 0.535671100362757 0.5811897106109325 0.1215235792019347 0.09405144694533762
8 0.68863361547763 0.6897106109324759 0.12575574365175332 0.10128617363344052
6 0.9449818621523579 0.5940514469453376 0.007255139056831923 0.0747588424437299
6 0.9619105199516325 0.6672025723472669 0.007859733978234583 0.053858520900321546
6 0.9371221281741233 0.5297427652733119 0.008464328899637243 0.08762057877813505
6 0.9220072551390568 0.682475884244373 0.009068923821039904 0.06189710610932476
6 0.9207980652962515 0.5369774919614148 0.015114873035066506 0.1270096463022508
6 0.9153567110036276 0.6036977491961415 0.009673518742442563 0.0635048231511254
10 0.932285368802902 0.6487138263665595 0.021160822249093107 0.11012861736334405
10 0.9558645707376058 0.5635048231511254 0.009673518742442563 0.09887459807073955
10 0.9425634824667473 0.46061093247588425 0.016324062877871828 0.12138263665594855