4 0.24537037037037038 0.20601851851851852 0.04351851851851852 0.04861111111111111
7 0.049074074074074076 0.36157407407407405 0.03935185185185185 0.046296296296296294
1 0.5939814814814814 0.21388888888888888 0.028703703703703703 0.040740740740740744
2 0.7893518518518519 0.29305555555555557 0.06574074074074074 0.06111111111111111
11 0.7092592592592593 0.1865740740740741 0.058333333333333334 0.037037037037037035
9 0.053703703703703705 0.9222222222222223 0.10740740740740741 0.14629629629629629
9 0.3611111111111111 0.7055555555555556 0.06759259259259259 0.09259259259259259
9 0.4583333333333333 0.9907407407407407 0.06481481481481481 0.018518518518518517
0 0.41944444444444445 0.5935185185185186 0.12129629629629629 0.0962962962962963
5 0.2759259259259259 0.8472222222222222 0.03888888888888889 0.07962962962962963
5 0.20277777777777778 0.9351851851851852 0.046296296296296294 0.06666666666666667
7 0.9064814814814814 0.6550925925925926 0.03148148148148148 0.03611111111111111
7 0.8648148148148148 0.8194444444444444 0.027314814814814816 0.032407407407407406
7 0.888425925925926 0.8495370370370371 0.034722222222222224 0.06342592592592593
7 0.9013888888888889 0.9050925925925926 0.03333333333333333 0.03611111111111111
7 0.8361111111111111 0.9254629629629629 0.02546296296296296 0.05555555555555555
7 0.7912037037037037 0.8162037037037037 0.027777777777777776 0.05740740740740741
7 0.7027777777777777 0.8486111111111111 0.037037037037037035 0.06435185185185185
7 0.8222222222222222 0.8208333333333333 0.02361111111111111 0.03981481481481482
7 0.8074074074074075 0.7199074074074074 0.020833333333333332 0.03796296296296296
8 0.8564814814814815 0.5430555555555555 0.034722222222222224 0.04953703703703704
8 0.7050925925925926 0.5504629629629629 0.040740740740740744 0.03333333333333333
8 0.6916666666666667 0.9365740740740741 0.020370370370370372 0.03518518518518519
8 0.675 0.8657407407407407 0.013888888888888888 0.04398148148148148