11 0.23558162267839688 0.08651026392961877 0.06695992179863147 0.038856304985337244
11 0.10899315738025415 0.11363636363636363 0.03567937438905181 0.030058651026392963
7 0.23900293255131966 0.1187683284457478 0.03421309872922776 0.021994134897360705
7 0.30254154447702836 0.08064516129032258 0.045454545454545456 0.02785923753665689
7 0.1549364613880743 0.09604105571847507 0.0884652981427175 0.06158357771260997
7 0.3396871945259042 0.093841642228739 0.03128054740957967 0.017595307917888565
7 0.2238514173998045 0.1378299120234604 0.03274682306940371 0.022727272727272728
9 0.7179863147605083 0.0747800586510264 0.1906158357771261 0.1495601173020528
9 0.1544477028347996 0.6077712609970675 0.0469208211143695 0.11950146627565983
2 0.2785923753665689 0.46774193548387094 0.03421309872922776 0.10190615835777127
2 0.20869990224828935 0.6422287390029325 0.03616813294232649 0.11290322580645161
2 0.3181818181818182 0.25219941348973607 0.024437927663734114 0.06451612903225806
2 0.2287390029325513 0.34310850439882695 0.03176930596285435 0.1217008797653959
8 0.1348973607038123 0.4897360703812317 0.03421309872922776 0.08431085043988269
8 0.8690127077223851 0.7851906158357771 0.06158357771260997 0.09090909090909091
8 0.7952101661779081 0.9046920821114369 0.04594330400782014 0.07624633431085044
9 0.8685239491691105 0.8482404692082112 0.04594330400782014 0.06158357771260997
9 0.9173998044965787 0.6627565982404692 0.07038123167155426 0.08944281524926687
2 0.7228739002932552 0.7456011730205279 0.09872922776148582 0.13929618768328444
2 0.9496578690127078 0.7617302052785924 0.05180840664711633 0.08651026392961877
2 0.6984359726295211 0.8841642228739003 0.056695992179863146 0.08797653958944282
7 0.9506353861192571 0.499266862170088 0.08797653958944282 0.13636363636363635