7 0.1699438202247191 0.3119584055459272 0.05828651685393258 0.09185441941074524
7 0.6945224719101124 0.2920277296360485 0.051264044943820225 0.0632582322357019
1 0.6530898876404494 0.16464471403812825 0.06530898876404495 0.05199306759098787
11 0.6966292134831461 0.4220103986135182 0.04424157303370786 0.053726169844020795
11 0.7703651685393258 0.427209705372617 0.02598314606741573 0.043327556325823226
11 0.5709269662921348 0.4558058925476603 0.02598314606741573 0.04852686308492201
11 0.7464887640449438 0.33882149046793764 0.037921348314606744 0.03552859618717504
11 0.8167134831460674 0.36048526863084923 0.03581460674157303 0.05632582322357019
11 0.8953651685393258 0.38648180242634317 0.04424157303370786 0.04072790294627383
11 0.7134831460674157 0.15424610051993068 0.05337078651685393 0.05632582322357019
8 0.032303370786516857 0.7495667244367418 0.06460674157303371 0.10918544194107452
7 0.16643258426966293 0.720103986135182 0.07865168539325842 0.09358752166377816
7 0.37359550561797755 0.9783362218370883 0.12078651685393259 0.043327556325823226
7 0.32865168539325845 0.6932409012131716 0.08567415730337079 0.1317157712305026
7 0.011938202247191011 0.9540727902946274 0.023876404494382022 0.09185441941074524
11 0.11797752808988764 0.6386481802426344 0.12078651685393259 0.1195840554592721
11 0.2542134831460674 0.8648180242634316 0.12078651685393259 0.10398613518197573
11 0.059691011235955056 0.9688041594454073 0.06601123595505617 0.06239168110918544
11 0.2598314606741573 0.7365684575389948 0.060393258426966294 0.07279029462738301
11 0.20575842696629212 0.7972270363951474 0.0351123595505618 0.07452339688041594
11 0.26474719101123595 0.6221837088388215 0.08848314606741572 0.08665511265164645
11 0.06390449438202248 0.8448873483535528 0.08146067415730338 0.08838821490467938
11 0.44030898876404495 0.7824956672443674 0.05758426966292135 0.09185441941074524
11 0.4571629213483146 0.9315424610051993 0.023876404494382022 0.12998266897746968
11 0.38202247191011235 0.891681109185442 0.046348314606741575 0.07452339688041594
9 0.3223314606741573 0.598786828422877 0.060393258426966294 0.03986135181975736
9 0.30547752808988765 0.9540727902946274 0.046348314606741575 0.08145580589254767
1 0.7703651685393258 0.8102253032928943 0.09410112359550561 0.12824956672443674
1 0.8904494382022472 0.7227036395147314 0.07303370786516854 0.0658578856152513
1 0.5070224719101124 0.8500866551126517 0.042134831460674156 0.07279029462738301
1 0.8181179775280899 0.7876949740034662 0.07865168539325842 0.09012131715771231
1 0.639747191011236 0.8388214904679376 0.07584269662921349 0.08492201039861352
1 0.7816011235955056 0.7001733102253033 0.07443820224719101 0.0658578856152513
1 0.7191011235955056 0.720103986135182 0.06601123595505617 0.10051993067590988