8 0.28583333333333333 0.3794392523364486 0.06 0.07663551401869159
8 0.21166666666666667 0.4504672897196262 0.041666666666666664 0.05420560747663551
8 0.26416666666666666 0.22710280373831776 0.04 0.052336448598130844
8 0.10583333333333333 0.24953271028037383 0.04416666666666667 0.058878504672897194
8 0.3491666666666667 0.13738317757009347 0.05 0.08130841121495327
4 0.07166666666666667 0.3766355140186916 0.06166666666666667 0.06822429906542056
4 0.20083333333333334 0.06822429906542056 0.051666666666666666 0.04953271028037383
4 0.24666666666666667 0.14953271028037382 0.058333333333333334 0.06822429906542056
4 0.3958333333333333 0.2794392523364486 0.05416666666666667 0.08598130841121496
9 0.024166666666666666 0.18037383177570093 0.04833333333333333 0.08130841121495327
7 0.6275 0.4327102803738318 0.12833333333333333 0.15140186915887852
7 0.8883333333333333 0.1897196261682243 0.09666666666666666 0.11214953271028037
8 0.8575 0.029906542056074768 0.085 0.059813084112149535
11 0.8066666666666666 0.4532710280373832 0.06666666666666667 0.08224299065420561
11 0.6608333333333334 0.2514018691588785 0.07833333333333334 0.08037383177570094
11 0.925 0.44766355140186914 0.08166666666666667 0.09345794392523364
11 0.47333333333333333 0.4523364485981308 0.04666666666666667 0.11214953271028037
9 0.5258333333333334 0.4523364485981308 0.065 0.09158878504672897
1 0.7908333333333334 0.06355140186915888 0.06833333333333333 0.08411214953271028
7 0.5441666666666667 0.27102803738317754 0.08333333333333333 0.08037383177570094
7 0.4625 0.33457943925233646 0.025 0.12710280373831775
7 0.4675 0.22803738317757008 0.035 0.07850467289719626
7 0.04833333333333333 0.8242990654205608 0.045 0.06542056074766354
9 0.1275 0.7289719626168224 0.065 0.08971962616822429
1 0.5591666666666667 0.6467289719626168 0.10833333333333334 0.11775700934579439
1 0.9866666666666667 0.7495327102803738 0.02666666666666667 0.11962616822429907
1 0.7591666666666667 0.7476635514018691 0.08 0.08598130841121496
1 0.7158333333333333 0.6383177570093458 0.085 0.12149532710280374
1 0.4683333333333333 0.814018691588785 0.03666666666666667 0.12149532710280374
1 0.8375 0.8514018691588785 0.07666666666666666 0.11962616822429907
1 0.47583333333333333 0.5719626168224299 0.051666666666666666 0.059813084112149535
6 0.5291666666666667 0.5523364485981308 0.04666666666666667 0.052336448598130844