1 0.07375 0.39097744360902253 0.0375 0.03759398496240601
4 0.15875 0.22932330827067668 0.03 0.08364661654135339
10 0.61125 0.18796992481203006 0.4625 0.2669172932330827
6 0.345625 0.6907894736842105 0.06875 0.13345864661654136
6 0.361875 0.775375939849624 0.03625 0.07706766917293233
8 0.689375 0.9689849624060151 0.06375 0.06203007518796992
9 0.549375 0.4492481203007519 0.06625 0.07894736842105263
7 0.85 0.6531954887218046 0.04875 0.08834586466165413
7 0.828125 0.756578947368421 0.05125 0.07518796992481203
7 0.78125 0.6381578947368421 0.0275 0.06390977443609022
7 0.839375 0.4699248120300752 0.07875 0.12030075187969924
7 0.76875 0.6917293233082706 0.0375 0.06203007518796992