8 0.2849462365591398 0.3181818181818182 0.04007820136852395 0.06524926686217009
11 0.16471163245356793 0.37023460410557185 0.044965786901270774 0.0593841642228739
11 0.21603128054740958 0.14736070381231672 0.029814271749755622 0.07551319648093842
7 0.31915933528836754 0.18621700879765396 0.05278592375366569 0.07917888563049853
7 0.1656891495601173 0.14149560117302054 0.06842619745845552 0.08504398826979472
7 0.6608015640273704 0.28225806451612906 0.09726295210166178 0.05205278592375367
11 0.6827956989247311 0.18621700879765396 0.060117302052785926 0.05278592375366569
0 0.7253176930596286 0.12243401759530792 0.053763440860215055 0.04838709677419355
0 0.6412512218963832 0.21334310850439883 0.04985337243401759 0.03372434017595308
0 0.6099706744868035 0.10337243401759531 0.04105571847507331 0.04105571847507331
0 0.5840664711632454 0.0469208211143695 0.05865102639296188 0.05498533724340176
0 0.9403714565004888 0.1282991202346041 0.06500488758553274 0.03812316715542522
0 0.8856304985337243 0.10410557184750734 0.02785923753665689 0.0593841642228739
0 0.8460410557184751 0.18988269794721407 0.060117302052785926 0.03592375366568915
0 0.8049853372434017 0.06818181818181818 0.06500488758553274 0.04398826979472141
0 0.7331378299120235 0.20821114369501467 0.039589442815249266 0.045454545454545456
0 0.44868035190615835 0.22580645161290322 0.06402737047898338 0.054252199413489736
11 0.17302052785923755 0.6620234604105572 0.01270772238514174 0.0469208211143695
11 0.1739980449657869 0.7961876832844574 0.013196480938416423 0.04252199413489736
11 0.17302052785923755 0.8548387096774194 0.008797653958944282 0.021994134897360705
11 0.16080156402737047 0.8071847507331378 0.015640273704789834 0.054252199413489736
1 0.1241446725317693 0.8365102639296188 0.025904203323558164 0.04398826979472141
1 0.11436950146627566 0.8042521994134897 0.015640273704789834 0.0469208211143695
7 0.02932551319648094 0.8687683284457478 0.02346041055718475 0.07258064516129033
9 0.7942326490713587 0.8892961876832844 0.23069403714565004 0.1744868035190616
9 0.5630498533724341 0.6312316715542522 0.10361681329423265 0.23020527859237536