4 0.3943333333333333 0.03822222222222222 0.074 0.07644444444444444
4 0.33566666666666667 0.08666666666666667 0.07133333333333333 0.08533333333333333
4 0.17366666666666666 0.16311111111111112 0.08166666666666667 0.08533333333333333
7 0.217 0.13555555555555557 0.058666666666666666 0.07377777777777778
4 0.31533333333333335 0.21777777777777776 0.097 0.09422222222222222
1 0.8263333333333334 0.20044444444444445 0.10133333333333333 0.06622222222222222
1 0.7793333333333333 0.2871111111111111 0.12166666666666667 0.05422222222222222
1 0.8136666666666666 0.3426666666666667 0.058333333333333334 0.04
1 0.697 0.2608888888888889 0.05566666666666667 0.041777777777777775
1 0.6066666666666667 0.2568888888888889 0.071 0.033777777777777775
1 0.6043333333333333 0.21155555555555555 0.06333333333333334 0.035555555555555556
1 0.7056666666666667 0.20133333333333334 0.05333333333333334 0.035555555555555556
1 0.8136666666666666 0.14755555555555555 0.04833333333333333 0.043111111111111114
1 0.7173333333333334 0.13866666666666666 0.07866666666666666 0.04488888888888889
4 0.13133333333333333 0.8364444444444444 0.049 0.08088888888888889
4 0.343 0.6155555555555555 0.05566666666666667 0.112
7 0.423 0.5275555555555556 0.09133333333333334 0.18711111111111112
4 0.08733333333333333 0.9173333333333333 0.049 0.10355555555555555
4 0.06433333333333334 0.7737777777777778 0.029333333333333333 0.05288888888888889
7 0.31033333333333335 0.7862222222222223 0.06533333333333333 0.10044444444444445
7 0.30933333333333335 0.4088888888888889 0.050666666666666665 0.058666666666666666
7 0.222 0.5137777777777778 0.05566666666666667 0.084
7 0.383 0.7315555555555555 0.052333333333333336 0.08088888888888889
5 0.7096666666666667 0.5884444444444444 0.07 0.10488888888888889
5 0.6763333333333333 0.6524444444444445 0.066 0.10577777777777778
5 0.808 0.6191111111111111 0.05333333333333334 0.1111111111111111
5 0.501 0.6688888888888889 0.042 0.072
5 0.5733333333333334 0.6213333333333333 0.084 0.10488888888888889
5 0.6076666666666667 0.5115555555555555 0.03933333333333333 0.051555555555555556
5 0.6933333333333334 0.47555555555555556 0.06066666666666667 0.06222222222222222
5 0.8423333333333334 0.5111111111111111 0.05 0.06666666666666667
5 0.639 0.42133333333333334 0.08933333333333333 0.08355555555555555