8 0.2805049088359046 0.2734225621414914 0.0729312762973352 0.2208413001912046
8 0.16129032258064516 0.38049713193116635 0.05049088359046283 0.1577437858508604
2 0.5210378681626928 0.4445506692160612 0.2061711079943899 0.2695984703632887
2 0.7503506311360448 0.26577437858508607 0.16269284712482468 0.22753346080305928
8 0.6346423562412342 0.32695984703632885 0.07433380084151472 0.09751434034416825
7 0.19074333800841514 0.9034416826003824 0.07433380084151472 0.11089866156787763
8 0.5378681626928471 0.8814531548757171 0.0694249649368864 0.040152963671128104
7 0.773492286115007 0.9015296367112811 0.07643758765778401 0.04397705544933078
8 0.5855539971949509 0.8116634799235182 0.046984572230014024 0.027724665391969407
8 0.6486676016830295 0.8938814531548758 0.07643758765778401 0.045889101338432124
2 0.9347826086956522 0.9005736137667304 0.06241234221598878 0.033460803059273424
2 0.7223001402524544 0.847036328871893 0.09186535764375876 0.04684512428298279
7 0.5196353436185134 0.8260038240917782 0.05399719495091164 0.030592734225621414