7 0.267512077294686 0.2703583061889251 0.051932367149758456 0.08224755700325732
8 0.6642512077294686 0.25732899022801303 0.059178743961352656 0.08631921824104234
8 0.873792270531401 0.3314332247557003 0.042270531400966184 0.07654723127035831
8 0.5555555555555556 0.11807817589576547 0.04106280193236715 0.05374592833876222
8 0.5591787439613527 0.16449511400651465 0.04106280193236715 0.050488599348534204
8 0.9118357487922706 0.252442996742671 0.04106280193236715 0.0732899022801303
9 0.7663043478260869 0.4747557003257329 0.06884057971014493 0.050488599348534204
9 0.9577294685990339 0.3135179153094462 0.08333333333333333 0.15146579804560262
9 0.7898550724637681 0.23859934853420195 0.0640096618357488 0.11889250814332247
0 0.7391304347826086 0.4258957654723127 0.06038647342995169 0.08794788273615635
0 0.7137681159420289 0.24429967426710097 0.05555555555555555 0.08143322475570032
0 0.4921497584541063 0.038273615635179156 0.07608695652173914 0.07654723127035831
0 0.6165458937198067 0.3794788273615635 0.059178743961352656 0.06677524429967427
0 0.5881642512077294 0.016286644951140065 0.04589371980676329 0.03257328990228013
0 0.8158212560386473 0.10097719869706841 0.033816425120772944 0.05863192182410423
0 0.8339371980676329 0.3322475570032573 0.042270531400966184 0.0749185667752443
2 0.2554347826086957 0.5879478827361564 0.17753623188405798 0.1758957654723127
9 0.3309178743961353 0.7931596091205212 0.17632850241545894 0.15309446254071662
8 0.27717391304347827 0.6929967426710097 0.1111111111111111 0.08469055374592833
9 0.6606280193236715 0.8688925081433225 0.35507246376811596 0.26221498371335505
11 0.7330917874396136 0.6278501628664495 0.059178743961352656 0.06188925081433225
11 0.711352657004831 0.7003257328990228 0.07367149758454106 0.10423452768729642