4 0.05366666666666667 0.38 0.06066666666666667 0.08088888888888889
4 0.23566666666666666 0.25822222222222224 0.06266666666666666 0.08355555555555555
4 0.25133333333333335 0.3546666666666667 0.05466666666666667 0.06311111111111112
7 0.18566666666666667 0.172 0.058666666666666666 0.076
5 0.576 0.384 0.10233333333333333 0.10622222222222222
5 0.7093333333333334 0.3337777777777778 0.11666666666666667 0.11288888888888889
5 0.779 0.48444444444444446 0.06666666666666667 0.059555555555555556
5 0.8273333333333334 0.45955555555555555 0.059 0.05555555555555555
5 0.8043333333333333 0.26222222222222225 0.12566666666666668 0.12711111111111112
5 0.7443333333333333 0.08355555555555555 0.049 0.04888888888888889
5 0.07433333333333333 0.7173333333333334 0.06133333333333333 0.07111111111111111
5 0.094 0.6617777777777778 0.050666666666666665 0.06933333333333333
5 0.06466666666666666 0.6102222222222222 0.05333333333333334 0.072
5 0.12233333333333334 0.6115555555555555 0.066 0.08355555555555555
5 0.13966666666666666 0.7075555555555556 0.09266666666666666 0.1351111111111111
5 0.173 0.6124444444444445 0.06466666666666666 0.08533333333333333
5 0.31 0.5911111111111111 0.06533333333333333 0.042666666666666665
8 0.6493333333333333 0.9413333333333334 0.042 0.04888888888888889
7 0.8016666666666666 0.7617777777777778 0.042666666666666665 0.04622222222222222
7 0.5683333333333334 0.8542222222222222 0.04133333333333333 0.044444444444444446
7 0.5866666666666667 0.8742222222222222 0.04 0.03955555555555555
7 0.7313333333333333 0.9542222222222222 0.046 0.037333333333333336
7 0.674 0.756 0.030333333333333334 0.033777777777777775
7 0.8073333333333333 0.6928888888888889 0.04666666666666667 0.04088888888888889
7 0.89 0.7191111111111111 0.031 0.03244444444444444
11 0.7493333333333333 0.7608888888888888 0.030333333333333334 0.029777777777777778