7 0.14853395061728394 0.3331043956043956 0.06905864197530864 0.17101648351648352
9 0.7418981481481481 0.26785714285714285 0.07330246913580248 0.13324175824175824
9 0.84375 0.4993131868131868 0.05941358024691358 0.11950549450549451
9 0.7635030864197531 0.5398351648351648 0.0933641975308642 0.038461538461538464
8 0.8067129629629629 0.3550824175824176 0.033950617283950615 0.08104395604395605
8 0.8568672839506173 0.23076923076923078 0.035493827160493825 0.06456043956043957
1 0.8522376543209876 0.15384615384615385 0.05169753086419753 0.07967032967032966
1 0.8966049382716049 0.24931318681318682 0.04089506172839506 0.07554945054945054
4 0.16165123456790123 0.7733516483516484 0.07445987654320987 0.1201923076923077
1 0.5478395061728395 0.9739010989010989 0.04050925925925926 0.03983516483516483
1 0.45447530864197533 0.9739010989010989 0.04050925925925926 0.03777472527472527
1 0.6087962962962963 0.9635989010989011 0.028935185185185185 0.03708791208791209
2 0.748070987654321 0.6806318681318682 0.07253086419753087 0.06318681318681318
2 0.45601851851851855 0.7918956043956044 0.059799382716049385 0.07348901098901099
9 0.6030092592592593 0.8118131868131868 0.07330246913580248 0.05425824175824176
2 0.7704475308641975 0.5810439560439561 0.07330246913580248 0.04395604395604396