4 0.165 0.26916666666666667 0.065 0.06
4 0.308125 0.2025 0.063125 0.07416666666666667
4 0.478125 0.12583333333333332 0.063125 0.06
4 0.3025 0.43083333333333335 0.07 0.03833333333333333
4 0.144375 0.38416666666666666 0.0375 0.035
4 0.095625 0.3641666666666667 0.0375 0.03916666666666667
4 0.314375 0.33666666666666667 0.05375 0.0575
7 0.1075 0.43083333333333335 0.0675 0.03833333333333333
1 0.75 0.14166666666666666 0.03875 0.06333333333333334
7 0.485625 0.48583333333333334 0.05 0.06666666666666667
11 0.455 0.72 0.02 0.065
11 0.505 0.6316666666666667 0.03125 0.07
11 0.01625 0.5341666666666667 0.0325 0.051666666666666666
11 0.066875 0.5175 0.045 0.09166666666666666
11 0.3375 0.83 0.03375 0.051666666666666666
9 0.851875 0.8416666666666667 0.11125 0.15333333333333332
1 0.856875 0.5008333333333334 0.06125 0.10166666666666667
1 0.780625 0.5125 0.04125 0.095
1 0.723125 0.4658333333333333 0.05375 0.03166666666666667
1 0.653125 0.4825 0.0475 0.05333333333333334
1 0.749375 0.735 0.0475 0.07666666666666666
8 0.988125 0.5891666666666666 0.02375 0.11833333333333333