4 0.23229166666666667 0.22337662337662337 0.09166666666666666 0.11428571428571428
11 0.665625 0.14415584415584415 0.1125 0.13246753246753246
11 0.76875 0.3077922077922078 0.07916666666666666 0.09610389610389611
4 0.44583333333333336 0.9454545454545454 0.0875 0.10909090909090909
4 0.19479166666666667 0.7961038961038961 0.1375 0.2077922077922078
4 0.25104166666666666 0.9701298701298702 0.08958333333333333 0.05974025974025974
4 0.35208333333333336 0.8987012987012987 0.08541666666666667 0.0987012987012987
9 0.4 0.7779220779220779 0.10625 0.12207792207792208
11 0.9166666666666666 0.7298701298701299 0.035416666666666666 0.07662337662337662
3 0.871875 0.9324675324675324 0.13125 0.13506493506493505
3 0.7489583333333333 0.5246753246753246 0.10208333333333333 0.17792207792207793
3 0.7947916666666667 0.9194805194805195 0.04791666666666667 0.09480519480519481
3 0.6354166666666666 0.6727272727272727 0.05625 0.12337662337662338
3 0.6447916666666667 0.4974025974025974 0.08854166666666667 0.2038961038961039
3 0.6875 0.6818181818181818 0.075 0.18571428571428572
3 0.7479166666666667 0.7675324675324675 0.09166666666666666 0.15974025974025974