8 0.29921875 0.23148148148148148 0.05260416666666667 0.07222222222222222
8 0.8015625 0.24166666666666667 0.03177083333333333 0.046296296296296294
8 0.8234375 0.2865740740740741 0.027604166666666666 0.03425925925925926
8 0.5354166666666667 0.2851851851851852 0.026822916666666665 0.03518518518518519
5 0.40390625 0.962037037037037 0.1828125 0.07592592592592592
5 0.17317708333333334 0.8166666666666667 0.17708333333333334 0.20185185185185187
6 0.74609375 0.725925925925926 0.12890625 0.2125
6 0.9765625 0.5583333333333333 0.046875 0.0763888888888889
6 0.5135416666666667 0.7083333333333334 0.027083333333333334 0.1037037037037037
6 0.8666666666666667 0.7300925925925926 0.08932291666666667 0.17175925925925925
6 0.8552083333333333 0.8870370370370371 0.1015625 0.16898148148148148