7 0.071 0.16632231404958678 0.084 0.1787190082644628
7 0.2 0.5216942148760331 0.082 0.12706611570247933
7 0.315 0.34710743801652894 0.065 0.056818181818181816
7 0.142 0.36260330578512395 0.076 0.1115702479338843
7 0.255 0.16942148760330578 0.061 0.08987603305785125
4 0.345 0.5092975206611571 0.039 0.056818181818181816
4 0.376 0.38326446280991733 0.045 0.06818181818181818
4 0.316 0.4225206611570248 0.049 0.07541322314049587
8 0.127 0.23450413223140495 0.041 0.06818181818181818
4 0.35 0.47520661157024796 0.037 0.04855371900826446
8 0.626 0.5723140495867769 0.108 0.0743801652892562
8 0.485 0.5681818181818182 0.09 0.08264462809917356
7 0.633 0.15289256198347106 0.052 0.05991735537190083
1 0.554 0.14359504132231404 0.062 0.06611570247933884
1 0.473 0.06611570247933884 0.056 0.05165289256198347
7 0.766 0.34710743801652894 0.094 0.11983471074380166
7 0.8 0.20454545454545456 0.072 0.07024793388429752
7 0.603 0.19421487603305784 0.066 0.05578512396694215
1 0.103 0.78099173553719 0.098 0.09090909090909091
1 0.203 0.8533057851239669 0.048 0.047520661157024795
1 0.37 0.9049586776859504 0.14 0.12396694214876033
1 0.412 0.8274793388429752 0.056 0.1012396694214876
1 0.285 0.7871900826446281 0.078 0.07851239669421488
1 0.296 0.6528925619834711 0.054 0.07644628099173553
1 0.193 0.6384297520661157 0.142 0.05785123966942149
0 0.068 0.8966942148760331 0.136 0.14049586776859505
1 0.781 0.8863636363636364 0.086 0.08677685950413223
1 0.823 0.8150826446280992 0.074 0.07644628099173553
1 0.948 0.8729338842975206 0.05 0.08471074380165289
1 0.486 0.9256198347107438 0.092 0.07851239669421488
0 0.579 0.9369834710743802 0.134 0.12603305785123967
0 0.736 0.7789256198347108 0.078 0.11776859504132231
0 0.835 0.71900826446281 0.088 0.11363636363636363
0 0.918 0.6694214876033058 0.128 0.11983471074380166
0 0.916 0.7727272727272727 0.082 0.11983471074380166
0 0.768 0.65599173553719 0.108 0.09297520661157024
0 0.554 0.6911157024793388 0.08 0.08677685950413223