7 0.42875 0.388125 0.07 0.168125
7 0.233125 0.085 0.078125 0.11
7 0.135 0.280625 0.07 0.041875
7 0.3225 0.21875 0.07375 0.094375
7 0.2275 0.4325 0.05875 0.07875
4 0.0775 0.1325 0.036875 0.05
4 0.061875 0.259375 0.04125 0.06
4 0.121875 0.20875 0.048125 0.065625
8 0.356875 0.338125 0.036875 0.06
4 0.07625 0.165 0.036875 0.041875
9 0.565 0.119375 0.125 0.23875
9 0.72 0.116875 0.1225 0.2
9 0.079375 0.81625 0.10875 0.08875
8 0.161875 0.733125 0.0525 0.05875
8 0.256875 0.836875 0.06375 0.07375
1 0.480625 0.608125 0.01875 0.03625
1 0.353125 0.61125 0.03 0.03875
0 0.73 0.794375 0.085 0.0725
7 0.67 0.716875 0.0375 0.036875
7 0.7875 0.795 0.045625 0.048125
7 0.64125 0.760625 0.05625 0.055625