4 0.23812217194570134 0.33061594202898553 0.10972850678733032 0.18568840579710144
11 0.9830316742081447 0.529891304347826 0.033936651583710405 0.09963768115942029
11 0.7720588235294118 0.2563405797101449 0.08823529411764706 0.08695652173913043
11 0.8518099547511312 0.32155797101449274 0.05203619909502263 0.09601449275362318
11 0.7432126696832579 0.6503623188405797 0.04072398190045249 0.057971014492753624
11 0.6323529411764706 0.19202898550724637 0.03619909502262444 0.06159420289855073
11 0.6498868778280543 0.13677536231884058 0.03619909502262444 0.07971014492753623
11 0.9445701357466063 0.03260869565217391 0.04638009049773756 0.057971014492753624
8 0.582579185520362 0.4963768115942029 0.03619909502262444 0.06340579710144928
8 0.8144796380090498 0.40942028985507245 0.04638009049773756 0.07065217391304347
8 0.7403846153846154 0.4746376811594203 0.049773755656108594 0.09239130434782608
0 0.829185520361991 0.6204710144927537 0.08144796380090498 0.09239130434782608
7 0.9061085972850679 0.3695652173913043 0.049773755656108594 0.08333333333333333
5 0.4920814479638009 0.9710144927536232 0.12669683257918551 0.057971014492753624
11 0.6866515837104072 0.8333333333333334 0.06221719457013575 0.08514492753623189
5 0.5695701357466063 0.8913043478260869 0.019230769230769232 0.10507246376811594
9 0.8919683257918553 0.8985507246376812 0.033936651583710405 0.06702898550724638
5 0.7449095022624435 0.9021739130434783 0.08597285067873303 0.11775362318840579
5 0.8320135746606335 0.8913043478260869 0.1244343891402715 0.16485507246376813
7 0.9830316742081447 0.927536231884058 0.033936651583710405 0.07971014492753623
7 0.9372171945701357 0.9719202898550725 0.06447963800904978 0.05615942028985507