11 0.29366028708133973 0.1634768740031898 0.06997607655502393 0.044657097288676235
11 0.13576555023923445 0.15151515151515152 0.028708133971291867 0.046251993620414676
7 0.27631578947368424 0.21690590111642744 0.03588516746411483 0.02711323763955343
7 0.3714114832535885 0.1850079744816587 0.04784688995215311 0.0342902711323764
7 0.19796650717703348 0.14274322169059012 0.08313397129186603 0.08373205741626795
7 0.40311004784689 0.22328548644338117 0.03229665071770335 0.02073365231259968
7 0.24820574162679426 0.24003189792663476 0.03229665071770335 0.03110047846889952
7 0.7906698564593302 0.01036682615629984 0.023923444976076555 0.02073365231259968
7 0.7440191387559809 0.2958532695374801 0.03110047846889952 0.046251993620414676
7 0.9078947368421053 0.24960127591706538 0.028708133971291867 0.046251993620414676
2 0.8080143540669856 0.3548644338118022 0.03349282296650718 0.046251993620414676
9 0.7200956937799043 0.05422647527910686 0.034688995215311005 0.0685805422647528
9 0.8444976076555024 0.22248803827751196 0.056220095693779906 0.04784688995215311
7 0.19976076555023922 0.956140350877193 0.0645933014354067 0.08771929824561403
7 0.1166267942583732 0.8931419457735247 0.10406698564593302 0.16586921850079744
2 0.35645933014354064 0.7049441786283892 0.061004784688995214 0.19298245614035087
11 0.2589712918660287 0.6698564593301436 0.06339712918660287 0.06698564593301436
11 0.44976076555023925 0.6650717703349283 0.07655502392344497 0.0685805422647528
11 0.2619617224880383 0.9234449760765551 0.05382775119617225 0.04146730462519936
1 0.8755980861244019 0.4130781499202552 0.05741626794258373 0.06698564593301436
1 0.770933014354067 0.45614035087719296 0.06937799043062201 0.07177033492822966
1 0.6435406698564593 0.664274322169059 0.05382775119617225 0.07655502392344497
1 0.7117224880382775 0.7185007974481659 0.034688995215311005 0.07974481658692185
1 0.8839712918660287 0.7583732057416268 0.09210526315789473 0.11802232854864433
1 0.8175837320574163 0.8277511961722488 0.10526315789473684 0.049441786283891544
1 0.9288277511961722 0.5956937799043063 0.0645933014354067 0.06220095693779904
1 0.8169856459330144 0.5661881977671451 0.03827751196172249 0.05901116427432217
1 0.9922248803827751 0.9473684210526315 0.01555023923444976 0.05422647527910686
1 0.6339712918660287 0.7926634768740032 0.050239234449760764 0.051036682615629984
1 0.5592105263157895 0.7982456140350878 0.03708133971291866 0.05901116427432217
7 0.7141148325358851 0.967304625199362 0.06220095693779904 0.06539074960127592
7 0.5125598086124402 0.9577352472089314 0.025119617224880382 0.08452950558213716