4 0.284375 0.0988235294117647 0.06171875 0.06470588235294118
4 0.190625 0.13411764705882354 0.05390625 0.04823529411764706
4 0.17265625 0.21176470588235294 0.04609375 0.042352941176470586
4 0.28515625 0.18941176470588236 0.0484375 0.05176470588235294
4 0.26640625 0.26235294117647057 0.0484375 0.05764705882352941
4 0.39765625 0.06235294117647059 0.0484375 0.05176470588235294
7 0.1484375 0.26235294117647057 0.05 0.07058823529411765
4 0.13515625 0.19176470588235295 0.04453125 0.03529411764705882
9 0.84375 0.31529411764705884 0.08125 0.047058823529411764
7 0.84609375 0.22 0.0671875 0.0988235294117647
11 0.740625 0.18470588235294116 0.0546875 0.12705882352941175
11 0.78671875 0.23294117647058823 0.040625 0.07529411764705882
4 0.65078125 0.14941176470588236 0.05 0.06588235294117648
4 0.55546875 0.28705882352941176 0.0515625 0.0611764705882353
7 0.67109375 0.01411764705882353 0.0484375 0.02823529411764706
9 0.3078125 0.951764705882353 0.08828125 0.09294117647058824
9 0.07421875 0.8352941176470589 0.0671875 0.09529411764705882
9 0.49453125 0.7823529411764706 0.06171875 0.1423529411764706
9 0.23359375 0.5835294117647059 0.0484375 0.07294117647058823
8 0.41953125 0.9729411764705882 0.053125 0.05411764705882353
8 0.29375 0.8811764705882353 0.06875 0.06470588235294118
8 0.09765625 0.7458823529411764 0.053125 0.07176470588235294
11 0.35625 0.6305882352941177 0.0734375 0.1388235294117647
7 0.26875 0.4235294117647059 0.0515625 0.07764705882352942
7 0.50390625 0.6423529411764706 0.0515625 0.08
11 0.11328125 0.6376470588235295 0.0921875 0.08823529411764706
9 0.9140625 0.8011764705882353 0.0859375 0.12
9 0.79375 0.5341176470588235 0.05625 0.09411764705882353
8 0.7859375 0.8647058823529412 0.0546875 0.07764705882352942
8 0.85859375 0.9811764705882353 0.0359375 0.03764705882352941
8 0.915625 0.98 0.04375 0.04
7 0.90234375 0.4576470588235294 0.0734375 0.07294117647058823
7 0.8953125 0.6623529411764706 0.0328125 0.06823529411764706
7 0.984375 0.8564705882352941 0.03125 0.11764705882352941