7 0.059 0.20914542728635682 0.118 0.11094452773613193
7 0.4115 0.3028485757121439 0.1155 0.08095952023988005
7 0.418 0.15517241379310345 0.0865 0.038980509745127435
7 0.253 0.2616191904047976 0.1075 0.0704647676161919
7 0.244 0.10644677661169415 0.0865 0.05697151424287856
4 0.5505 0.2151424287856072 0.0525 0.03673163418290855
4 0.5035 0.13793103448275862 0.063 0.043478260869565216
4 0.467 0.1904047976011994 0.068 0.04872563718140929
8 0.1575 0.20914542728635682 0.0575 0.041979010494752625
4 0.536 0.19640179910044978 0.05 0.03223388305847077
0 0.9695 0.272863568215892 0.061 0.17091454272863568
7 0.3235 0.8853073463268366 0.0955 0.13343328335832083
7 0.557 0.7818590704647677 0.066 0.15142428785607195
7 0.2555 0.48050974512743627 0.077 0.10719640179910045
7 0.1405 0.8740629685157422 0.0795 0.11619190404797601
7 0.151 0.4992503748125937 0.0635 0.09220389805097451
8 0.479 0.4550224887556222 0.0705 0.10419790104947527
8 0.521 0.5839580209895052 0.0475 0.07721139430284858
8 0.345 0.3988005997001499 0.0815 0.038980509745127435
9 0.463 0.545727136431784 0.0725 0.136431784107946
8 0.3515 0.45952023988005997 0.0475 0.06221889055472264
7 0.806 0.7856071964017991 0.089 0.11394302848575712
11 0.7825 0.6431784107946027 0.063 0.09895052473763119
0 0.787 0.5352323838080959 0.056 0.08845577211394302
0 0.7635 0.7001499250374813 0.048 0.06746626686656672
0 0.6965 0.5644677661169415 0.044 0.0734632683658171
0 0.6555 0.4992503748125937 0.063 0.10044977511244378
0 0.9435 0.4407796101949025 0.06 0.08095952023988005
0 0.8945 0.4340329835082459 0.042 0.0944527736131934
0 0.901 0.5704647676161919 0.056 0.07496251874062969
0 0.822 0.4235382308845577 0.063 0.08845577211394302
0 0.8275 0.6484257871064468 0.045 0.07796101949025487
0 0.631 0.8088455772113943 0.066 0.10194902548725637