4 0.23 0.15413533834586465 0.055 0.09774436090225563
4 0.314375 0.21334586466165414 0.048125 0.07236842105263158
4 0.329375 0.33646616541353386 0.04125 0.06390977443609022
4 0.225625 0.2941729323308271 0.0425 0.07800751879699248
4 0.239375 0.40883458646616544 0.0425 0.08646616541353383
4 0.125625 0.08928571428571429 0.0425 0.07800751879699248
7 0.35 0.4144736842105263 0.044375 0.10714285714285714
4 0.365 0.30639097744360905 0.04125 0.05169172932330827
7 0.749375 0.042293233082706765 0.10125 0.08458646616541353
11 0.78375 0.20582706766917294 0.065 0.10714285714285714
0 0.83375 0.31860902255639095 0.0575 0.09774436090225563
0 0.74 0.16165413533834586 0.0525 0.06954887218045112
0 0.72375 0.37218045112781956 0.045 0.08082706766917293
0 0.705625 0.47650375939849626 0.06375 0.10338345864661654
0 0.9875 0.32612781954887216 0.025 0.11466165413533834
0 0.9425 0.17387218045112782 0.0625 0.07518796992481203
0 0.91875 0.4069548872180451 0.06875 0.09210526315789473
0 0.830625 0.15789473684210525 0.04375 0.08834586466165413
0 0.55125 0.16823308270676693 0.06875 0.11090225563909774
6 0.011875 0.9295112781954887 0.02375 0.09210526315789473
6 0.093125 0.9154135338345865 0.0325 0.05639097744360902
6 0.216875 0.9389097744360902 0.105 0.10714285714285714
6 0.236875 0.9924812030075187 0.05125 0.015037593984962405
3 0.79125 0.6231203007518797 0.214375 0.16541353383458646
3 0.774375 0.7885338345864662 0.18125 0.19360902255639098