4 0.22929171668667467 0.2846774193548387 0.0702280912364946 0.1314516129032258
1 0.5192076830732293 0.307258064516129 0.0546218487394958 0.13790322580645162
4 0.680672268907563 0.3233870967741935 0.043817527010804325 0.11451612903225807
9 0.061224489795918366 0.7241935483870968 0.08043217286914765 0.10483870967741936
11 0.18247298919567828 0.5943548387096774 0.05282112845138055 0.06935483870967742
11 0.30012004801920766 0.7274193548387097 0.07683073229291716 0.12096774193548387
11 0.13805522208883553 0.8169354838709677 0.07563025210084033 0.0967741935483871
11 0.027611044417767107 0.6306451612903226 0.055222088835534214 0.08064516129032258
11 0.7478991596638656 0.9306451612903226 0.04921968787515006 0.054838709677419356
11 0.8667466986794717 0.8112903225806452 0.04441776710684274 0.05887096774193548
11 0.6158463385354142 0.635483870967742 0.11884753901560624 0.1064516129032258
11 0.5594237695078031 0.8903225806451613 0.06782713085234093 0.08870967741935484
11 0.6788715486194478 0.9717741935483871 0.055222088835534214 0.04758064516129032
11 0.8979591836734694 0.6693548387096774 0.09783913565426171 0.11370967741935484
11 0.8115246098439376 0.6943548387096774 0.05942376950780312 0.0814516129032258
11 0.8925570228091236 0.7693548387096775 0.03841536614645858 0.056451612903225805
1 0.6512605042016807 0.725 0.06182472989195678 0.075
1 0.7563025210084033 0.7193548387096774 0.05942376950780312 0.056451612903225805
11 0.6662665066026411 0.9201612903225806 0.04441776710684274 0.06370967741935483
11 0.7106842737094838 0.9330645161290323 0.03181272509003601 0.036290322580645164
11 0.6296518607442977 0.9806451612903225 0.034213685474189674 0.036290322580645164
11 0.6074429771908764 0.9032258064516129 0.03841536614645858 0.03870967741935484