7 0.062424242424242424 0.1953125 0.0703030303030303 0.156640625
7 0.2696969696969697 0.478515625 0.07939393939393939 0.104296875
7 0.3703030303030303 0.2921875 0.07242424242424242 0.037109375
7 0.17545454545454545 0.353125 0.07484848484848484 0.089453125
7 0.2706060606060606 0.14921875 0.06121212121212121 0.072265625
4 0.4315151515151515 0.430078125 0.03848484848484848 0.044921875
4 0.44515151515151513 0.309375 0.04303030303030303 0.05703125
4 0.3839393939393939 0.359375 0.04757575757575758 0.062109375
8 0.13818181818181818 0.241015625 0.03848484848484848 0.0546875
4 0.43272727272727274 0.398828125 0.03636363636363636 0.037109375
5 0.7451515151515151 0.269140625 0.3463636363636364 0.2796875
2 0.24848484848484848 0.8125 0.060909090909090906 0.0875
9 0.11090909090909092 0.6703125 0.03939393939393939 0.0828125
8 0.09212121212121212 0.586328125 0.041212121212121214 0.053515625
7 0.29333333333333333 0.708984375 0.03393939393939394 0.04140625
7 0.24333333333333335 0.61640625 0.04303030303030303 0.055859375
7 0.19303030303030302 0.641015625 0.04303030303030303 0.055859375
11 0.6245454545454545 0.826171875 0.07939393939393939 0.125
11 0.5257575757575758 0.623046875 0.03212121212121212 0.10390625
11 0.6175757575757576 0.5796875 0.06181818181818182 0.040625
1 0.9557575757575758 0.74765625 0.08848484848484849 0.1125