4 0.21 0.43715469613259667 0.0875 0.1270718232044199
4 0.13625 0.24102209944751382 0.07875 0.10980662983425414
4 0.22 0.2638121546961326 0.054375 0.08770718232044199
4 0.244375 0.024171270718232045 0.045625 0.04765193370165746
4 0.123125 0.3453038674033149 0.094375 0.1464088397790055
4 0.026875 0.31353591160220995 0.05375 0.13259668508287292
9 0.30875 0.4129834254143646 0.11 0.18853591160220995
7 0.3625 0.14917127071823205 0.08 0.11256906077348067
4 0.26 0.23825966850828728 0.06125 0.09599447513812155
9 0.836875 0.25 0.28 0.35220994475138123
8 0.62875 0.31215469613259667 0.06375 0.07596685082872928
8 0.83125 0.5124309392265194 0.0575 0.07458563535911603
8 0.866875 0.4661602209944751 0.01875 0.04005524861878453
8 0.66875 0.20303867403314918 0.07375 0.0925414364640884
2 0.70625 0.31560773480662985 0.05375 0.08011049723756906
8 0.195625 0.7071823204419889 0.0725 0.08701657458563536
8 0.27125 0.6712707182320442 0.06 0.06629834254143646
1 0.750625 0.9295580110497238 0.26625 0.1408839779005525
1 0.569375 0.9185082872928176 0.11875 0.1270718232044199