8 0.31462585034013607 0.06756756756756757 0.11224489795918367 0.13513513513513514
8 0.07312925170068027 0.0518018018018018 0.0782312925170068 0.1036036036036036
9 0.16666666666666666 0.04504504504504504 0.11564625850340136 0.09009009009009009
11 0.7925170068027211 0.35585585585585583 0.05782312925170068 0.1036036036036036
11 0.6598639455782312 0.12387387387387387 0.1292517006802721 0.1981981981981982
11 0.8027210884353742 0.09684684684684684 0.07482993197278912 0.15315315315315314
11 0.7295918367346939 0.30180180180180183 0.04421768707482993 0.10810810810810811
1 0.8979591836734694 0.0945945945945946 0.08163265306122448 0.09009009009009009
4 0.022108843537414966 0.6509009009009009 0.04421768707482993 0.13063063063063063
4 0.0935374149659864 0.7027027027027027 0.08503401360544217 0.11711711711711711
4 0.32653061224489793 0.7252252252252253 0.09863945578231292 0.11711711711711711
7 0.2602040816326531 0.7072072072072072 0.07142857142857142 0.1036036036036036
4 0.16666666666666666 0.8806306306306306 0.11904761904761904 0.12612612612612611
4 0.7653061224489796 0.6396396396396397 0.12585034013605442 0.16666666666666666