7 0.35060975609756095 0.37477313974591653 0.06890243902439025 0.1560798548094374
7 0.21036585365853658 0.07622504537205081 0.07073170731707316 0.10798548094373865
7 0.11402439024390244 0.24319419237749546 0.060365853658536583 0.045372050816696916
7 0.27378048780487807 0.20961887477313976 0.0676829268292683 0.09346642468239565
7 0.18048780487804877 0.3929219600725953 0.05304878048780488 0.07622504537205081
4 0.0774390243902439 0.10344827586206896 0.032926829268292684 0.04809437386569873
4 0.05548780487804878 0.21687840290381125 0.03841463414634146 0.05716878402903811
4 0.10914634146341463 0.17604355716878403 0.04390243902439024 0.06442831215970962
8 0.2951219512195122 0.32123411978221417 0.03475609756097561 0.05716878402903811
4 0.07378048780487804 0.13339382940108893 0.032926829268292684 0.04083484573502722
2 0.7926829268292683 0.3811252268602541 0.03902439024390244 0.07985480943738657
2 0.7737804878048781 0.4900181488203267 0.05975609756097561 0.09800362976406533
2 0.7359756097560975 0.44646098003629764 0.045121951219512194 0.08348457350272233
8 0.876219512195122 0.4192377495462795 0.042682926829268296 0.06533575317604355
8 0.8963414634146342 0.5290381125226861 0.03902439024390244 0.019963702359346643
8 0.7640243902439025 0.28765880217785844 0.036585365853658534 0.06533575317604355
9 0.8079268292682927 0.31125226860254085 0.0475609756097561 0.06896551724137931
7 0.15609756097560976 0.8130671506352087 0.05121951219512195 0.07985480943738657
7 0.22621951219512196 0.6370235934664247 0.054878048780487805 0.07259528130671507
7 0.36402439024390243 0.984573502722323 0.05975609756097561 0.030852994555353903
7 0.3829268292682927 0.7477313974591652 0.05365853658536585 0.09074410163339383
7 0.1073170731707317 0.9818511796733213 0.041463414634146344 0.036297640653357534
11 0.07378048780487804 0.9092558983666061 0.05365853658536585 0.0780399274047187
11 0.24085365853658536 0.7540834845735027 0.042682926829268296 0.0852994555353902
11 0.20792682926829267 0.7150635208711433 0.04878048780487805 0.056261343012704176
11 0.1701219512195122 0.7123411978221416 0.041463414634146344 0.06352087114337568
11 0.39451219512195124 0.6161524500907442 0.03048780487804878 0.0925589836660617
11 0.29329268292682925 0.7468239564428312 0.03780487804878049 0.050816696914700546
11 0.275 0.5662431941923775 0.05 0.0544464609800363
11 0.021341463414634148 0.9292196007259528 0.03414634146341464 0.07622504537205081
6 0.8384146341463414 0.7531760435571688 0.26951219512195124 0.18874773139745918
6 0.5945121951219512 0.6188747731397459 0.20853658536585365 0.15970961887477314
6 0.7170731707317073 0.9074410163339383 0.174390243902439 0.14882032667876588
6 0.5609756097560976 0.7141560798548094 0.20121951219512196 0.17604355716878403
6 0.7219512195121951 0.7885662431941923 0.18170731707317073 0.1560798548094374
6 0.4548780487804878 0.6107078039927405 0.09024390243902439 0.14337568058076225