8 0.2731822971548999 0.08879837067209775 0.05584826132771338 0.09959266802443992
11 0.13883034773445732 0.11792260692464358 0.06006322444678609 0.09714867617107943
11 0.25158061116965225 0.33177189409368635 0.050316122233930456 0.10692464358452139
7 0.3429926238145416 0.21160896130346232 0.07244467860906217 0.1264765784114053
7 0.20284510010537407 0.37556008146639513 0.09062170706006323 0.14582484725050918
8 0.6275026343519494 0.3405295315682281 0.05321390937829294 0.06720977596741344
1 0.7168071654373024 0.4189409368635438 0.05690200210748156 0.07230142566191446
1 0.7881981032665965 0.41323828920570266 0.051896733403582716 0.05315682281059063
1 0.5727081138040042 0.17780040733197555 0.032665964172813484 0.046232179226069245
6 0.1720231822971549 0.8228105906313645 0.02713382507903056 0.04439918533604888
6 0.23419388830347734 0.6132382892057027 0.04873551106427819 0.07393075356415478
6 0.17175974710221287 0.5934826883910387 0.057165437302423606 0.09124236252545825
6 0.0690200210748156 0.7378818737270876 0.050316122233930456 0.07718940936863544
6 0.1577976817702845 0.7065173116089613 0.03161222339304531 0.04765784114052953
6 0.05584826132771338 0.6427698574338085 0.05637513171759747 0.064969450101833
6 0.18440463645943098 0.7771894093686355 0.022655426765015807 0.03279022403258656
5 0.7950474183350895 0.6146639511201629 0.40990516332982085 0.14989816700610997