4 0.080625 0.3433395872420263 0.065625 0.06285178236397748
4 0.26875 0.20919324577861162 0.068125 0.06285178236397748
4 0.30125 0.28424015009380865 0.06125 0.04596622889305816
7 0.198125 0.14915572232645402 0.06125 0.058161350844277676
3 0.891875 0.20168855534709193 0.2025 0.2354596622889306
3 0.81875 0.4090056285178236 0.126875 0.11913696060037524
3 0.6825 0.26454033771106944 0.1975 0.26454033771106944
1 0.14875 0.8968105065666041 0.04875 0.0825515947467167
8 0.77875 0.6744840525328331 0.065 0.1022514071294559
8 0.68875 0.651031894934334 0.071875 0.09943714821763602
8 0.619375 0.6557223264540337 0.065 0.08067542213883677
8 0.64 0.8902439024390244 0.0575 0.09380863039399624
11 0.611875 0.7917448405253283 0.115 0.1050656660412758