4 0.185 0.33001988071570576 0.06233333333333333 0.1595427435387674
8 0.8113333333333334 0.6202783300198808 0.04533333333333334 0.05765407554671968
9 0.7786666666666666 0.2654075546719682 0.071 0.1172962226640159
0 0.6933333333333334 0.18986083499005965 0.08566666666666667 0.10288270377733598
0 0.781 0.40407554671968193 0.062 0.08250497017892644
0 0.7273333333333334 0.37226640159045726 0.048666666666666664 0.0720675944333996
0 0.602 0.3136182902584493 0.10966666666666666 0.16351888667992048
0 0.586 0.13320079522862824 0.05533333333333333 0.08399602385685885
0 0.86 0.47564612326043737 0.062 0.08101391650099403
0 0.659 0.3320079522862823 0.06666666666666667 0.08399602385685885
0 0.6776666666666666 0.47763419483101394 0.08033333333333334 0.07952286282306163
0 0.774 0.5044731610337972 0.071 0.10834990059642147
11 0.677 0.577037773359841 0.069 0.09691848906560636
7 0.18233333333333332 0.7440357852882704 0.051333333333333335 0.06660039761431412
7 0.231 0.9179920477137177 0.049666666666666665 0.07554671968190854
7 0.164 0.9403578528827038 0.03833333333333333 0.060139165009940355
7 0.2763333333333333 0.7420477137176938 0.036 0.04473161033797217
7 0.22733333333333333 0.8230616302186878 0.030333333333333334 0.04721669980119284
7 0.21333333333333335 0.8722664015904572 0.026333333333333334 0.04025844930417495
8 0.206 0.665506958250497 0.033666666666666664 0.032803180914512925
5 0.7656666666666667 0.7594433399602386 0.42733333333333334 0.220675944333996