7 0.22998046875 0.29428989751098095 0.04052734375 0.0849194729136164
1 0.73974609375 0.36530014641288433 0.11572265625 0.11859443631039532
1 0.68701171875 0.2657393850658858 0.11328125 0.06734992679355783
1 0.5380859375 0.16691068814055637 0.0859375 0.10322108345534407
1 0.61474609375 0.33528550512445093 0.109375 0.09736456808199122
8 0.42431640625 0.23572474377745242 0.0712890625 0.08638360175695461
6 0.89794921875 0.29282576866764276 0.111328125 0.08638360175695461
2 0.21142578125 0.9231332357247438 0.1357421875 0.15373352855051245
2 0.0546875 0.9011713030746705 0.0791015625 0.13616398243045388
7 0.98486328125 0.9465592972181552 0.0302734375 0.08638360175695461
7 0.47314453125 0.6625183016105417 0.0546875 0.08345534407027819
7 0.8271484375 0.8008784773060029 0.06640625 0.09224011713030747
7 0.8876953125 0.9136163982430454 0.0302734375 0.06734992679355783
7 0.95654296875 0.958272327964861 0.0263671875 0.06734992679355783
7 0.546875 0.6837481698389458 0.0595703125 0.09077598828696926
8 0.39404296875 0.8045387994143485 0.0341796875 0.048316251830161056
8 0.48779296875 0.8008784773060029 0.0283203125 0.048316251830161056
8 0.5478515625 0.8089311859443631 0.033203125 0.04538799414348463
8 0.64794921875 0.8045387994143485 0.0224609375 0.036603221083455345
8 0.77001953125 0.8448023426061494 0.041015625 0.043923865300146414
9 0.46923828125 0.9187408491947291 0.048828125 0.08345534407027819
9 0.615234375 0.7730600292825769 0.033203125 0.0527086383601757