1 0.3423913043478261 0.0420032310177706 0.03683574879227053 0.0840064620355412
4 0.2391304347826087 0.19143780290791598 0.028985507246376812 0.07269789983844911
1 0.5591787439613527 0.2197092084006462 0.07729468599033816 0.10339256865912763
6 0.4420289855072464 0.33360258481421645 0.04468599033816425 0.08723747980613894
1 0.5935990338164251 0.3360258481421648 0.0893719806763285 0.11631663974151858
1 0.6582125603864735 0.2940226171243942 0.07729468599033816 0.1098546042003231
1 0.6684782608695652 0.37318255250403876 0.08091787439613526 0.051696284329563816
1 0.7427536231884058 0.17447495961227788 0.09057971014492754 0.12439418416801293
1 0.6467391304347826 0.18739903069466882 0.11352657004830918 0.12762520193861066
1 0.6926328502415459 0.06704361873990307 0.12439613526570048 0.12762520193861066
1 0.7397342995169082 0.28836833602584816 0.10024154589371981 0.12439418416801293
1 0.8091787439613527 0.1429725363489499 0.07246376811594203 0.1050080775444265
1 0.47041062801932365 0.2245557350565428 0.09782608695652174 0.12277867528271405
1 0.5090579710144928 0.3481421647819063 0.0785024154589372 0.10177705977382875
1 0.7596618357487923 0.36995153473344106 0.11352657004830918 0.05815831987075929
1 0.8254830917874396 0.25767366720516965 0.07608695652173914 0.13247172859450726
6 0.13345410628019325 0.48546042003231016 0.07608695652173914 0.12197092084006463
6 0.17028985507246377 0.6655896607431341 0.041666666666666664 0.10904684975767366
6 0.13526570048309178 0.7302100161550888 0.034420289855072464 0.09854604200323101
6 0.17693236714975846 0.8384491114701131 0.05314009661835749 0.17689822294022617
6 0.2572463768115942 0.8998384491114702 0.10748792270531402 0.172859450726979
6 0.26207729468599034 0.7673667205169629 0.06763285024154589 0.14620355411954766
6 0.338768115942029 0.8061389337641357 0.06340579710144928 0.1494345718901454
6 0.36533816425120774 0.6906300484652665 0.03321256038647343 0.06785137318255251
6 0.2614734299516908 0.5993537964458805 0.08635265700483091 0.11873990306946688
6 0.19746376811594202 0.5945072697899838 0.021739130434782608 0.061389337641357025
6 0.2113526570048309 0.4789983844911147 0.06038647342995169 0.11550888529886914
6 0.10265700483091787 0.6550888529886915 0.06340579710144928 0.14620355411954766
9 0.7071256038647343 0.5500807754442649 0.11231884057971014 0.10339256865912763
7 0.6823671497584541 0.7221324717285945 0.0929951690821256 0.11793214862681745
7 0.5344202898550725 0.4491114701130856 0.05555555555555555 0.06623586429725363
11 0.6388888888888888 0.5008077544426495 0.049516908212560384 0.061389337641357025
11 0.501207729468599 0.8311793214862682 0.04589371980676329 0.0791599353796446
11 0.5960144927536232 0.7350565428109854 0.059178743961352656 0.08723747980613894
11 0.5845410628019324 0.5654281098546042 0.07367149758454106 0.08723747980613894
11 0.41847826086956524 0.6340872374798061 0.018115942028985508 0.10177705977382875
8 0.7759661835748792 0.47253634894991925 0.06642512077294686 0.08239095315024232