4 0.516796875 0.14098837209302326 0.089453125 0.04505813953488372
4 0.3140625 0.18507751937984496 0.0859375 0.0562015503875969
4 0.075 0.23498062015503876 0.0859375 0.04505813953488372
4 0.347265625 0.01308139534883721 0.09609375 0.02616279069767442
4 0.558203125 0.0562015503875969 0.051171875 0.026647286821705425
4 0.6234375 0.07218992248062016 0.051171875 0.029554263565891473
4 0.322265625 0.08381782945736434 0.0734375 0.0436046511627907
7 0.6140625 0.020348837209302327 0.092578125 0.031007751937984496
5 0.801171875 0.09011627906976744 0.12265625 0.10852713178294573
11 0.27734375 0.6831395348837209 0.027734375 0.04796511627906977
11 0.49921875 0.814437984496124 0.046875 0.04408914728682171
11 0.46796875 0.5368217054263565 0.041015625 0.045542635658914726
5 0.354296875 0.5305232558139535 0.05703125 0.05377906976744186
5 0.0953125 0.810077519379845 0.052734375 0.07170542635658915
5 0.128515625 0.7432170542635659 0.042578125 0.04893410852713178
5 0.35859375 0.7257751937984496 0.03515625 0.06686046511627906
9 0.60546875 0.6385658914728682 0.019921875 0.03972868217054264
9 0.20625 0.8221899224806202 0.086328125 0.10416666666666667
9 0.112109375 0.39292635658914726 0.066796875 0.07073643410852713
9 0.201171875 0.3628875968992248 0.06015625 0.04748062015503876
9 0.28203125 0.39825581395348836 0.071875 0.060077519379844964
5 0.5375 0.4069767441860465 0.05859375 0.06346899224806202
5 0.500390625 0.5978682170542635 0.05703125 0.06346899224806202
5 0.563671875 0.6157945736434108 0.08203125 0.0872093023255814
5 0.467578125 0.684593023255814 0.055078125 0.0562015503875969
5 0.499609375 0.7669573643410853 0.066015625 0.06831395348837209
5 0.352734375 0.6177325581395349 0.078515625 0.06346899224806202
9 0.32421875 0.5256782945736435 0.029296875 0.08478682170542635
9 0.353125 0.40988372093023256 0.046875 0.050387596899224806
9 0.31796875 0.7204457364341085 0.051953125 0.07412790697674419
7 0.241015625 0.5906007751937985 0.028515625 0.035852713178294575
7 0.25390625 0.5557170542635659 0.026953125 0.041666666666666664
9 0.28671875 0.5305232558139535 0.03359375 0.04312015503875969
9 0.28515625 0.48158914728682173 0.026953125 0.04408914728682171
7 0.0703125 0.5799418604651163 0.041015625 0.04796511627906977
7 0.6765625 0.8687015503875969 0.029296875 0.05281007751937984
7 0.67109375 0.685077519379845 0.028515625 0.045542635658914726
7 0.6265625 0.7102713178294574 0.041796875 0.05135658914728682
7 0.659375 0.9186046511627907 0.031640625 0.03972868217054264
9 0.549609375 0.8192829457364341 0.051171875 0.05765503875968992
9 0.246484375 0.7388565891472868 0.066015625 0.06443798449612403
9 0.182421875 0.6971899224806202 0.0578125 0.060077519379844964
9 0.5515625 0.7160852713178295 0.0578125 0.05135658914728682
9 0.417578125 0.7403100775193798 0.041796875 0.05377906976744186
9 0.38046875 0.6695736434108527 0.042578125 0.06589147286821706
9 0.934765625 0.9665697674418605 0.06484375 0.06686046511627906
0 0.9046875 0.7427325581395349 0.08671875 0.23255813953488372