4 0.3029525032092426 0.1619047619047619 0.06803594351732992 0.10873015873015873
4 0.20154043645699615 0.20317460317460317 0.05969191270860077 0.08253968253968254
4 0.17394094993581516 0.32301587301587303 0.05006418485237484 0.07380952380952381
4 0.2939666238767651 0.3055555555555556 0.05391527599486521 0.0880952380952381
4 0.26700898587933247 0.4174603174603175 0.0558408215661104 0.09444444444444444
4 0.42362002567394097 0.12063492063492064 0.05391527599486521 0.0880952380952381
7 0.14377406931964057 0.3984126984126984 0.057766367137355584 0.11507936507936507
4 0.137997432605905 0.2849206349206349 0.04813863928112965 0.06190476190476191
8 0.9711168164313222 0.16666666666666666 0.057766367137355584 0.07936507936507936
8 0.9890885750962772 0.5174603174603175 0.021822849807445442 0.044444444444444446
8 0.9056482670089859 0.3055555555555556 0.043645699614890884 0.07777777777777778
11 0.9775353016688062 0.2626984126984127 0.044929396662387676 0.0746031746031746
9 0.9139922978177151 0.4174603174603175 0.06418485237483953 0.08412698412698413
0 0.8119383825417201 0.526984126984127 0.05006418485237484 0.025396825396825397
11 0.33504492939666236 0.6944444444444444 0.12965340179717585 0.14126984126984127
11 0.3498074454428755 0.9753968253968254 0.08600770218228498 0.049206349206349205
6 0.9120667522464698 0.7523809523809524 0.08600770218228498 0.09523809523809523
6 0.9749679075738126 0.7587301587301587 0.05006418485237484 0.0761904761904762
6 0.8632862644415917 0.8246031746031746 0.10012836970474968 0.10476190476190476
6 0.926829268292683 0.8849206349206349 0.043645699614890884 0.05396825396825397
6 0.9717586649550706 0.9134920634920635 0.043645699614890884 0.06666666666666667
6 0.6142490372272144 0.9555555555555556 0.10654685494223363 0.08888888888888889
6 0.6238767650834403 0.807936507936508 0.1399229781771502 0.16031746031746033
6 0.7708600770218228 0.9325396825396826 0.1116816431322208 0.1349206349206349
6 0.7214377406931964 0.9865079365079366 0.09242618741976893 0.026984126984126985
6 0.748395378690629 0.7833333333333333 0.044929396662387676 0.06031746031746032
6 0.665596919127086 0.9095238095238095 0.04878048780487805 0.06031746031746032