11 0.18493975903614457 0.1841680129240711 0.07048192771084337 0.05896607431340872
11 0.32108433734939756 0.12924071082390953 0.03253012048192771 0.05250403877221325
7 0.21204819277108433 0.23424878836833601 0.03614457831325301 0.033925686591276254
7 0.12048192771084337 0.22697899838449112 0.04819277108433735 0.045234248788368334
7 0.2644578313253012 0.13731825525040386 0.08734939759036145 0.10096930533117932
7 0.10120481927710843 0.27463651050080773 0.03253012048192771 0.02665589660743134
7 0.2427710843373494 0.25040387722132473 0.03253012048192771 0.03796445880452343
1 0.7006024096385542 0.05654281098546042 0.12590361445783133 0.09773828756058159
1 0.7060240963855422 0.14378029079159935 0.10361445783132531 0.05331179321486268
1 0.7006024096385542 0.2035541195476575 0.15 0.061389337641357025
1 0.7530120481927711 0.3069466882067851 0.06265060240963856 0.033117932148626815
1 0.7433734939759036 0.364297253634895 0.06807228915662651 0.04281098546042003
3 0.1427710843373494 0.5807754442649434 0.28072289156626506 0.1938610662358643
3 0.07289156626506024 0.722940226171244 0.14578313253012049 0.3053311793214863
3 0.027710843373493974 0.9143780290791599 0.05542168674698795 0.17124394184168013
3 0.36927710843373496 0.5121163166397416 0.17951807228915662 0.21324717285945072
3 0.40120481927710844 0.9717285945072698 0.10361445783132531 0.05654281098546042
3 0.2753012048192771 0.9725363489499192 0.2036144578313253 0.05492730210016155
8 0.4819277108433735 0.8602584814216478 0.04578313253012048 0.1147011308562197