4 0.2826923076923077 0.26420454545454547 0.03653846153846154 0.061553030303030304
7 0.44326923076923075 0.4734848484848485 0.03365384615384615 0.05965909090909091
8 0.5057692307692307 0.4659090909090909 0.03461538461538462 0.07196969696969698
10 0.41442307692307695 0.7301136363636364 0.14807692307692308 0.26325757575757575
10 0.18461538461538463 0.6827651515151515 0.28846153846153844 0.16856060606060605
11 0.6019230769230769 0.8134469696969697 0.051923076923076926 0.03977272727272727
11 0.5721153846153846 0.84375 0.03653846153846154 0.06060606060606061
11 0.6615384615384615 0.8087121212121212 0.04038461538461539 0.043560606060606064
11 0.7355769230769231 0.7954545454545454 0.04230769230769231 0.03977272727272727
11 0.8057692307692308 0.8418560606060606 0.026923076923076925 0.03409090909090909
11 0.7067307692307693 0.8636363636363636 0.026923076923076925 0.054924242424242424
0 0.8086538461538462 0.9839015151515151 0.07115384615384615 0.032196969696969696
0 0.7586538461538461 0.8674242424242424 0.04230769230769231 0.06818181818181818
0 0.6557692307692308 0.8977272727272727 0.057692307692307696 0.03787878787878788