7 0.055 0.315 0.1075 0.185
7 0.3892857142857143 0.516875 0.1075 0.12875
7 0.4235714285714286 0.274375 0.08642857142857142 0.05625
7 0.24 0.428125 0.09964285714285714 0.111875
7 0.26107142857142857 0.170625 0.08142857142857143 0.0925
4 0.5442857142857143 0.390625 0.05 0.05625
4 0.5114285714285715 0.2575 0.05785714285714286 0.07
4 0.46535714285714286 0.33875 0.06571428571428571 0.075625
8 0.15464285714285714 0.32875 0.0525 0.0675
4 0.5321428571428571 0.356875 0.047142857142857146 0.050625
6 0.9064285714285715 0.2525 0.07214285714285715 0.11625
6 0.9857142857142858 0.273125 0.02857142857142857 0.10875
6 0.8132142857142857 0.358125 0.13142857142857142 0.14375
6 0.7178571428571429 0.516875 0.10428571428571429 0.22625
6 0.6953571428571429 0.31625 0.08571428571428572 0.1775
11 0.8021428571428572 0.020625 0.04 0.04125
11 0.8835714285714286 0.055625 0.045714285714285714 0.055
10 0.025714285714285714 0.7475 0.05142857142857143 0.075
10 0.03 0.671875 0.06 0.08375
6 0.8239285714285715 0.93 0.085 0.14