8 0.09142857142857143 0.23901098901098902 0.05714285714285714 0.10714285714285714
11 0.21285714285714286 0.08928571428571429 0.06142857142857143 0.1043956043956044
11 0.20714285714285716 0.4175824175824176 0.047857142857142855 0.11813186813186813
7 0.085 0.4340659340659341 0.075 0.1346153846153846
7 0.2642857142857143 0.3914835164835165 0.09285714285714286 0.1510989010989011
1 0.6057142857142858 0.45947802197802196 0.08142857142857143 0.07142857142857142
1 0.8514285714285714 0.2087912087912088 0.10285714285714286 0.08241758241758242
7 0.47214285714285714 0.09478021978021978 0.06428571428571428 0.08241758241758242
7 0.8414285714285714 0.10027472527472528 0.07857142857142857 0.08928571428571429
11 0.77 0.2664835164835165 0.07714285714285714 0.08379120879120878
11 0.9514285714285714 0.1778846153846154 0.07285714285714286 0.07554945054945054
3 0.2257142857142857 0.8434065934065934 0.075 0.10645604395604395
6 0.7535714285714286 0.8612637362637363 0.05857142857142857 0.05631868131868132
6 0.6142857142857143 0.8811813186813187 0.06 0.04120879120879121
6 0.8342857142857143 0.8695054945054945 0.06714285714285714 0.06593406593406594
6 0.8707142857142857 0.7142857142857143 0.07 0.046703296703296704
6 0.9371428571428572 0.8001373626373627 0.11857142857142858 0.09615384615384616
6 0.9428571428571428 0.739010989010989 0.07428571428571429 0.04807692307692308
10 0.8135714285714286 0.7774725274725275 0.16428571428571428 0.08516483516483517
10 0.6978571428571428 0.9203296703296703 0.07714285714285714 0.07417582417582418
10 0.8264285714285714 0.9340659340659341 0.12714285714285714 0.09203296703296704