1 0.0692090395480226 0.018309859154929577 0.03531073446327684 0.035211267605633804
4 0.14548022598870056 0.24225352112676057 0.02824858757062147 0.11408450704225352
8 0.7556497175141242 0.46901408450704224 0.11016949152542373 0.13802816901408452
8 0.6483050847457628 0.43802816901408453 0.09322033898305085 0.08732394366197183
8 0.8418079096045198 0.24225352112676057 0.08192090395480225 0.09014084507042254
0 0.5847457627118644 0.30985915492957744 0.11016949152542373 0.11830985915492957
9 0.7725988700564972 0.14647887323943662 0.1327683615819209 0.1323943661971831
4 0.365819209039548 0.22535211267605634 0.03672316384180791 0.10140845070422536
7 0.690677966101695 0.23943661971830985 0.07344632768361582 0.07605633802816901
7 0.963276836158192 0.2112676056338028 0.062146892655367235 0.061971830985915494
1 0.2062146892655367 0.747887323943662 0.12429378531073447 0.11830985915492957
1 0.18785310734463276 0.971830985915493 0.05367231638418079 0.056338028169014086
1 0.2711864406779661 0.895774647887324 0.15254237288135594 0.14647887323943662
1 0.2598870056497175 0.9633802816901409 0.096045197740113 0.07323943661971831
1 0.3248587570621469 0.7464788732394366 0.04519774011299435 0.08450704225352113
7 0.09463276836158192 0.9253521126760563 0.1016949152542373 0.10140845070422536
8 0.5296610169491526 0.7338028169014085 0.096045197740113 0.09577464788732394