8 0.176875 0.285 0.045625 0.10083333333333333
9 0.67875 0.1875 0.125 0.17166666666666666
1 0.7375 0.5216666666666666 0.07125 0.115
1 0.66 0.5291666666666667 0.05 0.10166666666666667
1 0.54 0.5716666666666667 0.0525 0.016666666666666666
1 0.595 0.32083333333333336 0.05375 0.085
8 0.890625 0.3858333333333333 0.11375 0.135
3 0.101875 0.9833333333333333 0.10375 0.03333333333333333
3 0.360625 0.95 0.12125 0.1
9 0.763125 0.68 0.06 0.08666666666666667
9 0.9725 0.68 0.055 0.08666666666666667
9 0.515 0.6708333333333333 0.0825 0.09833333333333333
8 0.62 0.8358333333333333 0.06 0.06833333333333333
8 0.700625 0.7025 0.04625 0.06
2 0.523125 0.8425 0.06875 0.08166666666666667
2 0.56375 0.95 0.0925 0.1
0 0.735625 0.8783333333333333 0.04875 0.09166666666666666