4 0.146484375 0.3923865300146413 0.06494140625 0.055636896046852125
4 0.31005859375 0.21156661786237188 0.06787109375 0.055636896046852125
4 0.37646484375 0.2752562225475842 0.06494140625 0.03806734992679356
7 0.20849609375 0.17130307467057102 0.0625 0.05124450951683748
9 0.92041015625 0.1273792093704246 0.1591796875 0.20790629575402636
2 0.65087890625 0.13543191800878476 0.0771484375 0.13469985358711567
11 0.4697265625 0.7774524158125915 0.0361328125 0.032210834553440704
11 0.49072265625 0.753294289897511 0.025390625 0.04904831625183016
11 0.42822265625 0.781112737920937 0.0283203125 0.03513909224011713
11 0.37646484375 0.7920937042459737 0.029296875 0.032210834553440704
11 0.32763671875 0.7547584187408491 0.0185546875 0.027818448023426062
11 0.396484375 0.7371888726207906 0.0185546875 0.04465592972181552
7 0.42431640625 0.6134699853587116 0.04150390625 0.040995607613469986
0 0.32568359375 0.6273792093704246 0.0498046875 0.05197657393850659
0 0.3603515625 0.7342606149341142 0.029296875 0.05490483162518302
0 0.43212890625 0.7093704245973645 0.0400390625 0.03074670571010249
7 0.90673828125 0.6207906295754027 0.0458984375 0.08052708638360176
7 0.73876953125 0.7357247437774525 0.0322265625 0.05856515373352855
7 0.86962890625 0.4970717423133236 0.0576171875 0.036603221083455345
11 0.83984375 0.671303074670571 0.03515625 0.04685212298682284