8 0.3433395872420263 0.2212962962962963 0.07317073170731707 0.07407407407407407
8 0.2270168855534709 0.2861111111111111 0.054409005628517824 0.06851851851851852
7 0.11069418386491557 0.35833333333333334 0.04690431519699812 0.053703703703703705
9 0.274859287054409 0.26944444444444443 0.075046904315197 0.07037037037037037
1 0.5806754221388368 0.3888888888888889 0.09568480300187618 0.022222222222222223
1 0.8367729831144465 0.16018518518518518 0.2326454033771107 0.16666666666666666
1 0.6069418386491557 0.1537037037037037 0.13133208255159476 0.12037037037037036
9 0.21388367729831145 0.5166666666666667 0.17636022514071295 0.21851851851851853
9 0.07786116322701689 0.49166666666666664 0.15572232645403378 0.18333333333333332
9 0.1772983114446529 0.412962962962963 0.0075046904315197 0.009259259259259259
9 0.1303939962476548 0.4203703703703704 0.14071294559099437 0.040740740740740744
9 0.09849906191369606 0.65 0.19699812382739212 0.24074074074074073
8 0.6557223264540337 0.7962962962962963 0.07129455909943715 0.07592592592592592
7 0.7729831144465291 0.8490740740740741 0.07317073170731707 0.06666666666666667