4 0.244140625 0.11388888888888889 0.091015625 0.12291666666666666
4 0.14609375 0.29791666666666666 0.081640625 0.10486111111111111
4 0.23828125 0.2951388888888889 0.053125 0.08472222222222223
4 0.2421875 0.5458333333333333 0.04765625 0.04652777777777778
8 0.38828125 0.01597222222222222 0.0703125 0.03194444444444444
4 0.14140625 0.18819444444444444 0.096875 0.14305555555555555
4 0.03046875 0.19722222222222222 0.0609375 0.13125
9 0.3484375 0.16180555555555556 0.108203125 0.18680555555555556
7 0.381640625 0.44513888888888886 0.085546875 0.10486111111111111
4 0.27890625 0.33125 0.0625 0.09027777777777778
11 0.637109375 0.5277777777777778 0.109375 0.08333333333333333
11 0.6421875 0.325 0.155859375 0.17916666666666667
11 0.6703125 0.12638888888888888 0.169140625 0.13125
11 0.773046875 0.2076388888888889 0.1390625 0.12777777777777777
11 0.798046875 0.34097222222222223 0.1125 0.15069444444444444
11 0.90234375 0.4576388888888889 0.109375 0.11180555555555556
7 0.90390625 0.3326388888888889 0.09921875 0.11805555555555555
2 0.389453125 0.8611111111111112 0.05390625 0.09583333333333334
9 0.04609375 0.7388888888888889 0.0921875 0.14722222222222223
9 0.034375 0.9173611111111111 0.06875 0.16527777777777777
9 0.158984375 0.9590277777777778 0.09453125 0.08194444444444444
7 0.70625 0.7305555555555555 0.090234375 0.06736111111111111
11 0.748046875 0.8180555555555555 0.0609375 0.06111111111111111
0 0.7984375 0.8708333333333333 0.0546875 0.05486111111111111
0 0.708203125 0.8 0.047265625 0.04097222222222222
0 0.7109375 0.9104166666666667 0.041796875 0.04583333333333333
0 0.7046875 0.96875 0.059765625 0.0625
0 0.968359375 0.8256944444444444 0.0609375 0.04791666666666667
0 0.930859375 0.8583333333333333 0.037890625 0.06111111111111111
0 0.87734375 0.7840277777777778 0.05546875 0.04513888888888889
0 0.87578125 0.9076388888888889 0.062109375 0.05277777777777778
0 0.7828125 0.7881944444444444 0.041796875 0.049305555555555554
0 0.551171875 0.8236111111111111 0.0640625 0.0625