1 0.57625 0.2457627118644068 0.06125 0.10451977401129943
4 0.384375 0.19868173258003766 0.050625 0.0856873822975518
5 0.9775 0.10734463276836158 0.045 0.21468926553672316
5 0.7575 0.2853107344632768 0.195 0.3258003766478343
4 0.479375 0.5932203389830508 0.0675 0.07250470809792843
4 0.18875 0.7900188323917138 0.07625 0.09981167608286252
7 0.07875 0.8681732580037664 0.125625 0.16666666666666666
4 0.54 0.5216572504708098 0.0675 0.09227871939736347
4 0.57125 0.6497175141242938 0.040625 0.047080979284369114
7 0.23375 0.6384180790960452 0.09 0.08945386064030132
7 0.234375 0.9736346516007532 0.069375 0.051789077212806026
7 0.355 0.8804143126177024 0.07625 0.0743879472693032
7 0.13375 0.6864406779661016 0.071875 0.07250470809792843
5 0.828125 0.783427495291902 0.07125 0.11770244821092278
5 0.77875 0.6563088512241054 0.046875 0.05555555555555555
5 0.891875 0.8088512241054614 0.060625 0.09887005649717515
8 0.695 0.687382297551789 0.02625 0.05084745762711865
1 0.688125 0.5725047080979284 0.0425 0.10357815442561205
8 0.933125 0.571563088512241 0.03 0.05273069679849341