8 0.37061668681983073 0.07958199356913183 0.10640870616686819 0.1535369774919614
8 0.2460701330108827 0.28938906752411575 0.0743651753325272 0.11012861736334405
8 0.967956469165659 0.52491961414791 0.06408706166868199 0.08842443729903537
7 0.7611850060459492 0.05466237942122187 0.06771463119709795 0.09967845659163987
7 0.8204353083434099 0.5265273311897106 0.07980652962515115 0.07395498392282958
7 0.9812575574365175 0.09807073954983923 0.037484885126964934 0.07395498392282958
11 0.8530834340991535 0.07717041800643087 0.049576783555018135 0.06270096463022508
1 0.4207980652962515 0.9517684887459807 0.07013301088270858 0.09646302250803858
1 0.3089480048367594 0.9421221864951769 0.07980652962515115 0.09003215434083602
1 0.1414752116082225 0.7869774919614148 0.06408706166868199 0.09003215434083602
1 0.19649334945586458 0.7090032154340836 0.045949214026602174 0.08681672025723473
1 0.3555018137847642 0.6229903536977492 0.10882708585247884 0.10771704180064309
1 0.2762998790810157 0.5860128617363344 0.11003627569528417 0.03376205787781351
1 0.43349455864570735 0.7483922829581994 0.07255139056831923 0.07877813504823152
1 0.3307134220072551 0.8183279742765274 0.0471584038694075 0.06752411575562701
1 0.10519951632406288 0.6663987138263665 0.056831922611850064 0.06430868167202572
1 0.03143893591293833 0.6889067524115756 0.045949214026602174 0.06752411575562701
2 0.6577992744860943 0.7540192926045016 0.08222490931076179 0.08520900321543408
2 0.7363966142684402 0.8279742765273312 0.053204353083434096 0.06752411575562701
2 0.8512696493349455 0.6430868167202572 0.04353083434099154 0.053858520900321546
8 0.9262394195888755 0.5779742765273312 0.034461910519951636 0.017684887459807074
7 0.654776299879081 0.8102893890675241 0.06590084643288996 0.06270096463022508