8 0.3997395833333333 0.18 0.083984375 0.1075
8 0.2962239583333333 0.080625 0.05859375 0.075625
8 0.369140625 0.393125 0.055989583333333336 0.0725
8 0.1484375 0.36125 0.061197916666666664 0.081875
8 0.4876302083333333 0.5175 0.06966145833333333 0.11375
4 0.10091145833333333 0.184375 0.08658854166666667 0.094375
4 0.2805989583333333 0.615625 0.07291666666666667 0.069375
4 0.3450520833333333 0.501875 0.08138020833333333 0.094375
4 0.5533854166666666 0.32 0.07552083333333333 0.12
9 0.033854166666666664 0.454375 0.06705729166666667 0.11375
1 0.7311197916666666 0.249375 0.0234375 0.07125
1 0.755859375 0.309375 0.024739583333333332 0.07125
1 0.8092447916666666 0.32875 0.0234375 0.0625
1 0.7760416666666666 0.433125 0.018880208333333332 0.065625
1 0.810546875 0.44 0.020182291666666668 0.0625
1 0.986328125 0.314375 0.02734375 0.08875
1 0.8483072916666666 0.47875 0.021484375 0.05375
1 0.8528645833333334 0.549375 0.02734375 0.065625
1 0.8157552083333334 0.51625 0.018229166666666668 0.046875
1 0.7799479166666666 0.58125 0.059244791666666664 0.130625
1 0.6712239583333334 0.298125 0.024088541666666668 0.085
1 0.66015625 0.181875 0.029947916666666668 0.129375
1 0.7141927083333334 0.026875 0.020182291666666668 0.05375
1 0.91015625 0.189375 0.02734375 0.08125
1 0.7220052083333334 0.46 0.024088541666666668 0.076875
0 0.78515625 0.34625 0.021484375 0.0825
0 0.7447916666666666 0.06375 0.024088541666666668 0.068125
9 0.5266927083333334 0.938125 0.16536458333333334 0.12375
9 0.4641927083333333 0.900625 0.053385416666666664 0.0775
8 0.6946614583333334 0.9025 0.078125 0.079375
8 0.82421875 0.858125 0.054036458333333336 0.0575