8 0.11179698216735254 0.5495327102803739 0.07956104252400549 0.17289719626168223
8 0.20507544581618656 0.31401869158878504 0.05555555555555555 0.1233644859813084
1 0.6330589849108368 0.42990654205607476 0.11454046639231824 0.1102803738317757
1 0.6117969821673526 0.34392523364485983 0.12345679012345678 0.10747663551401869
1 0.6550068587105624 0.24018691588785046 0.11728395061728394 0.10747663551401869
1 0.7133058984910837 0.35514018691588783 0.11454046639231824 0.1130841121495327
1 0.710562414266118 0.44205607476635517 0.09465020576131687 0.08598130841121496
1 0.7866941015089163 0.3411214953271028 0.102880658436214 0.102803738317757
8 0.2709190672153635 0.9065420560747663 0.05075445816186557 0.08037383177570094
8 0.3772290809327846 0.7457943925233644 0.024691358024691357 0.059813084112149535
8 0.3840877914951989 0.7401869158878505 0.010973936899862825 0.014953271028037384
11 0.29286694101508914 0.6738317757009346 0.03292181069958848 0.04672897196261682
3 0.50960219478738 0.7448598130841122 0.24005486968449932 0.21121495327102804
3 0.4334705075445816 0.8616822429906542 0.0877914951989026 0.2766355140186916
3 0.9629629629629629 0.8766355140186916 0.07407407407407407 0.22429906542056074
3 0.8998628257887518 0.7495327102803738 0.20027434842249658 0.2205607476635514
3 0.757201646090535 0.7065420560747664 0.2661179698216735 0.13457943925233645