8 0.3134057971014493 0.06758957654723127 0.0640096618357488 0.07573289902280131
11 0.15881642512077296 0.08957654723127036 0.06884057971014493 0.0732899022801303
11 0.2886473429951691 0.251628664495114 0.057367149758454104 0.08061889250814332
7 0.39311594202898553 0.16042345276872963 0.08333333333333333 0.09609120521172639
7 0.23248792270531402 0.28420195439739415 0.10386473429951691 0.11074918566775244
9 0.5935990338164251 0.31840390879478825 0.24758454106280192 0.18078175895765472
1 0.40881642512077293 0.6270358306188925 0.04891304347826087 0.1498371335504886
4 0.27053140096618356 0.6482084690553745 0.03864734299516908 0.1245928338762215
7 0.5030193236714976 0.8509771986970684 0.06642512077294686 0.10586319218241043
7 0.7022946859903382 0.5789902280130294 0.07246376811594203 0.09283387622149837
7 0.7445652173913043 0.495928338762215 0.06884057971014493 0.09446254071661238
7 0.9752415458937198 0.44136807817589574 0.049516908212560384 0.06514657980456026
7 0.7771739130434783 0.5952768729641694 0.0640096618357488 0.08794788273615635
7 0.6141304347826086 0.6644951140065146 0.05434782608695652 0.07003257328990228
7 0.7518115942028986 0.42833876221498374 0.08574879227053141 0.03908794788273615