3 0.32489669421487605 0.20678513731825526 0.11105371900826447 0.0912762520193861
8 0.8083677685950413 0.33037156704361875 0.04855371900826446 0.03715670436187399
8 0.8109504132231405 0.013731825525040387 0.03305785123966942 0.027463651050080775
7 0.8517561983471075 0.036348949919224556 0.049586776859504134 0.06785137318255251
3 0.3109504132231405 0.684168012924071 0.07231404958677685 0.14054927302100162
3 0.4168388429752066 0.9644588045234249 0.07334710743801653 0.07108239095315025
3 0.42768595041322316 0.6260096930533118 0.13636363636363635 0.15024232633279483
3 0.2732438016528926 0.43537964458804523 0.07334710743801653 0.11147011308562198
3 0.10950413223140495 0.6704361873990307 0.06611570247933884 0.1050080775444265
3 0.5526859504132231 0.8384491114701131 0.060950413223140494 0.10016155088852989
1 0.9354338842975206 0.8941841680129241 0.07128099173553719 0.0840064620355412