3 0.2325 0.31203703703703706 0.21375 0.17592592592592593
3 0.22125 0.12314814814814815 0.309375 0.22870370370370371
9 0.7075 0.3537037037037037 0.09 0.09259259259259259
8 0.709375 0.17314814814814813 0.06625 0.07962962962962963
6 0.015 0.7787037037037037 0.03 0.10555555555555556
6 0.026875 0.6555555555555556 0.05375 0.1
6 0.1175 0.6138888888888889 0.03625 0.05925925925925926
6 0.036875 0.45740740740740743 0.07375 0.11481481481481481
6 0.2275 0.5268518518518519 0.11 0.12222222222222222
6 0.228125 0.44351851851851853 0.05375 0.07222222222222222
6 0.140625 0.42685185185185187 0.04875 0.053703703703703705
3 0.76625 0.5175925925925926 0.1075 0.23425925925925925
3 0.94875 0.6305555555555555 0.1025 0.2462962962962963
3 0.798125 0.7314814814814815 0.078125 0.13703703703703704
3 0.636875 0.6083333333333333 0.11625 0.2518518518518518
3 0.7325 0.7287037037037037 0.119375 0.30833333333333335