3 0.43742255266418834 0.16721044045676997 0.10161090458488228 0.1500815660685155
3 0.5198265179677819 0.40538336052202284 0.11833952912019827 0.1598694942903752
3 0.5272614622057001 0.14600326264274063 0.07558859975216853 0.13784665579119088
5 0.8705080545229245 0.08401305057096248 0.08736059479553904 0.16802610114192496
5 0.7540272614622057 0.35073409461663946 0.06319702602230483 0.14110929853181076
5 0.8432465923172243 0.22838499184339314 0.046468401486988845 0.1133768352365416
5 0.8798017348203222 0.34094616639477976 0.03531598513011153 0.07259380097879282
5 0.7354399008674102 0.49592169657422513 0.02168525402726146 0.049755301794453505
5 0.7372986369268897 0.2895595432300163 0.028500619578686492 0.05464926590538336
5 0.7242874845105328 0.2569331158238173 0.03407682775712516 0.06688417618270799
5 0.7125154894671624 0.19168026101141925 0.055762081784386616 0.10277324632952692
5 0.6691449814126395 0.29526916802610115 0.04337050805452292 0.11092985318107668
5 0.6579925650557621 0.22512234910277323 0.05328376703841388 0.10277324632952692
5 0.627633209417596 0.36133768352365414 0.022304832713754646 0.05791190864600326
5 0.7850061957868649 0.5171288743882545 0.03593556381660471 0.08972267536704731
5 0.8190830235439901 0.45106035889070145 0.03717472118959108 0.08809135399673736
5 0.7881040892193308 0.31158238172920066 0.029120198265179677 0.10603588907014681
5 0.7781908302354399 0.200652528548124 0.03407682775712516 0.07422512234910278
5 0.8197026022304833 0.2911908646003263 0.037794299876084264 0.11827079934747145
5 0.8110285006195787 0.11582381729200653 0.040892193308550186 0.08319738988580751
5 0.88909541511772 0.4738988580750408 0.03717472118959108 0.08319738988580751
5 0.8581164807930607 0.4102773246329527 0.021065675340768277 0.05138662316476346
5 0.8513011152416357 0.3629690048939641 0.01734820322180917 0.04730831973898858
5 0.8655514250309789 0.27814029363784665 0.036555142503097895 0.08482871125611746
5 0.8351920693928129 0.13784665579119088 0.024783147459727387 0.0636215334420881
5 0.7806691449814126 0.24551386623164764 0.058240396530359353 0.09380097879282219
5 0.6926889714993805 0.3466557911908646 0.042131350681536554 0.08809135399673736
10 0.3141263940520446 0.8393148450244698 0.298636926889715 0.23083197389885807
11 0.6344485749690211 0.8058727569331158 0.04956629491945477 0.07504078303425775
7 0.6790582403965304 0.8760195758564437 0.08302354399008674 0.09787928221859707