3 0.2855421686746988 0.18006430868167203 0.08855421686746988 0.16157556270096463
2 0.8650602409638555 0.03617363344051447 0.09397590361445783 0.06430868167202572
2 0.7024096385542169 0.11173633440514469 0.0391566265060241 0.03376205787781351
9 0.9578313253012049 0.15112540192926044 0.08012048192771085 0.053858520900321546
0 0.9301204819277108 0.3207395498392283 0.06385542168674699 0.04742765273311897
2 0.7180722891566265 0.08360128617363344 0.03433734939759036 0.03054662379421222
8 0.49096385542168675 0.9734726688102894 0.03734939759036145 0.05305466237942122
9 0.36927710843373496 0.612540192926045 0.05421686746987952 0.12218649517684887
0 0.26385542168674697 0.5691318327974276 0.08072289156626505 0.0932475884244373
0 0.405421686746988 0.7596463022508039 0.05542168674698795 0.07877813504823152
0 0.3427710843373494 0.747588424437299 0.03975903614457831 0.07234726688102894
0 0.20060240963855422 0.7379421221864951 0.09036144578313253 0.1639871382636656
0 0.14036144578313253 0.5530546623794212 0.04457831325301205 0.08520900321543408
0 0.5036144578313253 0.8022508038585209 0.05542168674698795 0.07717041800643087
0 0.26385542168674697 0.7331189710610932 0.060240963855421686 0.07877813504823152
0 0.3180722891566265 0.8818327974276527 0.07951807228915662 0.06270096463022508
0 0.4234939759036145 0.8697749196141479 0.05783132530120482 0.11093247588424437
11 0.3409638554216867 0.9686495176848875 0.05783132530120482 0.06270096463022508
7 0.7704819277108433 0.3971061093247588 0.07108433734939759 0.03536977491961415
7 0.6391566265060241 0.5707395498392283 0.07228915662650602 0.08360128617363344
7 0.7602409638554217 0.659967845659164 0.03253012048192771 0.06913183279742766
7 0.946987951807229 0.5787781350482315 0.04578313253012048 0.06270096463022508
11 0.7150602409638555 0.6720257234726688 0.03734939759036145 0.07717041800643087
11 0.7740963855421686 0.5836012861736335 0.05903614457831325 0.07877813504823152
11 0.7548192771084338 0.4807073954983923 0.04578313253012048 0.06591639871382636
11 0.9734939759036144 0.7387459807073955 0.05301204819277108 0.09163987138263666
7 0.8698795180722891 0.6278135048231511 0.06626506024096386 0.07877813504823152
7 0.7963855421686747 0.6889067524115756 0.06385542168674699 0.07717041800643087
7 0.903012048192771 0.5827974276527331 0.05421686746987952 0.09807073954983923
7 0.9801204819277108 0.5884244372990354 0.03975903614457831 0.05787781350482315