3 0.185625 0.3303072625698324 0.079375 0.1808659217877095
3 0.14375 0.20600558659217877 0.08625 0.18854748603351956
3 0.135625 0.35544692737430167 0.094375 0.20810055865921787
7 0.70125 0.38477653631284914 0.1525 0.1494413407821229
7 0.74 0.06773743016759777 0.16 0.13547486033519554
7 0.168125 0.8533519553072626 0.043125 0.10125698324022346
7 0.12375 0.5879888268156425 0.04125 0.11452513966480447
7 0.179375 0.5495810055865922 0.031875 0.09078212290502793
7 0.089375 0.8624301675977654 0.030625 0.0670391061452514
7 0.12875 0.7353351955307262 0.025625 0.07262569832402235
7 0.139375 0.6585195530726257 0.021875 0.06215083798882681
8 0.149375 0.9755586592178771 0.0275 0.04888268156424581
2 0.875625 0.6703910614525139 0.22125 0.2122905027932961
8 0.471875 0.9141061452513967 0.09875 0.11452513966480447
8 0.3425 0.9071229050279329 0.045 0.11033519553072625
7 0.631875 0.9811452513966481 0.08875 0.03770949720670391
7 0.36625 0.8072625698324022 0.065 0.06983240223463687