11 0.4083333333333333 0.16875 0.035833333333333335 0.055
3 0.3570833333333333 0.04125 0.12916666666666668 0.0825
3 0.255 0.3275 0.09791666666666667 0.1275
3 0.28583333333333333 0.05 0.04583333333333333 0.0675
3 0.14041666666666666 0.23625 0.05541666666666667 0.0875
3 0.155 0.3525 0.08833333333333333 0.135
3 0.19041666666666668 0.22375 0.075 0.13
3 0.24583333333333332 0.16 0.09 0.1175
8 0.6629166666666667 0.30125 0.05541666666666667 0.07833333333333334
7 0.815 0.14791666666666667 0.06041666666666667 0.08875
8 0.6291666666666667 0.16833333333333333 0.03791666666666667 0.05583333333333333
8 0.7370833333333333 0.23291666666666666 0.06208333333333333 0.09125
2 0.9041666666666667 0.027916666666666666 0.05 0.05583333333333333
2 0.7370833333333333 0.11125 0.0725 0.09375
7 0.6041666666666666 0.23791666666666667 0.043333333333333335 0.060833333333333336
0 0.3616666666666667 0.6358333333333334 0.04666666666666667 0.07708333333333334
0 0.25916666666666666 0.7070833333333333 0.04041666666666666 0.06791666666666667
0 0.19625 0.665 0.03958333333333333 0.06375
6 0.18875 0.7795833333333333 0.03958333333333333 0.07916666666666666
6 0.3925 0.8566666666666667 0.037083333333333336 0.04625
6 0.10416666666666667 0.625 0.022083333333333333 0.03833333333333333
3 0.24333333333333335 0.98625 0.035416666666666666 0.0275
3 0.24541666666666667 0.89875 0.04791666666666667 0.06708333333333333
3 0.2975 0.9033333333333333 0.03833333333333333 0.06166666666666667
3 0.13791666666666666 0.8741666666666666 0.043333333333333335 0.055
3 0.14416666666666667 0.9395833333333333 0.028333333333333332 0.05291666666666667
3 0.2608333333333333 0.8083333333333333 0.0475 0.08458333333333333
3 0.225 0.8475 0.035 0.06583333333333333
3 0.4379166666666667 0.72375 0.035416666666666666 0.07458333333333333
3 0.3541666666666667 0.8745833333333334 0.027916666666666666 0.045
3 0.21708333333333332 0.5845833333333333 0.041666666666666664 0.0725
3 0.27541666666666664 0.5816666666666667 0.044583333333333336 0.08458333333333333
3 0.3858333333333333 0.91 0.04041666666666666 0.05291666666666667
3 0.17833333333333334 0.5716666666666667 0.03958333333333333 0.058333333333333334
6 0.60875 0.9695833333333334 0.1275 0.060833333333333336
6 0.8883333333333333 0.9366666666666666 0.135 0.11666666666666667
6 0.525 0.9 0.07 0.2
6 0.7191666666666666 0.9483333333333334 0.11833333333333333 0.10333333333333333
6 0.9304166666666667 0.7820833333333334 0.13916666666666666 0.16583333333333333
6 0.8704166666666666 0.6625 0.235 0.19583333333333333