3 0.235546875 0.18640093786635403 0.108984375 0.050996483001172335
3 0.1578125 0.14947245017584995 0.0921875 0.04718640093786636
3 0.1296875 0.23182883939038687 0.0640625 0.04337631887456037
11 0.96875 0.05715123094958968 0.062109375 0.0668229777256741
11 0.90546875 0.17878077373974208 0.09453125 0.10609613130128957
11 0.83359375 0.28223915592028137 0.105078125 0.07473622508792498
11 0.79609375 0.2104337631887456 0.0859375 0.07473622508792498
11 0.819921875 0.13071512309495897 0.06640625 0.09056271981242672
11 0.790625 0.03927315357561548 0.06640625 0.06477139507620164
7 0.75546875 0.10814771395076202 0.06015625 0.07063305978898007
8 0.209375 0.6570926143024619 0.063671875 0.0641852286049238
1 0.497265625 0.9413833528722158 0.041796875 0.04718640093786636
1 0.61796875 0.5879249706916765 0.042578125 0.05041031652989449
3 0.933203125 0.7330011723329426 0.13359375 0.16705744431418523
3 0.867578125 0.563599062133646 0.15859375 0.15650644783118406
3 0.985546875 0.570926143024619 0.02890625 0.14419695193434937