3 0.3524390243902439 0.15932203389830507 0.21158536585365853 0.22627118644067798
3 0.1475609756097561 0.16271186440677965 0.09573170731707317 0.13389830508474576
3 0.2817073170731707 0.3864406779661017 0.09329268292682927 0.09830508474576272
3 0.35121951219512193 0.3550847457627119 0.06829268292682927 0.1211864406779661
3 0.30365853658536585 0.4788135593220339 0.11158536585365854 0.11440677966101695
3 0.24085365853658536 0.5440677966101695 0.08414634146341464 0.13389830508474576
3 0.4268292682926829 0.6177966101694915 0.14634146341463414 0.11694915254237288
3 0.26158536585365855 0.6796610169491526 0.09573170731707317 0.09830508474576272
6 0.8963414634146342 0.29491525423728815 0.2073170731707317 0.15254237288135594
6 0.6664634146341464 0.3042372881355932 0.2073170731707317 0.13559322033898305
6 0.8524390243902439 0.4915254237288136 0.1719512195121951 0.12542372881355932
6 0.6597560975609756 0.4059322033898305 0.19878048780487806 0.14745762711864407
6 0.8274390243902439 0.3864406779661017 0.17926829268292682 0.13050847457627118
6 0.5378048780487805 0.3686440677966102 0.07560975609756097 0.1576271186440678
11 0.018292682926829267 0.7822033898305085 0.036585365853658534 0.08305084745762711
11 0.1073170731707317 0.8593220338983051 0.08902439024390243 0.1288135593220339
11 0.401219512195122 0.9313559322033899 0.07073170731707316 0.09491525423728814
2 0.6817073170731708 0.7745762711864407 0.03536585365853658 0.07288135593220339
9 0.8097560975609757 0.8516949152542372 0.046341463414634146 0.07966101694915254
8 0.7292682926829268 0.9796610169491525 0.04390243902439024 0.04067796610169491
8 0.7542682926829268 0.823728813559322 0.032926829268292684 0.05593220338983051
8 0.5798780487804878 0.8169491525423729 0.04878048780487805 0.061016949152542375
8 0.6902439024390243 0.8669491525423729 0.042682926829268296 0.05593220338983051
9 0.8615853658536585 0.8152542372881356 0.042682926829268296 0.0576271186440678
7 0.8567073170731707 0.7533898305084745 0.04024390243902439 0.04915254237288136
7 0.7774390243902439 0.8593220338983051 0.036585365853658534 0.05593220338983051
7 0.6609756097560976 0.9796610169491525 0.036585365853658534 0.04067796610169491
7 0.8189024390243902 0.7830508474576271 0.025609756097560974 0.03728813559322034
7 0.8036585365853659 0.738135593220339 0.02926829268292683 0.01864406779661017
7 0.8292682926829268 0.9533898305084746 0.04390243902439024 0.0423728813559322
7 0.7554878048780488 0.8830508474576271 0.032926829268292684 0.0423728813559322
7 0.7286585365853658 0.8533898305084746 0.02926829268292683 0.0423728813559322