3 0.390625 0.0976890756302521 0.125 0.18277310924369747
3 0.6168478260869565 0.22794117647058823 0.11752717391304347 0.1869747899159664
3 0.4116847826086957 0.27415966386554624 0.09510869565217392 0.10084033613445378
3 0.21467391304347827 0.148109243697479 0.13654891304347827 0.1869747899159664
3 0.328125 0.26260504201680673 0.13654891304347827 0.23214285714285715
5 0.7635869565217391 0.4170168067226891 0.16847826086956522 0.11974789915966387
5 0.7099184782608695 0.37184873949579833 0.06114130434782609 0.1134453781512605
1 0.4898097826086957 0.8455882352941176 0.08967391304347826 0.06407563025210083
1 0.5 0.7762605042016807 0.07540760869565218 0.0546218487394958
1 0.657608695652174 0.7752100840336135 0.043478260869565216 0.06827731092436974
1 0.05298913043478261 0.5756302521008403 0.07540760869565218 0.06722689075630252
1 0.19904891304347827 0.9779411764705882 0.10461956521739131 0.04411764705882353
0 0.30502717391304346 0.9548319327731093 0.13790760869565216 0.08928571428571429
0 0.39266304347826086 0.7804621848739496 0.06861413043478261 0.09453781512605042
0 0.468070652173913 0.6995798319327731 0.08491847826086957 0.08718487394957983
0 0.5244565217391305 0.6186974789915967 0.12364130434782608 0.11554621848739496
0 0.5774456521739131 0.7100840336134454 0.07336956521739131 0.09663865546218488
0 0.3077445652173913 0.582983193277311 0.11684782608695653 0.07878151260504201
0 0.3648097826086957 0.6691176470588235 0.10801630434782608 0.08403361344537816
0 0.13790760869565216 0.5262605042016807 0.078125 0.06197478991596639
0 0.11480978260869565 0.6817226890756303 0.08695652173913043 0.07352941176470588
0 0.16304347826086957 0.7804621848739496 0.08016304347826086 0.06512605042016807
6 0.9286684782608695 0.6134453781512605 0.07472826086956522 0.13025210084033614