3 0.23625 0.356875 0.06375 0.13625
3 0.24625 0.2425 0.06625 0.108125
3 0.165 0.276875 0.058125 0.07125
3 0.105625 0.453125 0.068125 0.11125
3 0.170625 0.38625 0.058125 0.105
7 0.595 0.115 0.08125 0.0575
7 0.6975 0.073125 0.065 0.06625
7 0.665625 0.23 0.04875 0.05375
7 0.479375 0.1225 0.07 0.05875
7 0.9375 0.210625 0.0575 0.06875
11 0.88625 0.563125 0.04875 0.05
11 0.945 0.513125 0.04875 0.04375
11 0.933125 0.435 0.03875 0.04
11 0.66125 0.5125 0.05375 0.035
11 0.740625 0.556875 0.03875 0.0425
11 0.46875 0.614375 0.065 0.0425
11 0.805625 0.02375 0.0725 0.045
11 0.623125 0.46 0.04125 0.04625
11 0.27375 0.86375 0.01875 0.03875
3 0.269375 0.698125 0.0725 0.115625
3 0.153125 0.91875 0.058125 0.076875
3 0.21625 0.711875 0.025 0.045
3 0.095 0.791875 0.02875 0.06
3 0.085625 0.895 0.045 0.100625
3 0.12875 0.80625 0.0375 0.094375
3 0.173125 0.780625 0.0525 0.070625
3 0.029375 0.9625 0.02875 0.05375
9 0.89875 0.84875 0.0725 0.09875
11 0.683125 0.956875 0.05125 0.0725