3 0.0913978494623656 0.09970674486803519 0.1324535679374389 0.13049853372434017
3 0.22238514173998045 0.093841642228739 0.059628543499511244 0.07844574780058651
3 0.13929618768328444 0.23460410557184752 0.059628543499511244 0.05571847507331378
3 0.09530791788856305 0.21700879765395895 0.042033235581622676 0.07331378299120235
3 0.12805474095796676 0.2903225806451613 0.06989247311827956 0.06524926686217009
3 0.16862170087976538 0.3277126099706745 0.05229716520039101 0.07844574780058651
3 0.04936461388074291 0.38049853372434017 0.09579667644183773 0.06524926686217009
3 0.15786901270772238 0.41055718475073316 0.059628543499511244 0.05865102639296188
9 0.5689149560117303 0.4010263929618768 0.2404692082111437 0.07771260997067449
9 0.6397849462365591 0.11510263929618768 0.16129032258064516 0.23020527859237536
1 0.10948191593352884 0.8269794721407625 0.03763440860215054 0.08944281524926687
1 0.27468230694037143 0.6642228739002932 0.024926686217008796 0.09604105571847507
1 0.17888563049853373 0.7082111436950147 0.02737047898338221 0.06378299120234604
1 0.16911045943304007 0.8071847507331378 0.02737047898338221 0.09750733137829912
1 0.05180840664711633 0.7060117302052786 0.03714565004887586 0.09310850439882698
1 0.20234604105571846 0.6077712609970675 0.024437927663734114 0.09604105571847507
1 0.0801564027370479 0.9046920821114369 0.022482893450635387 0.04472140762463343
6 0.10361681329423265 0.9112903225806451 0.016129032258064516 0.041788856304985335
1 0.5620723362658846 0.6788856304985337 0.11925708699902249 0.09310850439882698
1 0.6832844574780058 0.5733137829912024 0.15249266862170088 0.07038123167155426
1 0.6813294232649071 0.48533724340175954 0.07282502443792767 0.05498533724340176
1 0.7658846529814272 0.6348973607038123 0.06647116324535679 0.0593841642228739
1 0.873900293255132 0.6678885630498533 0.08944281524926687 0.045454545454545456
1 0.8421309872922776 0.7316715542521994 0.07624633431085044 0.047653958944281524
1 0.7111436950146628 0.7155425219941349 0.06304985337243402 0.04985337243401759
1 0.5386119257086999 0.7565982404692082 0.056207233626588464 0.06158357771260997
1 0.6515151515151515 0.7976539589442815 0.09628543499511241 0.06158357771260997