3 0.19552058111380144 0.1501766784452297 0.3904358353510896 0.21201413427561838
3 0.6168280871670703 0.26148409893992935 0.2845036319612591 0.14575971731448764
3 0.3698547215496368 0.32597173144876324 0.2397094430992736 0.12632508833922262
3 0.7076271186440678 0.35335689045936397 0.2845036319612591 0.17314487632508835
1 0.5242130750605327 0.18286219081272084 0.2947941888619855 0.15371024734982333
1 0.5090799031476998 0.08215547703180212 0.2947941888619855 0.15106007067137808
7 0.9891041162227603 0.3586572438162544 0.021791767554479417 0.1166077738515901
0 0.910411622276029 0.5220848056537103 0.05811138014527845 0.07243816254416961
0 0.9667070217917676 0.2252650176678445 0.04721549636803874 0.07420494699646643
11 0.912227602905569 0.15724381625441697 0.04600484261501211 0.0636042402826855
6 0.3093220338983051 0.6819787985865724 0.18704600484261502 0.1704946996466431
6 0.46973365617433416 0.6086572438162544 0.16162227602905568 0.09982332155477032
6 0.4782082324455206 0.7067137809187279 0.09987893462469734 0.07243816254416961
6 0.36319612590799033 0.8277385159010601 0.08716707021791767 0.09275618374558305
6 0.2675544794188862 0.808303886925795 0.09987893462469734 0.09098939929328621
6 0.3880145278450363 0.9664310954063604 0.11682808716707022 0.06713780918727916
6 0.5320823244552058 0.8374558303886925 0.07203389830508475 0.05653710247349823
6 0.44854721549636806 0.8630742049469965 0.07445520581113801 0.05653710247349823
6 0.5569007263922519 0.6996466431095406 0.08292978208232446 0.0706713780918728
6 0.6004842615012107 0.5821554770318021 0.06598062953995157 0.046819787985865724
6 0.673728813559322 0.5971731448763251 0.06174334140435835 0.053003533568904596
6 0.6180387409200968 0.6439929328621908 0.09140435835351089 0.0803886925795053
6 0.7306295399515739 0.6625441696113075 0.059322033898305086 0.054770318021201414
6 0.4927360774818402 0.9487632508833922 0.07203389830508475 0.06007067137809187
6 0.2772397094430993 0.9037102473498233 0.10411622276029056 0.08392226148409894
6 0.07324455205811138 0.7791519434628975 0.059322033898305086 0.053003533568904596
6 0.22397094430992737 0.8939929328621908 0.053268765133171914 0.045053003533568906
6 0.4854721549636804 0.6607773851590106 0.07203389830508475 0.053003533568904596
6 0.4322033898305085 0.6740282685512368 0.05750605326876514 0.05123674911660778
6 0.6035108958837773 0.7906360424028268 0.08050847457627118 0.061837455830388695
6 0.30811138014527845 0.7455830388692579 0.09564164648910412 0.0803886925795053