3 0.4319371727748691 0.2941014332965821 0.22156116135173726 0.21719955898566704
3 0.36744407425035697 0.06091510474090408 0.13898143741075678 0.12183020948180816
3 0.20038077106139934 0.19873208379272325 0.21346977629700142 0.24917309812568908
8 0.7170395049976201 0.2464167585446527 0.05283198476915754 0.06477398015435501
11 0.8115183246073299 0.07938257993384785 0.023798191337458353 0.037486218302094816
1 0.7444074250356972 0.44432194046306506 0.03046168491194669 0.03555678059536935
6 0.8962398857686816 0.26626240352811464 0.03212755830556878 0.0344542447629548
7 0.6487386958591147 0.3131201764057332 0.07972394098048548 0.09454244762954796
8 0.6385054735840077 0.1582138919514884 0.05663969538315088 0.06229327453142227
5 0.28891004283674443 0.6612458654906285 0.14945264159923846 0.12348401323042998
5 0.36696811042360783 0.9699558985667034 0.11613517372679677 0.060088202866593166
8 0.5495002379819134 0.8324145534729879 0.020466444550214184 0.06063947078280044
7 0.009281294621608758 0.8351708930540243 0.018562589243217516 0.07717750826901874
7 0.31413612565445026 0.9104189636163176 0.06901475487862922 0.07166482910694598
7 0.4604950023798191 0.7866593164277839 0.08329366968110423 0.09977949283351709
7 0.314850071394574 0.5600882028665931 0.1199428843407901 0.11080485115766263
5 0.6863398381722989 0.762954796030871 0.04712041884816754 0.06284454244762955
5 0.7125178486435031 0.7251929437706726 0.044264635887672536 0.06339581036383682
5 0.6175630652070443 0.7384233737596472 0.034745359352689194 0.06725468577728776
5 0.900523560209424 0.6146637265711136 0.03998096144693003 0.034729878721058434
5 0.9059971442170395 0.6521499448732084 0.03093764873869586 0.037486218302094816
5 0.8781532603522132 0.6764057331863286 0.03236554021894336 0.03858875413450937
5 0.9178962398857686 0.6888092613009923 0.04140885292717753 0.044101433296582136
5 0.9440742503569729 0.63561190738699 0.054259876249405044 0.07552370452039692
5 0.9521656354117087 0.7025909592061742 0.03807710613993336 0.05292171995589857
5 0.9609709662065683 0.7770121278941565 0.028081865778200855 0.037486218302094816
5 0.9062351261304141 0.7764608599779493 0.07234650166587339 0.07772877618522601
5 0.8488814850071394 0.7260198456449835 0.049976201808662545 0.041345093715545754
5 0.7846263683960019 0.7505512679162073 0.05759162303664921 0.06174200661521499
5 0.7560685387910518 0.8164277839029769 0.026653974297953357 0.03031973539140022
5 0.6939552594002856 0.8337927232635061 0.041884816753926704 0.03583241455347299
5 0.5890052356020943 0.8031973539140022 0.03426939552594003 0.03914002205071665
5 0.9838172298905283 0.8009922822491731 0.03236554021894336 0.04299889746416759
5 0.7303664921465969 0.8704520396912899 0.062351261304140884 0.047409040793825796
5 0.6270823417420276 0.9242006615214995 0.03426939552594003 0.03252480705622933