11 0.11368778280542986 0.2989601386481802 0.03733031674208145 0.047660311958405546
3 0.08653846153846154 0.11871750433275563 0.13970588235294118 0.14731369150779897
3 0.33597285067873306 0.2989601386481802 0.11029411764705882 0.09965337954939342
3 0.18382352941176472 0.10658578856152513 0.04920814479638009 0.05719237435008666
3 0.4095022624434389 0.13518197573656845 0.057126696832579184 0.07365684575389948
3 0.4479638009049774 0.24176776429809357 0.09049773755656108 0.12131715771230503
3 0.3557692307692308 0.1663778162911612 0.07635746606334842 0.11351819757365685
3 0.27205882352941174 0.16031195840554593 0.1001131221719457 0.09012131715771231
3 0.5599547511312217 0.28682842287694976 0.057126696832579184 0.06672443674176777
11 0.8789592760180995 0.3804159445407279 0.042986425339366516 0.036395147313691506
5 0.9513574660633484 0.15077989601386482 0.08257918552036199 0.09358752166377816
9 0.6210407239819005 0.05979202772963605 0.06334841628959276 0.1195840554592721
9 0.7160633484162896 0.011265164644714038 0.08823529411764706 0.022530329289428077
9 0.8286199095022625 0.024263431542461005 0.10294117647058823 0.04852686308492201
5 0.9547511312217195 0.27469670710571925 0.09049773755656108 0.11265164644714037
9 0.9106334841628959 0.15771230502599654 0.05090497737556561 0.12998266897746968
9 0.9259049773755657 0.011265164644714038 0.06900452488687783 0.022530329289428077
9 0.9406108597285068 0.38648180242634317 0.07805429864253394 0.024263431542461005
7 0.8127828054298643 0.2850953206239168 0.042986425339366516 0.058925476603119586
7 0.8235294117647058 0.23050259965337955 0.04072398190045249 0.06759098786828423
9 0.8614253393665159 0.18110918544194107 0.049773755656108594 0.07105719237435008
9 0.8495475113122172 0.11178509532062392 0.04072398190045249 0.07105719237435008
7 0.6023755656108597 0.3431542461005199 0.026018099547511313 0.07972270363951472
9 0.9898190045248869 0.33535528596187175 0.020361990950226245 0.10571923743500866
8 0.08710407239819004 0.5849220103986135 0.0667420814479638 0.09012131715771231
7 0.006787330316742082 0.8743500866551126 0.013574660633484163 0.08492201039861352
7 0.2239819004524887 0.5597920277296361 0.06561085972850679 0.09012131715771231
7 0.15441176470588236 0.48180242634315423 0.05656108597285068 0.09878682842287695
7 0.38461538461538464 0.6594454072790294 0.09615384615384616 0.1681109185441941
7 0.4321266968325792 0.9696707105719238 0.06787330316742081 0.060658578856152515
7 0.10520361990950226 0.912478336221837 0.0757918552036199 0.10051993067590988
11 0.33597285067873306 0.8778162911611785 0.09728506787330317 0.1022530329289428
11 0.16346153846153846 0.8596187175043327 0.05203619909502263 0.07625649913344887
11 0.10350678733031674 0.7530329289428076 0.042986425339366516 0.08145580589254767
11 0.20531674208144796 0.7348353552859619 0.04411764705882353 0.06239168110918544
11 0.14536199095022626 0.6239168110918544 0.05090497737556561 0.06239168110918544
11 0.37047511312217196 0.9792027729636048 0.048642533936651584 0.0415944540727903
11 0.3156108597285068 0.962738301559792 0.02828054298642534 0.07452339688041594
11 0.4513574660633484 0.5355285961871751 0.058823529411764705 0.09532062391681109
11 0.3042986425339366 0.5251299826689775 0.06447963800904978 0.08838821490467938
11 0.11877828054298642 0.988734835355286 0.06334841628959276 0.022530329289428077
11 0.03167420814479638 0.43154246100519933 0.058823529411764705 0.0658578856152513
11 0.19683257918552036 0.9688041594454073 0.06561085972850679 0.06239168110918544
11 0.4983031674208145 0.8717504332755632 0.05203619909502263 0.09012131715771231
11 0.48981900452488686 0.7157712305025996 0.05429864253393665 0.12824956672443674
11 0.4264705882352941 0.7963604852686309 0.03619909502262444 0.07452339688041594
11 0.47228506787330315 0.4679376083188908 0.06334841628959276 0.12131715771230503
9 0.2754524886877828 0.6499133448873483 0.04751131221719457 0.0658578856152513
9 0.35407239819004527 0.7720970537261699 0.03619909502262444 0.08145580589254767
8 0.7437782805429864 0.8838821490467937 0.04524886877828054 0.1386481802426343
8 0.7980769230769231 0.8734835355285961 0.04242081447963801 0.08145580589254767
8 0.7239819004524887 0.6282495667244368 0.033936651583710405 0.08752166377816291
0 0.8399321266968326 0.7521663778162911 0.04638009049773756 0.1169844020797227
9 0.7658371040723982 0.5433275563258232 0.058823529411764705 0.1265164644714038
4 0.9683257918552036 0.7157712305025996 0.04638009049773756 0.09618717504332755
7 0.7969457013574661 0.6568457538994801 0.03167420814479638 0.07192374350086655
7 0.669683257918552 0.5719237435008665 0.026018099547511313 0.05979202772963605