3 0.2011111111111111 0.23833333333333334 0.2872222222222222 0.12277777777777778
3 0.435 0.08611111111111111 0.08 0.105
3 0.19055555555555556 0.022222222222222223 0.09222222222222222 0.044444444444444446
3 0.14166666666666666 0.11555555555555555 0.18444444444444444 0.14944444444444444
3 0.24722222222222223 0.15833333333333333 0.13555555555555557 0.115
2 0.9466666666666667 0.20166666666666666 0.10666666666666667 0.19666666666666666
8 0.49166666666666664 0.2361111111111111 0.023333333333333334 0.11444444444444445
8 0.15388888888888888 0.67 0.09944444444444445 0.125
9 0.08888888888888889 0.3844444444444444 0.08444444444444445 0.165
7 0.02388888888888889 0.8611111111111112 0.04777777777777778 0.13333333333333333
7 0.20666666666666667 0.5361111111111111 0.07833333333333334 0.1338888888888889
9 0.10722222222222222 0.5116666666666667 0.09055555555555556 0.14277777777777778
9 0.5705555555555556 0.8683333333333333 0.04611111111111111 0.11
9 0.5666666666666667 0.5533333333333333 0.04 0.09333333333333334
9 0.6633333333333333 0.9266666666666666 0.04777777777777778 0.08333333333333333
9 0.6194444444444445 0.8633333333333333 0.04777777777777778 0.12
8 0.6844444444444444 0.4633333333333333 0.04 0.09333333333333334
4 0.5305555555555556 0.47 0.029444444444444443 0.08666666666666667
4 0.9122222222222223 0.6133333333333333 0.03277777777777778 0.08333333333333333
1 0.8238888888888889 0.63 0.03888888888888889 0.11
7 0.8838888888888888 0.43666666666666665 0.050555555555555555 0.10333333333333333
6 0.7083333333333334 0.395 0.03277777777777778 0.07333333333333333
0 0.8327777777777777 0.815 0.052222222222222225 0.12