11 0.09133333333333334 0.2368888888888889 0.035333333333333335 0.052444444444444446
3 0.11766666666666667 0.059111111111111114 0.13433333333333333 0.11777777777777777
3 0.28833333333333333 0.3431111111111111 0.10633333333333334 0.11244444444444444
3 0.20733333333333334 0.072 0.04666666666666667 0.06266666666666666
3 0.4003333333333333 0.208 0.056 0.08133333333333333
3 0.4033333333333333 0.3377777777777778 0.08766666666666667 0.136
3 0.3433333333333333 0.21466666666666667 0.07266666666666667 0.12577777777777777
3 0.27066666666666667 0.1688888888888889 0.097 0.10222222222222223
3 0.49 0.42044444444444445 0.054 0.03911111111111111
8 0.8613333333333333 0.2848888888888889 0.043333333333333335 0.07155555555555555
7 0.713 0.18044444444444444 0.04633333333333333 0.08222222222222222
8 0.8716666666666667 0.13644444444444445 0.028333333333333332 0.05288888888888889
8 0.7896666666666666 0.24133333333333334 0.04766666666666667 0.08488888888888889
2 0.6203333333333333 0.08355555555555555 0.04033333333333333 0.06088888888888889
2 0.7733333333333333 0.11644444444444445 0.058333333333333334 0.08222222222222222
7 0.9023333333333333 0.2 0.03266666666666666 0.05555555555555555
5 0.16766666666666666 0.6955555555555556 0.068 0.10311111111111111
5 0.20266666666666666 0.7582222222222222 0.064 0.104
5 0.07033333333333333 0.7306666666666667 0.051333333333333335 0.11022222222222222
5 0.4613333333333333 0.9484444444444444 0.05733333333333333 0.058666666666666666
5 0.4703333333333333 0.888 0.044 0.06222222222222222
5 0.43233333333333335 0.8475555555555555 0.04666666666666667 0.064
5 0.4886666666666667 0.8297777777777777 0.059333333333333335 0.07288888888888889
5 0.5216666666666666 0.9177777777777778 0.07666666666666666 0.12355555555555556
5 0.5346666666666666 0.8097777777777778 0.050666666666666665 0.08711111111111111
5 0.546 0.6902222222222222 0.028 0.06133333333333333
5 0.476 0.688 0.104 0.1288888888888889
5 0.3933333333333333 0.7653333333333333 0.07133333333333333 0.06933333333333333
5 0.30466666666666664 0.7222222222222222 0.082 0.10222222222222223
5 0.26766666666666666 0.6137777777777778 0.038 0.049777777777777775
5 0.18133333333333335 0.5817777777777777 0.06 0.059555555555555556
5 0.033 0.6244444444444445 0.04933333333333333 0.06488888888888888
5 0.234 0.5253333333333333 0.08866666666666667 0.08
5 0.09166666666666666 0.4493333333333333 0.048666666666666664 0.018666666666666668
8 0.828 0.7168888888888889 0.045 0.09777777777777778