11 0.5157618213660246 0.3907721280602637 0.042907180385288964 0.06120527306967985
3 0.5595446584938704 0.17325800376647835 0.16024518388791595 0.19491525423728814
3 0.27057793345008757 0.3615819209039548 0.12521891418563924 0.1337099811676083
3 0.45446584938704027 0.14689265536723164 0.05604203152364273 0.07250470809792843
3 0.2031523642732049 0.15160075329566855 0.06742556917688267 0.096045197740113
3 0.15411558669001751 0.2787193973634652 0.10595446584938704 0.15725047080979285
3 0.2609457092819615 0.1967984934086629 0.09106830122591944 0.1431261770244821
3 0.35288966725043786 0.19962335216572505 0.11471103327495621 0.11958568738229755
3 0.028896672504378284 0.3163841807909605 0.05779334500875657 0.08662900188323917
1 0.7311733800350263 0.0583804143126177 0.1628721541155867 0.1167608286252354
1 0.6970227670753065 0.2768361581920904 0.09457092819614711 0.17325800376647835
1 0.9483362521891419 0.3531073446327684 0.10332749562171628 0.1111111111111111
1 0.8817863397548161 0.17231638418079095 0.1190893169877408 0.1167608286252354
8 0.43782837127845886 0.8549905838041432 0.0893169877408056 0.09416195856873823
7 0.3380035026269702 0.7015065913370998 0.0893169877408056 0.0847457627118644
7 0.28283712784588444 0.748587570621469 0.09807355516637478 0.08286252354048965
7 0.5796847635726795 0.7269303201506592 0.1138353765323993 0.1374764595103578
7 0.17425569176882663 0.6610169491525424 0.11733800350262696 0.09416195856873823