3 0.2816666666666667 0.1456262425447316 0.22366666666666668 0.2912524850894632
3 0.28633333333333333 0.3871769383697813 0.196 0.34592445328031807
8 0.7936666666666666 0.5357852882703777 0.05733333333333333 0.12972166998011928
8 0.6333333333333333 0.42147117296222664 0.042333333333333334 0.08846918489065607
7 0.6773333333333333 0.31660039761431413 0.037 0.08200795228628231
7 0.89 0.45974155069582506 0.035333333333333335 0.10089463220675944
7 0.6183333333333333 0.22813121272365805 0.04 0.139662027833002
8 0.7143333333333334 0.31262425447316106 0.021333333333333333 0.055666003976143144
8 0.701 0.352882703777336 0.02666666666666667 0.07007952286282307
8 0.251 0.9105367793240556 0.024 0.03479125248508946
8 0.297 0.7718687872763419 0.023333333333333334 0.04970178926441352
11 0.25833333333333336 0.7470178926441352 0.024666666666666667 0.04771371769383698
9 0.29433333333333334 0.841948310139165 0.034 0.0536779324055666
0 0.34933333333333333 0.9209741550695825 0.02666666666666667 0.042743538767395624
0 0.244 0.9662027833001988 0.034666666666666665 0.040755467196819085
1 0.3006666666666667 0.9681908548707754 0.028 0.040755467196819085
5 0.7323333333333333 0.8598409542743539 0.414 0.2803180914512923