3 0.24377828054298642 0.16032608695652173 0.2907239819004525 0.23731884057971014
3 0.3093891402714932 0.36684782608695654 0.24660633484162897 0.26902173913043476
3 0.8670814479638009 0.28532608695652173 0.11199095022624435 0.1431159420289855
3 0.7709276018099548 0.35688405797101447 0.10520361990950226 0.1793478260869565
3 0.8478506787330317 0.47554347826086957 0.11538461538461539 0.1503623188405797
3 0.7494343891402715 0.4891304347826087 0.08257918552036199 0.11231884057971014
3 0.8970588235294118 0.529891304347826 0.16176470588235295 0.17572463768115942
3 0.9558823529411765 0.391304347826087 0.06900452488687783 0.13405797101449277
3 0.6990950226244343 0.4963768115942029 0.038461538461538464 0.14130434782608695
3 0.7245475113122172 0.13949275362318841 0.08936651583710407 0.14130434782608695
11 0.33088235294117646 0.7527173913043478 0.05995475113122172 0.07789855072463768
5 0.4824660633484163 0.7146739130434783 0.08257918552036199 0.09601449275362318
9 0.12895927601809956 0.6648550724637681 0.03167420814479638 0.050724637681159424
9 0.6023755656108597 0.8804347826086957 0.10180995475113122 0.10869565217391304
5 0.26187782805429866 0.9592391304347826 0.08484162895927602 0.08152173913043478
5 0.2754524886877828 0.6847826086956522 0.08257918552036199 0.09057971014492754
5 0.18891402714932126 0.6947463768115942 0.11990950226244344 0.1105072463768116
9 0.5226244343891403 0.7092391304347826 0.049773755656108594 0.13405797101449277
9 0.505656108597285 0.8931159420289855 0.06900452488687783 0.08695652173913043
7 0.6108597285067874 0.654891304347826 0.04072398190045249 0.030797101449275364
9 0.5723981900452488 0.6856884057971014 0.049773755656108594 0.07246376811594203
9 0.5831447963800905 0.7581521739130435 0.04072398190045249 0.07427536231884058
7 0.9790723981900452 0.9764492753623188 0.0418552036199095 0.04710144927536232