3 0.1152439024390244 0.08949416342412451 0.2121951219512195 0.12159533073929961
3 0.32682926829268294 0.23540856031128404 0.14329268292682926 0.08365758754863813
3 0.1902439024390244 0.25486381322957197 0.11951219512195121 0.07295719844357977
3 0.3676829268292683 0.3229571984435798 0.15060975609756097 0.10603112840466926
1 0.2896341463414634 0.16245136186770429 0.1469512195121951 0.09046692607003891
1 0.29573170731707316 0.08073929961089495 0.1469512195121951 0.08852140077821012
8 0.8695121951219512 0.17412451361867703 0.042682926829268296 0.07003891050583658
8 0.699390243902439 0.23638132295719844 0.0524390243902439 0.10505836575875487
8 0.6030487804878049 0.23054474708171208 0.03170731707317073 0.07782101167315175
8 0.5615853658536586 0.13813229571984437 0.03536585365853658 0.058365758754863814
8 0.7804878048780488 0.15369649805447472 0.036585365853658534 0.06809338521400778
2 0.6615853658536586 0.14396887159533073 0.06585365853658537 0.0914396887159533
1 0.7353658536585366 0.053501945525291826 0.07317073170731707 0.06420233463035019
1 0.7457317073170732 0.36770428015564205 0.04390243902439024 0.06420233463035019
11 0.9554878048780487 0.18968871595330739 0.03902439024390244 0.05058365758754864
8 0.5670731707317073 0.1867704280155642 0.03536585365853658 0.06420233463035019
11 0.8390243902439024 0.26264591439688717 0.046341463414634146 0.07392996108949416
9 0.41341463414634144 0.5933852140077821 0.0524390243902439 0.10311284046692606
9 0.20792682926829267 0.730544747081712 0.07195121951219512 0.10700389105058365
9 0.25 0.8891050583657587 0.07682926829268293 0.07587548638132295
9 0.3524390243902439 0.6439688715953308 0.06585365853658537 0.1556420233463035
1 0.10975609756097561 0.6186770428015564 0.05121951219512195 0.10505836575875487
11 0.12439024390243902 0.7928015564202334 0.042682926829268296 0.10505836575875487
8 0.349390243902439 0.9542801556420234 0.04024390243902439 0.07198443579766536
8 0.4164634146341463 0.45622568093385213 0.042682926829268296 0.013618677042801557
9 0.35304878048780486 0.7568093385214008 0.0975609756097561 0.08171206225680934
7 0.14146341463414633 0.8793774319066148 0.036585365853658534 0.05058365758754864
7 0.18292682926829268 0.8900778210116731 0.036585365853658534 0.04669260700389105
7 0.41341463414634144 0.8015564202334631 0.032926829268292684 0.05252918287937743
7 0.3445121951219512 0.8326848249027238 0.03414634146341464 0.04085603112840467
7 0.3067073170731707 0.8599221789883269 0.03902439024390244 0.058365758754863814
0 0.26097560975609757 0.7412451361867705 0.03902439024390244 0.06420233463035019
0 0.2676829268292683 0.8219844357976653 0.0524390243902439 0.07003891050583658
0 0.44146341463414634 0.5321011673151751 0.01707317073170732 0.08754863813229571
7 0.4817073170731707 0.48249027237354086 0.06341463414634146 0.06614785992217899
7 0.6932926829268292 0.6449416342412452 0.08414634146341464 0.1245136186770428
7 0.6158536585365854 0.4970817120622568 0.03902439024390244 0.0914396887159533
7 0.5292682926829269 0.4669260700389105 0.03414634146341464 0.03501945525291829
8 0.9176829268292683 0.6342412451361867 0.02926829268292683 0.048638132295719845
8 0.7640243902439025 0.5846303501945526 0.0524390243902439 0.06031128404669261
9 0.9585365853658536 0.6741245136186771 0.041463414634146344 0.07003891050583658