3 0.2875901132852729 0.4132337796086509 0.092173017507724 0.19799176107106076
3 0.453913491246138 0.27214212152420186 0.08650875386199794 0.20288362512873326
3 0.303038105046344 0.22270854788877445 0.06977342945417096 0.10890834191555097
3 0.157826982492276 0.3586508753861998 0.10066941297631309 0.20288362512873326
3 0.24150360453141093 0.2350669412976313 0.10066941297631309 0.25231719876416064
7 0.8231204943357363 0.4358908341915551 0.026519052523171986 0.05638516992790937
7 0.5870236869207003 0.12435633367662204 0.028836251287332648 0.0427394438722966
7 0.7754891864057673 0.36637487126673535 0.03733264675592173 0.046343975283213185
11 0.6570545829042225 0.09320288362512873 0.03398558187435633 0.0427394438722966
11 0.6408341915550978 0.17198764160659114 0.02368692070030896 0.03398558187435633
11 0.61302780638517 0.18125643666323377 0.02188465499485067 0.024459320288362514
11 0.5988671472708548 0.06874356333676622 0.023171987641606592 0.03012358393408857
11 0.6042739443872297 0.018537590113285273 0.02085478887744593 0.037075180226570546
11 0.6665808444902163 0.04196704428424305 0.02368692070030896 0.03398558187435633
11 0.92173017507724 0.40756951596292484 0.032183316168898045 0.030638516992790937
11 0.8578784757981462 0.41735324407826985 0.02420185375901133 0.03321318228630278
6 0.45648815653964986 0.6670957775489187 0.06797116374871266 0.06230690010298661
6 0.2883625128733265 0.6122554067971163 0.07518022657054584 0.05612770339855819
6 0.4783728115345005 0.7623583934088568 0.04325437693099897 0.11894953656024716
6 0.3895468589083419 0.6462409886714727 0.05252317198764161 0.09011328527291453
6 0.07698249227600412 0.7250257466529351 0.12564366632337795 0.12718846549948506
6 0.21472708547888775 0.6791967044284243 0.07157569515962925 0.09114315139031925
6 0.2106076210092688 0.7631307929969104 0.13285272914521112 0.09114315139031925
8 0.7824407826982492 0.90216271884655 0.07106076210092688 0.055612770339855816
7 0.6156024716786818 0.839340885684861 0.12358393408856849 0.11791967044284243
7 0.9456745623069001 0.9559732234809475 0.10144181256436663 0.08805355303810504