3 0.1590909090909091 0.2835218093699515 0.07954545454545454 0.14862681744749595
3 0.04338842975206612 0.12439418416801293 0.07747933884297521 0.1518578352180937
3 0.17200413223140495 0.14458804523424879 0.060950413223140494 0.0791599353796446
3 0.27169421487603307 0.29321486268174474 0.08677685950413223 0.1518578352180937
3 0.2190082644628099 0.1752827140549273 0.08677685950413223 0.18820678513731826
8 0.7040289256198347 0.14135702746365106 0.06611570247933884 0.1098546042003231
1 0.6022727272727273 0.327140549273021 0.07024793388429752 0.1050080775444265
1 0.5005165289256198 0.35379644588045234 0.06921487603305786 0.051696284329563816
3 0.20144628099173553 0.6211631663974152 0.06714876033057851 0.13570274636510501
3 0.40134297520661155 0.9458804523424879 0.03615702479338843 0.10823909531502424
3 0.3202479338842975 0.8982229402261712 0.07128099173553719 0.08239095315024232
3 0.315599173553719 0.5500807754442649 0.13326446280991736 0.13893376413570274
3 0.15289256198347106 0.40468497576736673 0.07024793388429752 0.050080775444264945
3 0.016012396694214875 0.6284329563812601 0.03202479338842975 0.10016155088852989
7 0.1962809917355372 0.9846526655896607 0.08057851239669421 0.030694668820678513
4 0.7696280991735537 0.7697899838449112 0.09349173553719008 0.1147011308562197
4 0.7598140495867769 0.8675282714054927 0.042871900826446284 0.051696284329563816
4 0.5619834710743802 0.6906300484652665 0.07696280991735537 0.11954765751211632
4 0.618801652892562 0.8045234248788369 0.05371900826446281 0.05977382875605816
4 0.9757231404958677 0.6526655896607432 0.035640495867768594 0.05815831987075929
4 0.6745867768595041 0.7302100161550888 0.05113636363636364 0.05331179321486268
9 0.6931818181818182 0.6494345718901454 0.06456611570247933 0.06623586429725363