3 0.342685370741483 0.18695652173913044 0.10220440881763528 0.11304347826086956
3 0.3727454909819639 0.26666666666666666 0.10420841683366733 0.0927536231884058
3 0.24949899799599198 0.2710144927536232 0.09018036072144289 0.06231884057971015
3 0.14128256513026052 0.16231884057971013 0.1062124248496994 0.09420289855072464
3 0.24348697394789579 0.18985507246376812 0.09218436873747494 0.08840579710144927
7 0.8176352705410822 0.17391304347826086 0.09418837675350701 0.1565217391304348
9 0.07515030060120241 0.5057971014492754 0.06212424849699399 0.05507246376811594
9 0.023046092184368736 0.5492753623188406 0.04609218436873747 0.10144927536231885
8 0.08917835671342686 0.9043478260869565 0.052104208416833664 0.0782608695652174
4 0.40080160320641284 0.7971014492753623 0.04208416833667335 0.07246376811594203
1 0.28256513026052105 0.7739130434782608 0.04809619238476954 0.0927536231884058
7 0.35771543086172347 0.9478260869565217 0.06613226452905811 0.08695652173913043
6 0.11923847695390781 0.9666666666666667 0.04208416833667335 0.06376811594202898
0 0.30060120240480964 0.6144927536231884 0.06613226452905811 0.10144927536231885
1 0.9478957915831663 0.6159420289855072 0.10420841683366733 0.2753623188405797
1 0.6953907815631263 0.7144927536231884 0.09018036072144289 0.13333333333333333
1 0.7134268537074149 0.8521739130434782 0.0841683366733467 0.1072463768115942
1 0.7354709418837675 0.9666666666666667 0.07615230460921844 0.06666666666666667
1 0.5410821643286573 0.9637681159420289 0.10420841683366733 0.07246376811594203
1 0.9278557114228457 0.9594202898550724 0.14428857715430862 0.08115942028985507
1 0.7845691382765531 0.663768115942029 0.09218436873747494 0.11304347826086956
1 0.8807615230460922 0.691304347826087 0.09819639278557114 0.14782608695652175