3 0.32781456953642385 0.19364599092284418 0.3054635761589404 0.09152798789712557
3 0.33774834437086093 0.07564296520423601 0.4461920529801324 0.11649016641452345
9 0.7483443708609272 0.046898638426626324 0.07947019867549669 0.09379727685325265
9 0.8956953642384106 0.14977307110438728 0.10430463576158941 0.07564296520423601
1 0.7152317880794702 0.2087745839636914 0.013245033112582781 0.06354009077155824
9 0.5463576158940397 0.5121028744326778 0.1291390728476821 0.13010590015128592
9 0.4014900662251656 0.4629349470499244 0.15562913907284767 0.1059001512859304
9 0.5091059602649006 0.2927382753403933 0.15397350993377484 0.08623298033282904
9 0.34602649006622516 0.7193645990922845 0.1423841059602649 0.15128593040847202
9 0.5190397350993378 0.850983358547655 0.07947019867549669 0.2314674735249622
8 0.1216887417218543 0.7556732223903178 0.10264900662251655 0.08925869894099848
8 0.47019867549668876 0.8835098335854765 0.06622516556291391 0.08472012102874432
0 0.6647350993377483 0.4606656580937973 0.08774834437086093 0.09228441754916793
0 0.6158940397350994 0.7859304084720121 0.09768211920529801 0.10136157337367625
0 0.29304635761589404 0.5302571860816944 0.06456953642384106 0.05143721633888049
0 0.33112582781456956 0.283661119515885 0.10264900662251655 0.06505295007564296
0 0.1630794701986755 0.6459909228441755 0.16556291390728478 0.09682299546142209
7 0.7259933774834437 0.5347957639939486 0.0347682119205298 0.08623298033282904
7 0.7872516556291391 0.5090771558245083 0.0380794701986755 0.1157337367624811
7 0.9809602649006622 0.7670196671709532 0.03228476821192053 0.09379727685325265
7 0.9354304635761589 0.6989409984871406 0.026490066225165563 0.09001512859304085
7 0.8261589403973509 0.8199697428139183 0.03228476821192053 0.10816944024205749
7 0.8791390728476821 0.5506807866868382 0.0380794701986755 0.0832072617246596
8 0.9428807947019867 0.6051437216338881 0.0380794701986755 0.09001512859304085