0 0.3684895833333333 0.29074074074074074 0.04114583333333333 0.08009259259259259
0 0.2591145833333333 0.33194444444444443 0.034895833333333334 0.0712962962962963
0 0.203125 0.26157407407407407 0.035416666666666666 0.06481481481481481
6 0.18046875 0.38564814814814813 0.0328125 0.0875
6 0.37005208333333334 0.5481481481481482 0.035416666666666666 0.04259259259259259
6 0.11822916666666666 0.18287037037037038 0.01953125 0.03981481481481482
3 0.20546875 0.6416666666666667 0.0328125 0.03518518518518519
3 0.22057291666666667 0.5398148148148149 0.04453125 0.06481481481481481
3 0.2708333333333333 0.5643518518518519 0.03411458333333333 0.06388888888888888
3 0.11848958333333333 0.4726851851851852 0.041666666666666664 0.05138888888888889
3 0.11588541666666667 0.5476851851851852 0.02421875 0.056018518518518516
3 0.24713541666666666 0.4449074074074074 0.040364583333333336 0.08981481481481482
3 0.20729166666666668 0.475 0.029166666666666667 0.0712962962962963
3 0.4315104166666667 0.4162037037037037 0.027864583333333335 0.0824074074074074
3 0.3299479166666667 0.5537037037037037 0.02421875 0.046296296296296294
3 0.23411458333333332 0.17962962962962964 0.03619791666666667 0.0763888888888889
3 0.29140625 0.1986111111111111 0.0375 0.0912037037037037
3 0.35651041666666666 0.6050925925925926 0.03828125 0.05
3 0.19817708333333334 0.15092592592592594 0.03697916666666667 0.0587962962962963
5 0.5760416666666667 0.39814814814814814 0.17291666666666666 0.20185185185185187
5 0.8028645833333333 0.32916666666666666 0.1421875 0.20092592592592592
5 0.7817708333333333 0.12268518518518519 0.1265625 0.19907407407407407
9 0.24401041666666667 0.7148148148148148 0.06067708333333333 0.023148148148148147
9 0.20833333333333334 0.7379629629629629 0.055989583333333336 0.023148148148148147
8 0.05286458333333333 0.8842592592592593 0.04973958333333333 0.03333333333333333
8 0.26666666666666666 0.8023148148148148 0.05286458333333333 0.02546296296296296
8 0.25494791666666666 0.8532407407407407 0.04973958333333333 0.032407407407407406
7 0.10651041666666666 0.7944444444444444 0.06536458333333334 0.03935185185185185
7 0.20520833333333333 0.8592592592592593 0.06067708333333333 0.03935185185185185
7 0.2565104166666667 0.7708333333333334 0.06067708333333333 0.02824074074074074
8 0.6513020833333333 0.8819444444444444 0.05026041666666667 0.05740740740740741
7 0.821875 0.7976851851851852 0.05546875 0.06342592592592593
8 0.6375 0.7680555555555556 0.0328125 0.0412037037037037
8 0.73359375 0.8458333333333333 0.05546875 0.06574074074074074
2 0.928125 0.7199074074074074 0.046614583333333334 0.04722222222222222
2 0.7518229166666667 0.7486111111111111 0.06744791666666666 0.06574074074074074
7 0.6028645833333334 0.8171296296296297 0.03802083333333333 0.04537037037037037