3 0.23045267489711935 0.4177570093457944 0.2393689986282579 0.17009345794392525
3 0.257201646090535 0.23457943925233646 0.19958847736625515 0.202803738317757
11 0.9176954732510288 0.04579439252336449 0.07681755829903979 0.09158878504672897
11 0.8786008230452675 0.24485981308411214 0.10631001371742113 0.1485981308411215
11 0.8237311385459534 0.4205607476635514 0.12551440329218108 0.10093457943925234
11 0.7537722908093278 0.3299065420560748 0.10150891632373114 0.10093457943925234
11 0.7551440329218106 0.2046728971962617 0.07407407407407407 0.1308411214953271
11 0.6893004115226338 0.08037383177570094 0.07681755829903979 0.09252336448598131
7 0.6680384087791496 0.19345794392523363 0.06858710562414266 0.10093457943925234
3 0.33058984910836764 0.9448598130841122 0.3100137174211248 0.1102803738317757
3 0.46776406035665297 0.8411214953271028 0.2222222222222222 0.30280373831775703
3 0.532235939643347 0.6224299065420561 0.09327846364883402 0.18691588785046728
3 0.08093278463648834 0.9439252336448598 0.16186556927297668 0.11214953271028037
10 0.7585733882030178 0.9336448598130841 0.14266117969821673 0.13271028037383178
7 0.9410150891632373 0.7401869158878505 0.04526748971193416 0.07102803738317758
1 0.9938271604938271 0.9317757009345794 0.012345679012345678 0.06542056074766354