11 0.08492822966507177 0.15225933202357564 0.02631578947368421 0.04420432220039293
3 0.08373205741626795 0.35461689587426326 0.10287081339712918 0.13555992141453832
3 0.26674641148325356 0.10019646365422397 0.08313397129186603 0.08644400785854617
3 0.16447368421052633 0.343811394891945 0.03588516746411483 0.05206286836935167
3 0.34629186602870815 0.26227897838899805 0.04066985645933014 0.07072691552062868
3 0.3642344497607656 0.13654223968565815 0.06339712918660287 0.1168958742632613
3 0.298444976076555 0.24165029469548133 0.05203349282296651 0.11198428290766209
3 0.23086124401913877 0.26620825147347743 0.07655502392344497 0.07858546168958742
3 0.45095693779904306 0.06286836935166994 0.04066985645933014 0.06286836935166994
8 0.7559808612440191 0.03339882121807466 0.019138755980861243 0.05893909626719057
8 0.9264354066985646 0.2288801571709234 0.03229665071770335 0.07269155206286837
8 0.9342105263157895 0.4214145383104126 0.03588516746411483 0.03339882121807466
9 0.7900717703349283 0.37721021611001965 0.041866028708133975 0.12180746561886051
7 0.6537081339712919 0.06286836935166994 0.03229665071770335 0.08644400785854617
7 0.6489234449760766 0.26620825147347743 0.022727272727272728 0.07662082514734773
0 0.29066985645933013 0.7848722986247544 0.025717703349282296 0.0412573673870334
0 0.173444976076555 0.8939096267190569 0.02452153110047847 0.03929273084479371
0 0.2703349282296651 0.8290766208251473 0.022129186602870814 0.0412573673870334
0 0.21351674641148324 0.7092337917485265 0.022129186602870814 0.05697445972495088
9 0.20873205741626794 0.7868369351669942 0.03349282296650718 0.05697445972495088
2 0.45873205741626794 0.7652259332023575 0.019736842105263157 0.0412573673870334
7 0.21232057416267944 0.6041257367387033 0.045454545454545456 0.06581532416502947
2 0.23145933014354067 0.918467583497053 0.029904306220095694 0.029469548133595286
9 0.7308612440191388 0.48526522593320237 0.0735645933014354 0.03831041257367387
9 0.6572966507177034 0.5442043222003929 0.06698564593301436 0.03929273084479371
9 0.8205741626794258 0.5903732809430255 0.05442583732057416 0.0412573673870334
11 0.7350478468899522 0.5235756385068763 0.04007177033492823 0.0343811394891945
11 0.5885167464114832 0.56286836935167 0.035287081339712915 0.04616895874263261
11 0.6148325358851675 0.6051080550098232 0.05263157894736842 0.030451866404715127
11 0.5532296650717703 0.6296660117878192 0.04784688995215311 0.04223968565815324
11 0.6148325358851675 0.668958742632613 0.04665071770334928 0.025540275049115914
7 0.5891148325358851 0.49214145383104124 0.07177033492822966 0.05108055009823183
7 0.5879186602870813 0.7779960707269156 0.049641148325358854 0.03143418467583497
7 0.7583732057416268 0.630648330058939 0.041866028708133975 0.04223968565815324
8 0.6190191387559809 0.8212180746561886 0.05442583732057416 0.05009823182711198