3 0.133125 0.2274436090225564 0.068125 0.08364661654135339
3 0.1325 0.05827067669172932 0.08375 0.08364661654135339
3 0.049375 0.20958646616541354 0.041875 0.08364661654135339
7 0.73125 0.212406015037594 0.065625 0.10432330827067669
6 0.0175 0.6945488721804511 0.035 0.15977443609022557
6 0.058125 0.8515037593984962 0.06625 0.09022556390977443
6 0.1025 0.7415413533834586 0.07125 0.08270676691729323
6 0.209375 0.7424812030075187 0.03 0.05263157894736842
6 0.158125 0.5526315789473685 0.07 0.10150375939849623
6 0.315625 0.462406015037594 0.0725 0.11466165413533834
6 0.331875 0.7030075187969925 0.10125 0.09586466165413533
6 0.3475 0.6212406015037594 0.0475 0.06015037593984962
6 0.268125 0.5657894736842105 0.04375 0.05075187969924812
6 0.166875 0.44454887218045114 0.1075 0.09774436090225563
4 0.6625 0.8787593984962406 0.04625 0.07048872180451128
4 0.79 0.6588345864661654 0.048125 0.07048872180451128
4 0.833125 0.7462406015037594 0.04625 0.04887218045112782
7 0.72 0.6024436090225563 0.044375 0.06484962406015038