10 0.462890625 0.209 0.18294270833333334 0.207
10 0.3216145833333333 0.329 0.12044270833333333 0.165
10 0.17643229166666666 0.26 0.169921875 0.29
1 0.9016927083333334 0.399 0.053385416666666664 0.082
1 0.8196614583333334 0.421 0.055989583333333336 0.038
1 0.6783854166666666 0.395 0.055989583333333336 0.07
0 0.7350260416666666 0.419 0.04296875 0.042
0 0.9251302083333334 0.135 0.055989583333333336 0.08
1 0.19401041666666666 0.755 0.09375 0.132
1 0.8580729166666666 0.805 0.064453125 0.085
1 0.8606770833333334 0.727 0.06966145833333333 0.08
1 0.8196614583333334 0.646 0.06575520833333333 0.083
1 0.7981770833333334 0.753 0.064453125 0.087
1 0.8098958333333334 0.828 0.053385416666666664 0.064
1 0.7493489583333334 0.753 0.056640625 0.078