3 0.08155583437892096 0.30483870967741933 0.05144291091593475 0.1346774193548387
3 0.0972396486825596 0.06290322580645161 0.06148055207026349 0.12580645161290321
3 0.03136762860727729 0.2629032258064516 0.03450439146800502 0.1282258064516129
3 0.8450439146800501 0.4274193548387097 0.14366373902132998 0.12580645161290321
3 0.48557089084065247 0.3629032258064516 0.16813048933500627 0.1217741935483871
7 0.2258469259723965 0.8774193548387097 0.10414052697616061 0.10161290322580645
11 0.2659974905897114 0.728225806451613 0.06775407779171895 0.09516129032258064
0 0.3199498117942284 0.6346774193548387 0.06148055207026349 0.08548387096774193
0 0.22020075282308657 0.7629032258064516 0.053952321204516936 0.06290322580645161
0 0.21141781681304894 0.5935483870967742 0.04642409033877039 0.04838709677419355
0 0.31053952321204514 0.7725806451612903 0.04642409033877039 0.07903225806451612
0 0.033249686323713924 0.7443548387096774 0.06649937264742785 0.09838709677419355
7 0.6549560853199499 0.8709677419354839 0.056461731493099125 0.07580645161290323
7 0.5470514429109159 0.7080645161290322 0.05520702634880803 0.09193548387096774
7 0.9090338770388958 0.8491935483870968 0.04767879548306148 0.0532258064516129
7 0.9836888331242158 0.7967741935483871 0.03262233375156838 0.04838709677419355
7 0.8726474278544541 0.8040322580645162 0.04015056461731493 0.056451612903225805
8 0.9052697616060226 0.582258064516129 0.06148055207026349 0.025806451612903226
8 0.9918444165621079 0.7185483870967742 0.01631116687578419 0.07258064516129033
11 0.4071518193224592 0.6387096774193548 0.05520702634880803 0.07741935483870968