3 0.2746153846153846 0.1525 0.08307692307692308 0.24
3 0.4053846153846154 0.39875 0.07769230769230769 0.24625
3 0.26692307692307693 0.3875 0.06307692307692307 0.12625
3 0.15461538461538463 0.1525 0.09 0.24
3 0.21461538461538462 0.33875 0.0876923076923077 0.30625
7 0.6130769230769231 0.3475 0.10153846153846154 0.1525
7 0.7576923076923077 0.06375 0.10615384615384615 0.1275
7 0.806923076923077 0.2775 0.05846153846153846 0.165
9 0.4969230769230769 0.23 0.09538461538461539 0.35
4 0.23923076923076922 0.92375 0.07692307692307693 0.06875
4 0.13384615384615384 0.82125 0.07 0.05875
4 0.21769230769230768 0.80875 0.04384615384615385 0.04875
4 0.19615384615384615 0.645 0.04 0.03
8 0.38076923076923075 0.9775 0.06 0.045
4 0.14 0.8925 0.08 0.08125
4 0.036923076923076927 0.905 0.05076923076923077 0.08
9 0.33 0.8775 0.08692307692307692 0.11
7 0.3330769230769231 0.69 0.07307692307692308 0.05875
4 0.25153846153846154 0.78 0.05076923076923077 0.05375
8 0.5876923076923077 0.6975 0.10307692307692308 0.09
8 0.7392307692307692 0.81625 0.07153846153846154 0.065