10 0.2076923076923077 0.24649532710280375 0.3230769230769231 0.4742990654205608
10 0.045384615384615384 0.3002336448598131 0.09076923076923077 0.4369158878504673
10 0.18076923076923077 0.0689252336448598 0.33384615384615385 0.1378504672897196
6 0.6923076923076923 0.102803738317757 0.15076923076923077 0.205607476635514
6 0.5576923076923077 0.13317757009345793 0.12461538461538461 0.1542056074766355
6 0.6138461538461538 0.2336448598130841 0.07692307692307693 0.09579439252336448
6 0.7461538461538462 0.26635514018691586 0.07230769230769231 0.11565420560747663
6 0.7892307692307692 0.18457943925233644 0.08076923076923077 0.11565420560747663
6 0.8176923076923077 0.4182242990654206 0.09153846153846154 0.11565420560747663
6 0.6569230769230769 0.3878504672897196 0.05692307692307692 0.07359813084112149
6 0.7192307692307692 0.35514018691588783 0.05846153846153846 0.07359813084112149
6 0.5661538461538461 0.28154205607476634 0.06615384615384616 0.0911214953271028
6 0.47 0.19742990654205608 0.05384615384615385 0.07593457943925233
6 0.44153846153846155 0.26635514018691586 0.04923076923076923 0.06775700934579439
6 0.49923076923076926 0.272196261682243 0.07230769230769231 0.10163551401869159
6 0.4469230769230769 0.3644859813084112 0.04923076923076923 0.07009345794392523
6 0.9138461538461539 0.38434579439252337 0.06 0.06775700934579439
6 0.7430769230769231 0.46261682242990654 0.05692307692307692 0.07593457943925233
6 0.8376923076923077 0.27686915887850466 0.0823076923076923 0.10864485981308411
6 0.8815384615384615 0.030373831775700934 0.04692307692307692 0.06074766355140187
6 0.8623076923076923 0.2324766355140187 0.04230769230769231 0.05841121495327103
6 0.583076923076923 0.1985981308411215 0.05692307692307692 0.07009345794392523
6 0.62 0.17406542056074767 0.045384615384615384 0.06542056074766354
6 0.5915384615384616 0.39485981308411217 0.06307692307692307 0.08060747663551401
6 0.73 0.15537383177570094 0.07538461538461538 0.10163551401869159
9 0.06538461538461539 0.8785046728971962 0.13076923076923078 0.24299065420560748
2 0.2907692307692308 0.9030373831775701 0.14153846153846153 0.1939252336448598
8 0.5592307692307692 0.7990654205607477 0.06846153846153846 0.08761682242990654
7 0.7807692307692308 0.7231308411214953 0.07461538461538461 0.09929906542056074
8 0.6169230769230769 0.9392523364485982 0.04692307692307692 0.0630841121495327
8 0.6630769230769231 0.7570093457943925 0.07692307692307693 0.102803738317757
2 0.9346153846153846 0.7044392523364486 0.06230769230769231 0.07710280373831775
2 0.7423076923076923 0.8469626168224299 0.09 0.10747663551401869
7 0.5523076923076923 0.9170560747663551 0.05307692307692308 0.06775700934579439