3 0.32682926829268294 0.1546692607003891 0.1 0.26750972762645914
3 0.5097560975609756 0.37062256809338523 0.09390243902439024 0.27431906614785995
3 0.3378048780487805 0.4182879377431907 0.075 0.14396887159533073
3 0.1798780487804878 0.20914396887159534 0.10914634146341463 0.26750972762645914
3 0.2707317073170732 0.39105058365758755 0.10304878048780487 0.3424124513618677
7 0.5951219512195122 0.4669260700389105 0.07073170731707316 0.11673151750972763
7 0.7914634146341464 0.23249027237354086 0.08414634146341464 0.1245136186770428
7 0.7280487804878049 0.3968871595330739 0.03902439024390244 0.0914396887159533
7 0.6469512195121951 0.4727626459143969 0.03414634146341464 0.0914396887159533
8 0.8670731707317073 0.2772373540856031 0.0524390243902439 0.06031128404669261
5 0.22560975609756098 0.9445525291828794 0.35365853658536583 0.08268482490272373
5 0.2804878048780488 0.867704280155642 0.13658536585365855 0.037937743190661476
5 0.09390243902439024 0.8735408560311284 0.1878048780487805 0.05058365758754864
5 0.1823170731707317 0.8394941634241245 0.21097560975609755 0.04377431906614786
5 0.37073170731707317 0.8122568093385214 0.1798780487804878 0.03599221789883268
5 0.5146341463414634 0.8803501945525292 0.08963414634146341 0.029182879377431907
5 0.2951219512195122 0.745136186770428 0.06219512195121951 0.047665369649805445
5 0.250609756097561 0.7782101167315175 0.14390243902439023 0.04085603112840467
5 0.2152439024390244 0.8044747081712063 0.11341463414634147 0.03696498054474708
5 0.4176829268292683 0.8501945525291829 0.11158536585365854 0.026264591439688716
5 0.8981707317073171 0.9202334630350194 0.10121951219512196 0.15953307392996108