3 0.108125 0.185 0.06 0.1225
3 0.08 0.411875 0.071875 0.125
3 0.043125 0.19 0.04 0.116875
10 0.753125 0.233125 0.100625 0.126875
7 0.611875 0.3375 0.033125 0.05125
7 0.55375 0.12125 0.031875 0.063125
1 0.61625 0.1075 0.03 0.05
1 0.588125 0.19375 0.033125 0.0475
11 0.889375 0.213125 0.03125 0.0475
11 0.925 0.389375 0.035625 0.05375
11 0.86 0.165 0.02625 0.05125
4 0.33375 0.715 0.04125 0.059375
4 0.115 0.766875 0.046875 0.0825
7 0.035 0.789375 0.07 0.1375
4 0.386875 0.679375 0.04125 0.07625
4 0.3775 0.79125 0.025 0.038125
7 0.175625 0.6625 0.055625 0.071875
7 0.1 0.935625 0.0425 0.059375
7 0.195 0.8975 0.046875 0.059375
7 0.104375 0.665625 0.045625 0.056875
9 0.6575 0.9 0.08125 0.105
0 0.64125 0.646875 0.11125 0.0875
8 0.77375 0.695625 0.0925 0.075
11 0.89125 0.839375 0.0575 0.07625
11 0.89125 0.62125 0.05375 0.11125
11 0.47625 0.5475 0.0925 0.035