10 0.25966183574879226 0.25363489499192243 0.29830917874396135 0.2294022617124394
9 0.7403381642512077 0.08723747980613894 0.10990338164251208 0.09693053311793215
7 0.6829710144927537 0.24474959612277866 0.0893719806763285 0.11308562197092084
11 0.6829710144927537 0.022617124394184167 0.04710144927536232 0.045234248788368334
11 0.4867149758454106 0.2867528271405493 0.043478260869565216 0.07754442649434572
11 0.5966183574879227 0.22697899838449112 0.05676328502415459 0.0840064620355412
11 0.6183574879227053 0.05896607431340872 0.07125603864734299 0.08239095315024232
11 0.4420289855072464 0.062197092084006464 0.024154589371980676 0.09854604200323101
8 0.8206521739130435 0.03796445880452343 0.0640096618357488 0.07592891760904685
8 0.1461352657004831 0.7948303715670436 0.04468599033816425 0.048465266558966075
8 0.2524154589371981 0.6179321486268174 0.03864734299516908 0.0420032310177706
8 0.058574879227053143 0.5936995153473344 0.03140096618357488 0.03715670436187399
8 0.3786231884057971 0.9450726978998385 0.04106280193236715 0.06623586429725363
11 0.2711352657004831 0.5678513731825525 0.03260869565217391 0.017770597738287562
11 0.2826086956521739 0.5420032310177706 0.024154589371980676 0.033925686591276254
11 0.3031400966183575 0.5193861066235864 0.025362318840579712 0.03715670436187399
11 0.33454106280193235 0.4975767366720517 0.026570048309178744 0.030694668820678513
11 0.24094202898550723 0.5161550888529887 0.020531400966183576 0.025848142164781908
11 0.1461352657004831 0.5662358642972536 0.022946859903381644 0.045234248788368334
11 0.11835748792270531 0.721324717285945 0.051932367149758456 0.035541195476575124
11 0.3278985507246377 0.8344103392568659 0.03140096618357488 0.033925686591276254
11 0.29589371980676327 0.9046849757673667 0.036231884057971016 0.05492730210016155
11 0.2318840579710145 0.8004846526655897 0.03260869565217391 0.05815831987075929
11 0.06884057971014493 0.6510500807754442 0.026570048309178744 0.03231017770597738
11 0.20772946859903382 0.7342487883683361 0.04710144927536232 0.07269789983844911
11 0.40640096618357485 0.5694668820678513 0.04106280193236715 0.048465266558966075
11 0.38768115942028986 0.8594507269789984 0.030193236714975844 0.046849757673667204
11 0.3508454106280193 0.8901453957996769 0.018115942028985508 0.035541195476575124
11 0.40881642512077293 0.7180936995153473 0.042270531400966184 0.04038772213247173
11 0.04045893719806763 0.6744749596122779 0.030193236714975844 0.045234248788368334
7 0.2886473429951691 0.7609046849757674 0.04589371980676329 0.03715670436187399
7 0.3103864734299517 0.7084006462035541 0.051932367149758456 0.03715670436187399
7 0.13043478260869565 0.672859450726979 0.036231884057971016 0.04038772213247173
7 0.17693236714975846 0.684168012924071 0.018115942028985508 0.046849757673667204
7 0.10386473429951691 0.5961227786752827 0.033816425120772944 0.04038772213247173
7 0.23731884057971014 0.6663974151857835 0.03260869565217391 0.03715670436187399
7 0.20108695652173914 0.6445880452342488 0.036231884057971016 0.05492730210016155
7 0.15760869565217392 0.5961227786752827 0.030193236714975844 0.04038772213247173
7 0.0646135265700483 0.6801292407108239 0.03260869565217391 0.03877221324717286
7 0.19202898550724637 0.5840064620355412 0.033816425120772944 0.03715670436187399
7 0.28502415458937197 0.5993537964458805 0.050724637681159424 0.050080775444264945
7 0.3864734299516908 0.6138933764135702 0.036231884057971016 0.03877221324717286
8 0.5030193236714976 0.648626817447496 0.04589371980676329 0.05977382875605816
8 0.6044685990338164 0.5799676898222941 0.04589371980676329 0.051696284329563816
7 0.8592995169082126 0.5161550888529887 0.06159420289855073 0.0888529886914378