3 0.107421875 0.1815519765739385 0.18603515625 0.2130307467057101
3 0.1591796875 0.4084919472913616 0.1171875 0.12298682284040996
3 0.3017578125 0.2752562225475842 0.17919921875 0.24377745241581258
7 0.8935546875 0.04172767203513909 0.05859375 0.08345534407027819
7 0.98681640625 0.21815519765739386 0.0263671875 0.07906295754026355
7 0.908203125 0.30380673499267935 0.02734375 0.06442166910688141
7 0.7548828125 0.23792093704245973 0.0380859375 0.05856515373352855
7 0.490234375 0.2884333821376281 0.041015625 0.07027818448023426
11 0.9443359375 0.31332357247437775 0.0322265625 0.07174231332357248
11 0.89501953125 0.2349926793557833 0.048828125 0.07320644216691069
11 0.69677734375 0.16617862371888725 0.0390625 0.04978038067349927
11 0.90869140625 0.14055636896046853 0.0380859375 0.06149341142020498
11 0.72802734375 0.3850658857979502 0.060546875 0.08638360175695461
7 0.818359375 0.27891654465592974 0.0546875 0.07320644216691069
7 0.87939453125 0.3323572474377745 0.052734375 0.07174231332357248
7 0.640625 0.05197657393850659 0.0390625 0.055636896046852125
7 0.6220703125 0.28038067349926793 0.0615234375 0.09663250366032211
7 0.79052734375 0.24011713030746706 0.044921875 0.09077598828696926
7 0.7265625 0.24816983894582723 0.03515625 0.0527086383601757
8 0.27197265625 0.7357247437774525 0.080078125 0.0951683748169839
8 0.1806640625 0.6954612005856515 0.05859375 0.07027818448023426
8 0.26806640625 0.5893118594436311 0.044921875 0.060029282576866766
8 0.40185546875 0.49194729136163984 0.0439453125 0.043923865300146414
8 0.2119140625 0.4912152269399707 0.05078125 0.0424597364568082
8 0.0908203125 0.7745241581259151 0.0478515625 0.07320644216691069
9 0.4521484375 0.5483162518301611 0.03515625 0.1390922401171303
7 0.01904296875 0.9136163982430454 0.0380859375 0.10834553440702782
9 0.5361328125 0.8923865300146413 0.1328125 0.21522693997071743
2 0.93359375 0.8462664714494875 0.1328125 0.2020497803806735
2 0.78173828125 0.8338213762811127 0.0869140625 0.14641288433382138