3 0.17753623188405798 0.18811074918566775 0.07729468599033816 0.05863192182410423
3 0.11231884057971014 0.21742671009771988 0.06521739130434782 0.05618892508143322
3 0.11594202898550725 0.10830618892508144 0.04468599033816425 0.05374592833876222
1 0.8254830917874396 0.20358306188925082 0.08695652173913043 0.0732899022801303
1 0.7608695652173914 0.10667752442996743 0.11231884057971014 0.05456026058631922
1 0.7820048309178744 0.038273615635179156 0.05253623188405797 0.043973941368078175
1 0.6859903381642513 0.1465798045602606 0.04710144927536232 0.04560260586319218
1 0.6002415458937198 0.15960912052117263 0.0646135265700483 0.03501628664495114
1 0.6086956521739131 0.21254071661237786 0.057367149758454104 0.038273615635179156
1 0.7083333333333334 0.21498371335504887 0.04710144927536232 0.038273615635179156
1 0.8254830917874396 0.2679153094462541 0.03985507246376811 0.04723127035830619
1 0.7330917874396136 0.28583061889250816 0.07004830917874397 0.04723127035830619
0 0.2071256038647343 0.75814332247557 0.0748792270531401 0.1237785016286645
0 0.020531400966183576 0.754071661237785 0.04106280193236715 0.09120521172638436
11 0.33393719806763283 0.7100977198697068 0.03260869565217391 0.03908794788273615
11 0.3031400966183575 0.7638436482084691 0.036231884057971016 0.05211726384364821
9 0.6896135265700483 0.7060260586319218 0.321256038647343 0.4739413680781759