3 0.26814516129032256 0.04891304347826087 0.17338709677419356 0.09782608695652174
3 0.3971774193548387 0.06159420289855073 0.13306451612903225 0.12318840579710146
3 0.25806451612903225 0.14673913043478262 0.2056451612903226 0.14492753623188406
3 0.12096774193548387 0.17572463768115942 0.16129032258064516 0.15942028985507245
3 0.3870967741935484 0.3442028985507246 0.27419354838709675 0.08695652173913043
3 0.0846774193548387 0.3278985507246377 0.1693548387096774 0.11956521739130435
4 0.7399193548387096 0.22644927536231885 0.12096774193548387 0.10869565217391304
4 0.6955645161290323 0.09420289855072464 0.07661290322580645 0.07971014492753623
7 0.8649193548387096 0.33152173913043476 0.10887096774193548 0.10144927536231885
8 0.09274193548387097 0.6521739130434783 0.1532258064516129 0.14130434782608695
2 0.4334677419354839 0.8061594202898551 0.22580645161290322 0.17028985507246377
3 0.7338709677419355 0.6594202898550725 0.1532258064516129 0.18840579710144928
3 0.8971774193548387 0.7409420289855072 0.2056451612903226 0.16304347826086957
1 0.7903225806451613 0.552536231884058 0.2661290322580645 0.19927536231884058
1 0.7963709677419355 0.4528985507246377 0.2782258064516129 0.13043478260869565