0 0.219375 0.2175379426644182 0.07125 0.1045531197301855
0 0.025 0.17537942664418213 0.05 0.09443507588532883
3 0.01375 0.04131534569983136 0.0275 0.08263069139966273
3 0.325625 0.047217537942664416 0.04625 0.09443507588532883
3 0.0075 0.3836424957841484 0.015 0.09949409780775717
3 0.085625 0.35160202360876897 0.06375 0.12141652613827993
6 0.933125 0.10792580101180438 0.0525 0.10623946037099494
6 0.880625 0.45109612141652616 0.16125 0.05564924114671164
6 0.869375 0.32377740303541314 0.06375 0.15682967959527824
3 0.789375 0.04300168634064081 0.08625 0.08600337268128162
6 0.24375 0.9527824620573356 0.07625 0.09443507588532883
6 0.233125 0.7892074198988196 0.041875 0.09443507588532883
6 0.275625 0.7588532883642496 0.034375 0.0851602023608769
6 0.249375 0.642495784148398 0.053125 0.15345699831365936
6 0.18 0.5463743676222597 0.1075 0.13490725126475547
6 0.15875 0.6467116357504216 0.0675 0.12647554806070826
6 0.09125 0.5657672849915683 0.063125 0.12984822934232715
6 0.050625 0.6450252951096122 0.033125 0.05902192242833052
6 0.138125 0.7866779089376054 0.08625 0.10286677908937605
6 0.1975 0.8305227655986509 0.021875 0.05311973018549747
6 0.17 0.9173693086003373 0.060625 0.10033726812816189
6 0.29625 0.8406408094435076 0.063125 0.12647554806070826
9 0.716875 0.9148397976391232 0.073125 0.03288364249578415
9 0.6725 0.8811129848229342 0.065625 0.03372681281618887
8 0.468125 0.6644182124789207 0.05625 0.049747048903878585
8 0.735 0.7807757166947723 0.061875 0.03625632377740304
8 0.714375 0.7032040472175379 0.058125 0.048060708263069137
7 0.543125 0.7984822934232715 0.075 0.05902192242833052
7 0.654375 0.6964586846543002 0.069375 0.05733558178752108
7 0.725625 0.8288364249578415 0.07125 0.04215851602023609