3 0.4262114537444934 0.2607421875 0.11343612334801761 0.1455078125
1 0.9251101321585903 0.4501953125 0.04405286343612335 0.041015625
1 0.9427312775330396 0.6083984375 0.05726872246696035 0.037109375
1 0.8678414096916299 0.5693359375 0.048458149779735685 0.041015625
1 0.8678414096916299 0.3173828125 0.05726872246696035 0.076171875
2 0.5825991189427313 0.775390625 0.12444933920704845 0.052734375
2 0.47577092511013214 0.8525390625 0.07709251101321586 0.0458984375
2 0.21696035242290748 0.734375 0.06387665198237885 0.037109375
8 0.06167400881057269 0.69140625 0.0473568281938326 0.03125
7 0.6057268722466961 0.8193359375 0.10242290748898679 0.0380859375
7 0.9658590308370044 0.666015625 0.06828193832599119 0.03515625