3 0.19594349873234335 0.26565322095123417 0.11046722202100688 0.1390728476821192
3 0.27145961608113 0.17444310656231185 0.12115175660992394 0.14524382901866345
3 0.26801883375588553 0.2989163154726069 0.13346613545816732 0.16195063214930763
5 0.611372691053966 0.28386514148103553 0.24339007605939877 0.19205298013245034
5 0.7272727272727273 0.11875376279349789 0.3223469757334299 0.23750752558699578
2 0.2576964867801521 0.7364539434075857 0.050887359652299895 0.10415412402167369
2 0.39659543643607387 0.6938591210114389 0.02825063382832307 0.06366646598434678
2 0.33285041651575514 0.5865442504515352 0.026077508149221298 0.058549066827212524
2 0.4255704454907642 0.5365743527995184 0.01829047446577327 0.056893437688139675
2 0.44476638898949655 0.741119807344973 0.026077508149221298 0.050872968091511137
2 0.33936979355306046 0.7644491270319085 0.030242665700833032 0.07751354605659241
9 0.16280333212604128 0.5039133052378085 0.05052517203911626 0.09045755568934377
9 0.1345526982977182 0.645996387718242 0.08076783773994929 0.16616496086694763
9 0.21948569358927925 0.6610475617098134 0.04636001448750453 0.08609271523178808
5 0.6984788120246288 0.5296508127633955 0.14143426294820718 0.11980734497290789
5 0.8067729083665338 0.5550872968091511 0.13998551249547264 0.13546056592414207
5 0.5610286128214415 0.7655027092113185 0.1180731618978631 0.1289885611077664
5 0.7506338283230714 0.7596327513546056 0.08764940239043825 0.10806742925948223
5 0.6586381745744295 0.8774834437086093 0.07605939876856212 0.08865141481035521
5 0.7339731981166244 0.9459662853702588 0.060847519014849694 0.08865141481035521
5 0.8466135458167331 0.6202588801926551 0.09416877942774357 0.09256472004816375
5 0.9206809127127852 0.4157134256472005 0.06881564650488953 0.0716435881998796
5 0.7205722564288302 0.680162552679109 0.05650126765664614 0.06908488862131246
5 0.6995653748641797 0.7504515352197472 0.06736689605215501 0.06773028296207104
11 0.520463600144875 0.6130343166767008 0.03477001086562839 0.062462372065021074
11 0.5838464324520102 0.6788079470198676 0.026801883375588555 0.057344972907886815
5 0.8078594712060847 0.6768512944009633 0.07533502354219486 0.08473810957254665