3 0.275092936802974 0.19820554649265906 0.08302354399008674 0.1900489396411093
3 0.19330855018587362 0.3075040783034258 0.09293680297397769 0.1933115823817292
3 0.2174721189591078 0.11582381729200653 0.09913258983890955 0.22512234910277323
4 0.724907063197026 0.30261011419249595 0.07125154894671623 0.11256117455138662
7 0.5879801734820322 0.9363784665579119 0.05947955390334572 0.08319738988580751
8 0.5700123915737298 0.7773246329526917 0.05204460966542751 0.07504078303425775
11 0.667905824039653 0.6052202283849919 0.042131350681536554 0.03262642740619902
11 0.7620817843866171 0.9159869494290375 0.04956629491945477 0.05546492659053834
11 0.4566294919454771 0.8376835236541599 0.03345724907063197 0.0766721044045677
11 0.9479553903345725 0.9869494290375204 0.04460966542750929 0.026101141924959218
1 0.6301115241635687 0.8017944535073409 0.03965303593556382 0.0636215334420881
7 0.8482032218091697 0.8947797716150081 0.05452292441140025 0.053833605220228384
7 0.9454770755885997 0.9094616639477977 0.061957868649318466 0.09461663947797716
7 0.9076827757125155 0.8278955954323002 0.05080545229244114 0.053833605220228384