3 0.42830423940149626 0.16982758620689656 0.0773067331670823 0.1060344827586207
3 0.45947630922693267 0.371551724137931 0.0928927680798005 0.10862068965517241
3 0.5143391521197007 0.17672413793103448 0.05049875311720698 0.10344827586206896
1 0.9800498753117207 0.09482758620689655 0.0399002493765586 0.07586206896551724
1 0.9164588528678305 0.15258620689655172 0.057356608478802994 0.07758620689655173
1 0.777431421446384 0.14224137931034483 0.05610972568578554 0.06551724137931035
1 0.8460099750623441 0.28706896551724137 0.04239401496259352 0.07241379310344828
1 0.7581047381546134 0.275 0.046134663341645885 0.06896551724137931
1 0.6564837905236908 0.2974137931034483 0.05112219451371571 0.05517241379310345
1 0.6327930174563591 0.3793103448275862 0.06608478802992519 0.06724137931034482
1 0.7325436408977556 0.3620689655172414 0.043640897755610975 0.05
1 0.8135910224438903 0.43275862068965515 0.1433915211970075 0.07241379310344828
1 0.9756857855361596 0.35258620689655173 0.048628428927680795 0.08448275862068966
0 0.8366583541147132 0.17844827586206896 0.04488778054862843 0.09482758620689655
7 0.5261845386533666 0.9405172413793104 0.08728179551122195 0.11896551724137931
4 0.816708229426434 0.7491379310344828 0.0798004987531172 0.13017241379310346