3 0.15857142857142856 0.365625 0.21535714285714286 0.228125
3 0.09142857142857143 0.035625 0.07321428571428572 0.070625
3 0.2739285714285714 0.1075 0.07178571428571429 0.118125
3 0.2557142857142857 0.281875 0.15 0.275625
3 0.17214285714285715 0.24375 0.11071428571428571 0.21
6 0.46714285714285714 0.28625 0.09142857142857143 0.16125
1 0.7321428571428571 0.0175 0.08 0.035
1 0.9160714285714285 0.039375 0.08214285714285714 0.07875
3 0.8892857142857142 0.329375 0.14857142857142858 0.235
9 0.205 0.711875 0.05 0.1175
9 0.12857142857142856 0.75875 0.05785714285714286 0.11125
9 0.23 0.855625 0.05 0.07875
9 0.17642857142857143 0.516875 0.05142857142857143 0.07375
1 0.13178571428571428 0.87125 0.025714285714285714 0.0575
1 0.14214285714285715 0.82 0.02857142857142857 0.0575
7 0.6160714285714286 0.63625 0.13178571428571428 0.173125
7 0.6232142857142857 0.814375 0.09857142857142857 0.12125
9 0.7485714285714286 0.941875 0.13 0.11625
1 0.46964285714285714 0.776875 0.07321428571428572 0.12625