3 0.33358662613981765 0.23246492985971945 0.12537993920972645 0.18937875751503006
4 0.7545592705167173 0.05511022044088176 0.04635258358662614 0.05711422845691383
4 0.8183890577507599 0.23947895791583165 0.047872340425531915 0.05711422845691383
4 0.8677811550151976 0.19438877755511022 0.04331306990881459 0.04208416833667335
7 0.7530395136778115 0.25851703406813625 0.04331306990881459 0.0531062124248497
8 0.5820668693009119 0.7845691382765531 0.07446808510638298 0.08817635270541083
8 0.5881458966565349 0.9649298597194389 0.0486322188449848 0.07014028056112225
8 0.12006079027355623 0.4559118236472946 0.05167173252279635 0.05410821643286573
8 0.1405775075987842 0.5190380761523046 0.05015197568389058 0.06813627254509018
9 0.22796352583586627 0.8406813627254509 0.05319148936170213 0.12024048096192384
9 0.30927051671732525 0.8346693386773547 0.08966565349544073 0.08617234468937876
9 0.29103343465045595 0.7565130260521042 0.07446808510638298 0.0781563126252505
5 0.6071428571428571 0.5571142284569138 0.06231003039513678 0.08216432865731463
0 0.028875379939209727 0.6222444889779559 0.057750759878419454 0.18236472945891782
0 0.02507598784194529 0.49198396793587174 0.05015197568389058 0.11422845691382766
0 0.13753799392097266 0.6152304609218436 0.1474164133738602 0.13226452905811623
0 0.4566869300911854 0.5871743486973948 0.09270516717325228 0.17635270541082165
0 0.3586626139817629 0.6382765531062125 0.17325227963525835 0.18637274549098196
7 0.3404255319148936 0.7304609218436874 0.030395136778115502 0.04809619238476954
7 0.4278115501519757 0.49899799599198397 0.04559270516717325 0.07014028056112225
7 0.21428571428571427 0.7144288577154309 0.0547112462006079 0.07214428857715431
7 0.6709726443768997 0.7424849699398798 0.06231003039513678 0.09018036072144289
7 0.668693009118541 0.5180360721442886 0.057750759878419454 0.08216432865731463
7 0.6588145896656535 0.9579158316633266 0.037993920972644375 0.06813627254509018
11 0.723404255319149 0.9008016032064128 0.06838905775075987 0.08817635270541083
11 0.6610942249240122 0.6072144288577155 0.0425531914893617 0.06412825651302605
11 0.6952887537993921 0.6342685370741483 0.05319148936170213 0.07014028056112225
11 0.7727963525835866 0.9589178356713427 0.044072948328267476 0.08216432865731463