3 0.23279524214103653 0.30973451327433627 0.07306711979609176 0.1276864728192162
10 0.9800339847068819 0.4165613147914033 0.03993203058623619 0.08217446270543616
10 0.9634664401019541 0.4974715549936789 0.07306711979609176 0.04424778761061947
10 0.9129141886151232 0.3470290771175727 0.05862361937128292 0.06447534766118837
10 0.8925233644859814 0.44058154235145386 0.0875106202209006 0.11125158027812895
8 0.12107051826677995 0.7161820480404552 0.02931180968564146 0.048672566371681415
8 0.0913338997451147 0.9361567635903919 0.03610875106202209 0.03792667509481669
8 0.05649957519116398 0.950063211125158 0.034834324553950725 0.045512010113780026
1 0.110875106202209 0.5967130214917825 0.04970263381478335 0.0632111251580278
7 0.4392523364485981 0.8286978508217446 0.055225148683092605 0.06763590391908976
7 0.6881903143585386 0.7496839443742098 0.06542056074766354 0.05120101137800253
7 0.8135089209855565 0.7446270543615676 0.05734919286321156 0.0347661188369153
11 0.9307561597281223 0.6264222503160556 0.07986406117247238 0.0752212389380531
11 0.8500424808836023 0.6245259165613148 0.04630416312659303 0.04677623261694058
11 0.8271028037383178 0.6902654867256637 0.025913338997451147 0.02654867256637168
11 0.8606627017841971 0.6890012642225032 0.037383177570093455 0.03729456384323641
11 0.9362786745964317 0.8603034134007586 0.03143585386576041 0.04804045512010114
11 0.800339847068819 0.8008849557522124 0.04630416312659303 0.021491782553729456
11 0.7633814783347493 0.7964601769911505 0.033984706881903144 0.02338811630847029
11 0.7999150382327952 0.8672566371681416 0.03610875106202209 0.02970922882427307
11 0.9626168224299065 0.7281921618204804 0.028037383177570093 0.02970922882427307
11 0.9209855564995751 0.7420986093552465 0.014443500424808835 0.02654867256637168
11 0.8088360237892949 0.6403286978508217 0.027187765505522515 0.02970922882427307
11 0.7918436703483432 0.6934260429835651 0.028037383177570093 0.041719342604298354
11 0.6142735768903993 0.7920353982300885 0.027187765505522515 0.02970922882427307
11 0.7000849617672048 0.8438685208596713 0.01784197111299915 0.020227560050568902
11 0.6809685641461343 0.8577749683944375 0.01784197111299915 0.025284450063211124
11 0.7769753610875106 0.961441213653603 0.048428207306711976 0.05120101137800253
11 0.8963466440101954 0.7983565107458913 0.03143585386576041 0.030973451327433628
8 0.6240441801189465 0.6055625790139064 0.04290569243840272 0.045512010113780026
11 0.5552251486830926 0.8381795195954488 0.045029736618521665 0.03729456384323641
11 0.8589634664401019 0.9051833122629582 0.027187765505522515 0.02465233881163085
11 0.7047578589634664 0.8780025284450064 0.02931180968564146 0.021491782553729456
11 0.7565845369583687 0.8249051833122629 0.021240441801189464 0.021491782553729456
11 0.81053525913339 0.8919089759797725 0.025913338997451147 0.03603034134007586
11 0.7918436703483432 0.9039190897597977 0.033984706881903144 0.028445006321112517
11 0.8347493627867459 0.8280657395701644 0.025913338997451147 0.02338811630847029
11 0.913338997451147 0.5916561314791403 0.03143585386576041 0.03413400758533502
11 0.7582837723024639 0.5815423514538559 0.0395072217502124 0.03286978508217446
11 0.7200509770603228 0.5594184576485461 0.03143585386576041 0.0347661188369153
11 0.759983007646559 0.640960809102402 0.020390824129141887 0.02465233881163085