3 0.453125 0.12916666666666668 0.27375 0.18333333333333332
3 0.161875 0.24333333333333335 0.1975 0.12833333333333333
3 0.334375 0.2966666666666667 0.164375 0.11083333333333334
3 0.09875 0.33 0.1975 0.15333333333333332
1 0.22375 0.16916666666666666 0.2025 0.13583333333333333
1 0.230625 0.0775 0.2025 0.13333333333333333
7 0.850625 0.28 0.051875 0.08666666666666667
9 0.291875 0.6425 0.13125 0.17833333333333334
9 0.143125 0.96 0.15625 0.08
1 0.215 0.5275 0.0575 0.035
10 0.784375 0.8016666666666666 0.19625 0.245