3 0.2593167701863354 0.10120068610634649 0.3703416149068323 0.20154373927958832
3 0.5613354037267081 0.35591766723842194 0.10326086956521739 0.17495711835334476
3 0.24611801242236025 0.46226415094339623 0.1187888198757764 0.07375643224699828
3 0.18322981366459629 0.307032590051458 0.2375776397515528 0.2478559176672384
3 0.3190993788819876 0.2358490566037736 0.17546583850931677 0.19125214408233276
7 0.8222049689440993 0.3979416809605489 0.07763975155279502 0.06518010291595197
7 0.40372670807453415 0.7821612349914236 0.11645962732919254 0.15008576329331047
7 0.32298136645962733 0.6483704974271012 0.08850931677018634 0.10034305317324185
9 0.15916149068322982 0.6243567753001715 0.11490683229813664 0.1457975986277873
1 0.45962732919254656 0.5591766723842195 0.05822981366459627 0.11663807890222985
9 0.8152173913043478 0.9845626072041166 0.062111801242236024 0.030874785591766724
9 0.7274844720496895 0.9373927958833619 0.06832298136645963 0.060034305317324184
7 0.6335403726708074 0.8979416809605489 0.027950310559006212 0.03945111492281304
8 0.7336956521739131 0.8627787307032591 0.04503105590062112 0.058319039451114926
11 0.639751552795031 0.6638078902229846 0.040372670807453416 0.07547169811320754
11 0.8214285714285714 0.5205831903945112 0.055900621118012424 0.04288164665523156
11 0.859472049689441 0.6072041166380789 0.049689440993788817 0.05660377358490566
11 0.7290372670807453 0.5411663807890223 0.043478260869565216 0.0548885077186964
7 0.9829192546583851 0.9957118353344768 0.034161490683229816 0.008576329331046312
7 0.9782608695652174 0.9228130360205832 0.043478260869565216 0.051457975986277875
8 0.7895962732919255 0.8782161234991424 0.031055900621118012 0.03430531732418525
8 0.7849378881987578 0.8499142367066895 0.03260869565217391 0.030874785591766724
8 0.6801242236024845 0.8319039451114922 0.023291925465838508 0.025728987993138937
8 0.7142857142857143 0.8147512864493996 0.029503105590062112 0.029159519725557463
8 0.703416149068323 0.8344768439108061 0.024844720496894408 0.0274442538593482
8 0.6956521739130435 0.8704974271012007 0.023291925465838508 0.025728987993138937
7 0.6902173913043478 0.8927958833619211 0.040372670807453416 0.03945111492281304
7 0.7624223602484472 0.9888507718696398 0.027950310559006212 0.022298456260720412
11 0.8206521739130435 0.9365351629502573 0.040372670807453416 0.0411663807890223
11 0.8664596273291926 0.9356775300171527 0.03260869565217391 0.03430531732418525
11 0.8493788819875776 0.9442538593481989 0.024844720496894408 0.03430531732418525
11 0.7585403726708074 0.9013722126929674 0.037267080745341616 0.03945111492281304