3 0.12782805429864252 0.1331521739130435 0.21945701357466063 0.15489130434782608
3 0.18721719457013575 0.30434782608695654 0.13687782805429866 0.09057971014492754
3 0.3585972850678733 0.2056159420289855 0.21153846153846154 0.17753623188405798
9 0.7816742081447964 0.11231884057971014 0.05090497737556561 0.022644927536231884
9 0.7273755656108597 0.151268115942029 0.05656108597285068 0.025362318840579712
7 0.6583710407239819 0.18568840579710144 0.033936651583710405 0.016304347826086956
8 0.7177601809954751 0.3188405797101449 0.042986425339366516 0.02355072463768116
8 0.7516968325791855 0.18206521739130435 0.035633484162895926 0.025362318840579712
8 0.7692307692307693 0.08242753623188406 0.035633484162895926 0.019927536231884056
11 0.8472850678733032 0.0625 0.035633484162895926 0.035326086956521736
11 0.7183257918552036 0.28442028985507245 0.05486425339366516 0.03260869565217391
11 0.9140271493212669 0.3179347826086957 0.04468325791855204 0.030797101449275364
11 0.9179864253393665 0.26902173913043476 0.04072398190045249 0.02355072463768116
11 0.832579185520362 0.3188405797101449 0.035633484162895926 0.02355072463768116
7 0.9111990950226244 0.07789855072463768 0.02771493212669683 0.014492753623188406
7 0.9581447963800905 0.041666666666666664 0.024886877828054297 0.016304347826086956
7 0.8252262443438914 0.009057971014492754 0.026018099547511313 0.014492753623188406
7 0.7341628959276018 0.0625 0.024886877828054297 0.01358695652173913
7 0.8902714932126696 0.04891304347826087 0.028846153846153848 0.016304347826086956
7 0.9100678733031674 0.04800724637681159 0.028846153846153848 0.020833333333333332
7 0.9326923076923077 0.11503623188405797 0.03789592760180995 0.021739130434782608
8 0.7918552036199095 0.16576086956521738 0.024886877828054297 0.014492753623188406
8 0.795814479638009 0.1793478260869565 0.026018099547511313 0.012681159420289856
7 0.829185520361991 0.06702898550724638 0.03676470588235294 0.021739130434782608
7 0.7092760180995475 0.11503623188405797 0.02997737556561086 0.015398550724637682
8 0.7177601809954751 0.20380434782608695 0.019796380090497737 0.01177536231884058
8 0.7494343891402715 0.2056159420289855 0.023755656108597284 0.012681159420289856
8 0.7347285067873304 0.19927536231884058 0.019796380090497737 0.012681159420289856
8 0.7194570135746606 0.18568840579710144 0.019796380090497737 0.01177536231884058
8 0.7630090497737556 0.09420289855072464 0.028846153846153848 0.01358695652173913
7 0.709841628959276 0.1766304347826087 0.032805429864253395 0.017210144927536232
7 0.7398190045248869 0.12228260869565218 0.022058823529411766 0.012681159420289856
7 0.7567873303167421 0.0661231884057971 0.04694570135746606 0.028079710144927536
11 0.8009049773755657 0.1358695652173913 0.032805429864253395 0.018115942028985508
11 0.8376696832579186 0.1286231884057971 0.026018099547511313 0.014492753623188406
11 0.8223981900452488 0.12771739130434784 0.019796380090497737 0.015398550724637682
11 0.7567873303167421 0.02717391304347826 0.023755656108597284 0.012681159420289856
11 0.7782805429864253 0.04528985507246377 0.01809954751131222 0.010869565217391304
11 0.5712669683257918 0.08605072463768115 0.02092760180995475 0.01358695652173913
11 0.8614253393665159 0.019021739130434784 0.03167420814479638 0.01177536231884058
11 0.8478506787330317 0.03894927536231884 0.01809954751131222 0.010869565217391304
11 0.8885746606334841 0.024456521739130436 0.022058823529411766 0.012681159420289856
11 0.7618778280542986 0.1621376811594203 0.02997737556561086 0.017210144927536232
11 0.4841628959276018 0.5634057971014492 0.0418552036199095 0.07789855072463768
11 0.19909502262443438 0.8106884057971014 0.0667420814479638 0.07608695652173914
11 0.21323529411764705 0.3867753623188406 0.05995475113122172 0.07427536231884058
5 0.36538461538461536 0.37318840579710144 0.08144796380090498 0.04710144927536232
5 0.37952488687782804 0.6458333333333334 0.053167420814479636 0.10869565217391304
9 0.038461538461538464 0.5697463768115942 0.030542986425339366 0.06340579710144928
9 0.5452488687782805 0.7545289855072463 0.029411764705882353 0.17572463768115942
5 0.17590497737556562 0.4846014492753623 0.08144796380090498 0.10869565217391304
5 0.09276018099547512 0.5262681159420289 0.11877828054298642 0.1503623188405797
5 0.22907239819004524 0.6077898550724637 0.07918552036199095 0.09601449275362318
5 0.19400452488687783 0.7391304347826086 0.09502262443438914 0.11594202898550725
5 0.3766968325791855 0.48097826086956524 0.11085972850678733 0.11231884057971014
9 0.40497737556561086 0.37681159420289856 0.04751131221719457 0.05434782608695652
9 0.4332579185520362 0.6286231884057971 0.0757918552036199 0.12318840579710146
7 0.5243212669683258 0.4157608695652174 0.0418552036199095 0.059782608695652176
7 0.5028280542986425 0.375 0.03959276018099547 0.050724637681159424
9 0.45644796380090497 0.3605072463768116 0.048642533936651584 0.021739130434782608
7 0.024321266968325792 0.6829710144927537 0.048642533936651584 0.08695652173913043
9 0.13178733031674209 0.8288043478260869 0.07352941176470588 0.09601449275362318
9 0.5214932126696833 0.6394927536231884 0.07692307692307693 0.11231884057971014
9 0.11934389140271494 0.6748188405797102 0.08257918552036199 0.09057971014492754
9 0.3014705882352941 0.6811594202898551 0.06108597285067873 0.09057971014492754
9 0.34445701357466063 0.5652173913043478 0.06334841628959276 0.10869565217391304
8 0.8970588235294118 0.384963768115942 0.08031674208144797 0.06974637681159421
8 0.7516968325791855 0.8559782608695652 0.08427601809954752 0.08786231884057971
9 0.8631221719457014 0.9293478260869565 0.10294117647058823 0.10869565217391304