3 0.2854715378079864 0.3324905183312263 0.07858963466440103 0.09039190897597978
3 0.35046728971962615 0.3179519595448799 0.06711979609175871 0.08154235145385588
3 0.32837723024638915 0.4450063211125158 0.04800339847068819 0.07269279393173199
7 0.47748513169073914 0.1877370417193426 0.0356839422259983 0.0897597977243995
7 0.9498725573491928 0.11504424778761062 0.056074766355140186 0.08470290771175727
7 0.6316907391673747 0.12010113780025285 0.06796941376380629 0.09608091024020228
7 0.564570943075616 0.1959544879898862 0.034834324553950725 0.06573957016434892
7 0.5 0.21175726927939317 0.03143585386576041 0.0632111251580278
7 0.8844519966015293 0.10998735777496839 0.062022090059473234 0.0922882427307206
8 0.9893797790994052 0.25853350189633373 0.021240441801189464 0.0493046776232617
8 0.9180118946474086 0.22629582806573956 0.029736618521665252 0.04804045512010114
8 0.8661852166525064 0.21428571428571427 0.033984706881903144 0.04677623261694058
8 0.7824978759558199 0.179519595448799 0.0237892948173322 0.03666245259165613
8 0.6737468139337298 0.17509481668773705 0.03993203058623619 0.0493046776232617
9 0.9167374681393373 0.33122629582806573 0.051826677994902294 0.08343868520859671
9 0.8139337298215803 0.16371681415929204 0.034834324553950725 0.05309734513274336
9 0.143160577740017 0.5625790139064475 0.06542056074766354 0.045512010113780026
0 0.13338997451146983 0.7939317319848294 0.0713678844519966 0.1125158027812895
0 0.09048428207306712 0.8603034134007586 0.04927782497875956 0.07838179519595449
0 0.2107051826677995 0.5651074589127687 0.033984706881903144 0.05056890012642225
1 0.23704333050127444 0.859039190897598 0.033984706881903144 0.045512010113780026
6 0.3016142735768904 0.9393173198482933 0.03993203058623619 0.0632111251580278
10 0.8853016142735769 0.9127686472819216 0.10790144435004248 0.1213653603034134
10 0.9783347493627867 0.8008849557522124 0.04333050127442651 0.21871049304677623
10 0.4723874256584537 0.6972187104930467 0.025488530161427356 0.1276864728192162
10 0.9719626168224299 0.9620733249051833 0.056074766355140186 0.07585335018963338
10 0.9252336448598131 0.9860935524652339 0.07476635514018691 0.02781289506953224