3 0.206 0.16154791154791154 0.10066666666666667 0.057125307125307126
3 0.14733333333333334 0.20393120393120392 0.086 0.05036855036855037
3 0.10333333333333333 0.13267813267813267 0.064 0.04484029484029484
11 0.6866666666666666 0.04606879606879607 0.10933333333333334 0.09213759213759214
11 0.826 0.060810810810810814 0.05733333333333333 0.045454545454545456
1 0.642 0.19533169533169534 0.088 0.07985257985257985
3 0.46066666666666667 0.5866093366093366 0.11266666666666666 0.18120393120393122
3 0.24666666666666667 0.6296068796068796 0.08466666666666667 0.14066339066339067
3 0.34933333333333333 0.5165847665847666 0.054 0.10196560196560196
3 0.434 0.8052825552825553 0.094 0.14066339066339067
3 0.188 0.7143734643734644 0.08333333333333333 0.16584766584766586
3 0.25133333333333335 0.7893120393120393 0.08733333333333333 0.14496314496314497
3 0.18533333333333332 0.8273955773955773 0.06266666666666666 0.1074938574938575
3 0.28933333333333333 0.8187960687960688 0.11933333333333333 0.17936117936117937
3 0.36733333333333335 0.7014742014742015 0.06266666666666666 0.12285012285012285
3 0.31666666666666665 0.6916461916461917 0.056666666666666664 0.12100737100737101
3 0.12133333333333333 0.85995085995086 0.094 0.14373464373464373
3 0.13466666666666666 0.5528255528255528 0.074 0.1332923832923833
6 0.7993333333333333 0.6873464373464373 0.11333333333333333 0.26597051597051596
6 0.6053333333333333 0.5724815724815725 0.032 0.09828009828009827
6 0.986 0.5933660933660934 0.027333333333333334 0.12039312039312039
6 0.7026666666666667 0.730958230958231 0.08066666666666666 0.21007371007371006
6 0.7226666666666667 0.898034398034398 0.08933333333333333 0.20393120393120392