10 0.37596153846153846 0.23756906077348067 0.17211538461538461 0.38535911602209943
10 0.24711538461538463 0.15469613259668508 0.11730769230769231 0.292817679558011
10 0.14326923076923076 0.3370165745856354 0.17307692307692307 0.48756906077348067
10 0.8740384615384615 0.2638121546961326 0.2519230769230769 0.5276243093922652
10 0.676923076923077 0.46685082872928174 0.35 0.3259668508287293
10 0.9384615384615385 0.494475138121547 0.12307692307692308 0.27071823204419887
3 0.2846153846153846 0.9544198895027625 0.3192307692307692 0.09116022099447514
3 0.4115384615384615 0.6726519337016574 0.1 0.0856353591160221
3 0.13653846153846153 0.7209944751381215 0.10576923076923077 0.11602209944751381
3 0.1519230769230769 0.8853591160220995 0.2153846153846154 0.2292817679558011
3 0.27692307692307694 0.8825966850828729 0.1596153846153846 0.20994475138121546
1 0.5653846153846154 0.6560773480662984 0.10384615384615385 0.052486187845303865
1 0.7163461538461539 0.6574585635359116 0.10576923076923077 0.055248618784530384