0 0.11927083333333334 0.25555555555555554 0.034895833333333334 0.056
0 0.23125 0.25822222222222224 0.029166666666666667 0.051111111111111114
0 0.27708333333333335 0.332 0.030729166666666665 0.04533333333333334
6 0.3145833333333333 0.24133333333333334 0.02421875 0.06533333333333333
6 0.15026041666666667 0.05333333333333334 0.0328125 0.026222222222222223
6 0.3497395833333333 0.42088888888888887 0.015885416666666666 0.028
3 0.32265625 0.028 0.029947916666666668 0.03111111111111111
3 0.2947916666666667 0.108 0.040364583333333336 0.042222222222222223
3 0.24895833333333334 0.07288888888888889 0.029166666666666667 0.044
3 0.3859375 0.1942222222222222 0.0390625 0.03111111111111111
3 0.39791666666666664 0.13644444444444445 0.01953125 0.04
3 0.25703125 0.17422222222222222 0.0328125 0.06533333333333333
3 0.29973958333333334 0.16355555555555557 0.022916666666666665 0.052
3 0.07369791666666667 0.136 0.020052083333333335 0.06222222222222222
3 0.18984375 0.06177777777777778 0.020833333333333332 0.03288888888888889
3 0.23645833333333333 0.3857777777777778 0.029947916666666668 0.05422222222222222
3 0.1828125 0.35288888888888886 0.029166666666666667 0.06711111111111111
3 0.1703125 0.014222222222222223 0.034895833333333334 0.028
3 0.2677083333333333 0.42 0.03203125 0.03911111111111111
5 0.56640625 0.3586666666666667 0.04479166666666667 0.09155555555555556
5 0.60078125 0.3071111111111111 0.041666666666666664 0.09333333333333334
5 0.5002604166666667 0.29688888888888887 0.021354166666666667 0.10311111111111111
5 0.8213541666666667 0.1928888888888889 0.040625 0.04711111111111111
5 0.82109375 0.25422222222222224 0.0296875 0.05422222222222222
5 0.7872395833333333 0.28355555555555556 0.03125 0.056
5 0.8278645833333333 0.316 0.040625 0.06222222222222222
5 0.86484375 0.24 0.051041666666666666 0.1111111111111111
5 0.8625 0.34933333333333333 0.0359375 0.07822222222222222
5 0.9466145833333334 0.47244444444444444 0.03177083333333333 0.09422222222222222
5 0.8598958333333333 0.4702222222222222 0.0265625 0.05511111111111111
5 0.8010416666666667 0.45155555555555554 0.07135416666666666 0.10933333333333334
5 0.7473958333333334 0.35288888888888886 0.051041666666666666 0.056
5 0.67421875 0.37066666666666664 0.05677083333333333 0.08711111111111111
5 0.6325520833333333 0.4662222222222222 0.026041666666666668 0.043555555555555556
5 0.5627604166666667 0.4737777777777778 0.042708333333333334 0.048
5 0.8854166666666666 0.508 0.040625 0.043555555555555556
5 0.59609375 0.5208888888888888 0.0640625 0.017777777777777778
1 0.4197916666666667 0.8924444444444445 0.038802083333333334 0.08933333333333333
4 0.28619791666666666 0.7617777777777778 0.03046875 0.076
5 0.9479166666666666 0.6662222222222223 0.10416666666666667 0.12533333333333332
5 0.7346354166666667 0.5768888888888889 0.16510416666666666 0.09422222222222222
5 0.528125 0.568 0.07708333333333334 0.07644444444444444
5 0.52109375 0.7302222222222222 0.06302083333333333 0.15911111111111112
5 0.9674479166666666 0.8871111111111111 0.06510416666666667 0.112
5 0.884375 0.9888888888888889 0.06875 0.022222222222222223
5 0.7955729166666666 0.9786666666666667 0.0546875 0.042666666666666665