10 0.46883656509695293 0.18854748603351956 0.2084487534626039 0.15712290502793297
10 0.3524930747922438 0.07751396648044692 0.13988919667590027 0.12081005586592179
10 0.19390581717451524 0.09287709497206705 0.20429362880886426 0.1857541899441341
8 0.7721606648199446 0.2297486033519553 0.08448753462603878 0.06843575418994413
11 0.8919667590027701 0.11103351955307263 0.0664819944598338 0.0712290502793296
11 0.8635734072022161 0.2709497206703911 0.062326869806094184 0.01675977653631285
7 0.8677285318559557 0.21298882681564246 0.09556786703601108 0.0893854748603352
2 0.29570637119113574 0.9713687150837989 0.23407202216066483 0.05726256983240224
8 0.0685595567867036 0.5796089385474861 0.0997229916897507 0.10754189944134078
7 0.14542936288088643 0.2981843575418994 0.06371191135734072 0.03770949720670391
7 0.2084487534626039 0.3016759776536313 0.05955678670360111 0.0446927374301676
7 0.28185595567867033 0.29748603351955305 0.0817174515235457 0.036312849162011177
7 0.27354570637119113 0.5963687150837989 0.08725761772853186 0.10754189944134078