3 0.220616570327553 0.4418145956607495 0.18304431599229287 0.22682445759368836
3 0.22157996146435452 0.17357001972386588 0.2658959537572254 0.28994082840236685
4 0.894990366088632 0.22485207100591717 0.0674373795761079 0.09960552268244575
4 0.6772639691714836 0.15581854043392504 0.12042389210019268 0.14595660749506903
8 0.17148362235067438 0.9023668639053254 0.05394990366088632 0.0650887573964497
8 0.24951830443159922 0.9546351084812623 0.036608863198458574 0.04339250493096647
8 0.17726396917148363 0.7672583826429981 0.03468208092485549 0.04142011834319527
8 0.3304431599229287 0.7672583826429981 0.038535645472061654 0.047337278106508875
8 0.08574181117533719 0.7001972386587771 0.04046242774566474 0.06903353057199212
4 0.37572254335260113 0.873767258382643 0.055876685934489405 0.055226824457593686
4 0.220616570327553 0.621301775147929 0.046242774566473986 0.03944773175542406
4 0.18497109826589594 0.6972386587771203 0.05202312138728324 0.055226824457593686
4 0.055876685934489405 0.8284023668639053 0.046242774566473986 0.07297830374753451
9 0.39980732177263967 0.6982248520710059 0.036608863198458574 0.0670611439842209
8 0.4624277456647399 0.5848126232741617 0.08863198458574181 0.03353057199211045
7 0.630057803468208 0.8648915187376726 0.08670520231213873 0.11439842209072978
2 0.5134874759152216 0.9812623274161736 0.11368015414258188 0.03747534516765286
0 0.48073217726396916 0.9142011834319527 0.1252408477842004 0.1203155818540434
0 0.5048169556840078 0.8264299802761341 0.10404624277456648 0.07297830374753451
0 0.7447013487475915 0.9319526627218935 0.0674373795761079 0.09664694280078895