3 0.2796296296296296 0.10833333333333334 0.3074074074074074 0.21666666666666667
3 0.3851851851851852 0.4398148148148148 0.1 0.07962962962962963
3 0.1259259259259259 0.3787037037037037 0.10185185185185185 0.11574074074074074
3 0.14629629629629629 0.20277777777777778 0.2101851851851852 0.27037037037037037
3 0.2657407407407407 0.23425925925925925 0.15462962962962962 0.20462962962962963
8 0.7787037037037037 0.10648148148148148 0.06944444444444445 0.07685185185185185
8 0.8842592592592593 0.1037037037037037 0.04814814814814815 0.053703703703703705
8 0.7055555555555556 0.23425925925925925 0.04537037037037037 0.049074074074074076
8 0.8527777777777777 0.32314814814814813 0.05 0.05555555555555555
8 0.5787037037037037 0.24166666666666667 0.05925925925925926 0.0787037037037037
4 0.9583333333333334 0.25277777777777777 0.06944444444444445 0.06851851851851852
4 0.6620370370370371 0.39351851851851855 0.05648148148148148 0.049074074074074076
4 0.6712962962962963 0.30277777777777776 0.06574074074074074 0.06574074074074074
4 0.625 0.10648148148148148 0.06296296296296296 0.08055555555555556
9 0.8898148148148148 0.4351851851851852 0.07592592592592592 0.08055555555555556
11 0.1787037037037037 0.8657407407407407 0.14629629629629629 0.10555555555555556
11 0.1111111111111111 0.7351851851851852 0.09444444444444444 0.1037037037037037
11 0.4583333333333333 0.5611111111111111 0.07407407407407407 0.07777777777777778
8 0.21388888888888888 0.6981481481481482 0.08148148148148149 0.07777777777777778
8 0.3509259259259259 0.7157407407407408 0.08888888888888889 0.1
0 0.32037037037037036 0.5212962962962963 0.13703703703703704 0.08333333333333333
7 0.06851851851851852 0.6435185185185185 0.08888888888888889 0.09074074074074075
8 0.7759259259259259 0.875 0.07592592592592592 0.09074074074074075
8 0.8481481481481481 0.7962962962962963 0.07222222222222222 0.08703703703703704
9 0.5796296296296296 0.987037037037037 0.11851851851851852 0.025925925925925925
9 0.9064814814814814 0.8777777777777778 0.15 0.1814814814814815
9 0.6675925925925926 0.7490740740740741 0.11481481481481481 0.14074074074074075
0 0.5564814814814815 0.9444444444444444 0.09444444444444444 0.10740740740740741
0 0.5537037037037037 0.7351851851851852 0.08888888888888889 0.1
0 0.7333333333333333 0.6018518518518519 0.05925925925925926 0.07037037037037037
0 0.7157407407407408 0.8657407407407407 0.07407407407407407 0.08888888888888889