10 0.165625 0.1588235294117647 0.215625 0.3176470588235294
10 0.2703125 0.38941176470588235 0.1484375 0.2541176470588235
10 0.4265625 0.3729411764705882 0.21796875 0.35058823529411764
9 0.7171875 0.37058823529411766 0.0640625 0.10352941176470588
7 0.65625 0.22470588235294117 0.053125 0.08705882352941176
8 0.5984375 0.8235294117647058 0.0625 0.10823529411764705
9 0.240625 0.851764705882353 0.059375 0.1411764705882353
9 0.325 0.8529411764705882 0.09375 0.10823529411764705
9 0.309375 0.7588235294117647 0.078125 0.09647058823529411
9 0.00546875 0.8152941176470588 0.0109375 0.10588235294117647
0 0.040625 0.6141176470588235 0.08125 0.13176470588235295
0 0.159375 0.6047058823529412 0.153125 0.11294117647058824
0 0.4890625 0.6164705882352941 0.103125 0.13647058823529412
0 0.3859375 0.6458823529411765 0.18125 0.1952941176470588
7 0.36171875 0.7341176470588235 0.0328125 0.058823529411764705
7 0.23359375 0.7023529411764706 0.0578125 0.08705882352941176
7 0.753125 0.6223529411764706 0.0515625 0.08705882352941176
11 0.70078125 0.7658823529411765 0.0453125 0.07294117647058823
11 0.75625 0.8223529411764706 0.0265625 0.05411764705882353
11 0.775 0.7094117647058824 0.0375 0.04941176470588235
11 0.82109375 0.7811764705882352 0.0375 0.07294117647058823
11 0.87265625 0.8635294117647059 0.04375 0.058823529411764705