3 0.28597560975609754 0.12973484848484848 0.275 0.2585227272727273
3 0.04024390243902439 0.3020833333333333 0.0798780487804878 0.1865530303030303
3 0.24878048780487805 0.4715909090909091 0.09146341463414634 0.07481060606060606
3 0.31585365853658537 0.3428030303030303 0.18963414634146342 0.2897727272727273
3 0.225 0.23958333333333334 0.14146341463414633 0.2196969696969697
11 0.6121951219512195 0.20833333333333334 0.06341463414634146 0.11553030303030302
7 0.5475609756097561 0.4128787878787879 0.06341463414634146 0.10795454545454546
7 0.7341463414634146 0.4952651515151515 0.06829268292682927 0.028409090909090908
7 0.7353658536585366 0.3418560606060606 0.04024390243902439 0.058712121212121215
0 0.1420731707317073 0.5606060606060606 0.08170731707317073 0.10227272727272728
0 0.3225609756097561 0.6666666666666666 0.06951219512195123 0.11742424242424243
0 0.36341463414634145 0.8418560606060606 0.06951219512195123 0.10795454545454546
6 0.4457317073170732 0.7215909090909091 0.02804878048780488 0.13636363636363635
3 0.4030487804878049 0.5634469696969697 0.08170731707317073 0.10795454545454546
3 0.4530487804878049 0.5691287878787878 0.013414634146341463 0.11174242424242424
3 0.2725609756097561 0.8939393939393939 0.07195121951219512 0.12310606060606061
3 0.200609756097561 0.78125 0.07804878048780488 0.14583333333333334
3 0.3079268292682927 0.9678030303030303 0.06951219512195123 0.06439393939393939
0 0.501219512195122 0.646780303030303 0.08292682926829269 0.16477272727272727
0 0.6780487804878049 0.7926136363636364 0.08902439024390243 0.13257575757575757
0 0.926219512195122 0.9829545454545454 0.05 0.03409090909090909
11 0.8676829268292683 0.9952651515151515 0.0475609756097561 0.00946969696969697
11 0.6463414634146342 0.9734848484848485 0.05365853658536585 0.05303030303030303
0 0.7725609756097561 0.9734848484848485 0.09390243902439024 0.05303030303030303
0 0.8262195121951219 0.9753787878787878 0.07682926829268293 0.04924242424242424