3 0.2503858024691358 0.17994505494505494 0.07137345679012345 0.13873626373626374
11 0.9193672839506173 0.12087912087912088 0.02507716049382716 0.034340659340659344
3 0.9174382716049383 0.2774725274725275 0.10030864197530864 0.10714285714285714
3 0.7442129629629629 0.07760989010989011 0.08140432098765432 0.06868131868131869
3 0.839891975308642 0.26854395604395603 0.03433641975308642 0.040521978021978024
3 0.6658950617283951 0.20123626373626374 0.03935185185185185 0.05425824175824176
3 0.6500771604938271 0.10370879120879122 0.0628858024691358 0.09271978021978022
3 0.7129629629629629 0.18612637362637363 0.05015432098765432 0.08653846153846154
3 0.7781635802469136 0.20673076923076922 0.07368827160493827 0.0625
3 0.5679012345679012 0.044642857142857144 0.04089506172839506 0.048763736263736264
9 0.22299382716049382 0.7403846153846154 0.06095679012345679 0.11263736263736264
9 0.15933641975308643 0.46291208791208793 0.04552469135802469 0.11950549450549451
9 0.25 0.4100274725274725 0.08024691358024691 0.1304945054945055
8 0.009645061728395061 0.36744505494505497 0.019290123456790122 0.05631868131868132
8 0.1381172839506173 0.9945054945054945 0.033950617283950615 0.01098901098901099
8 0.1732253086419753 0.6263736263736264 0.02546296296296296 0.07417582417582418
8 0.10648148148148148 0.7232142857142857 0.03009259259259259 0.054945054945054944
8 0.12692901234567902 0.3605769230769231 0.06095679012345679 0.042582417582417584
1 0.09953703703703703 0.8001373626373627 0.04552469135802469 0.06318681318681318
1 0.07098765432098765 0.6868131868131868 0.033950617283950615 0.06456043956043957
1 0.9529320987654321 0.7328296703296703 0.03433641975308642 0.07211538461538461
1 0.9205246913580247 0.8221153846153846 0.05092592592592592 0.05357142857142857
1 0.6994598765432098 0.7046703296703297 0.1419753086419753 0.07348901098901099
1 0.6948302469135802 0.5391483516483516 0.1419753086419753 0.0831043956043956
1 0.9278549382716049 0.551510989010989 0.06597222222222222 0.059752747252747256
1 0.845679012345679 0.6531593406593407 0.07368827160493827 0.0625
1 0.9764660493827161 0.6311813186813187 0.0470679012345679 0.08104395604395605