11 0.12846153846153846 0.5640877598152425 0.038461538461538464 0.0848729792147806
3 0.07153846153846154 0.28752886836027713 0.14307692307692307 0.27829099307159355
3 0.33 0.4653579676674365 0.11 0.19688221709006928
3 0.1576923076923077 0.22806004618937645 0.051153846153846154 0.10450346420323325
3 0.36846153846153845 0.1720554272517321 0.06230769230769231 0.1351039260969977
3 0.42153846153846153 0.3244803695150115 0.09884615384615385 0.2199769053117783
3 0.32461538461538464 0.2453810623556582 0.08423076923076923 0.20092378752886836
3 0.24769230769230768 0.27251732101616627 0.10076923076923076 0.17782909930715934
3 0.525 0.3435334872979215 0.05 0.1235565819861432
7 0.7780769230769231 0.3903002309468822 0.031538461538461536 0.05138568129330254
11 0.8415384615384616 0.12297921478060046 0.027307692307692307 0.04907621247113164
11 0.8457692307692307 0.6027713625866051 0.028846153846153848 0.046189376443418015
11 0.7992307692307692 0.4399538106235566 0.03076923076923077 0.05138568129330254
11 0.7134615384615385 0.26558891454965355 0.04 0.06581986143187067
11 0.8038461538461539 0.3931870669745958 0.03653846153846154 0.06062355658198614
1 0.32384615384615384 0.9543879907621247 0.05307692307692308 0.04503464203233257
1 0.3819230769230769 0.9133949191685913 0.058076923076923075 0.040993071593533485
1 0.42615384615384616 0.8071593533487298 0.048846153846153845 0.03983833718244804
1 0.37115384615384617 0.8002309468822171 0.036923076923076927 0.03695150115473441
1 0.25076923076923074 0.8187066974595842 0.08153846153846153 0.06293302540415704
1 0.28115384615384614 0.7788683602771362 0.07653846153846154 0.03983833718244804
1 0.06615384615384616 0.8545034642032333 0.051153846153846154 0.03233256351039261
1 0.2523076923076923 0.8903002309468823 0.05307692307692308 0.036374133949191687
1 0.33115384615384613 0.8793302540415704 0.036153846153846154 0.029445727482678985
1 0.12192307692307693 0.7979214780600462 0.02846153846153846 0.026558891454965358
1 0.13923076923076924 0.7684757505773672 0.02923076923076923 0.026558891454965358
1 0.10692307692307693 0.8585450346420324 0.036923076923076927 0.03348729792147806
1 0.4084615384615385 0.7557736720554272 0.041923076923076924 0.029445727482678985
1 0.45653846153846156 0.7390300230946882 0.03538461538461538 0.029445727482678985
1 0.3376923076923077 0.6593533487297921 0.04923076923076923 0.020785219399538105
7 0.32076923076923075 0.7009237875288684 0.055384615384615386 0.04330254041570439
7 0.46115384615384614 0.668013856812933 0.05384615384615385 0.037528868360277134
9 0.6157692307692307 0.9422632794457275 0.13153846153846155 0.11547344110854503
2 0.7576923076923077 0.9699769053117783 0.06461538461538462 0.06004618937644342
2 0.7503846153846154 0.8966512702078522 0.06846153846153846 0.11200923787528869
7 0.5653846153846154 0.8585450346420324 0.03076923076923077 0.1351039260969977
7 0.6607692307692308 0.7407621247113164 0.1 0.1374133949191686
7 0.6123076923076923 0.7182448036951501 0.12461538461538461 0.13856812933025403