3 0.18507751937984496 0.5225 0.24031007751937986 0.323125
3 0.25290697674418605 0.305 0.21027131782945738 0.35125
3 0.7761627906976745 0.56375 0.20251937984496124 0.3325
3 0.7945736434108527 0.229375 0.2926356589147287 0.45
0 0.10368217054263566 0.83 0.20736434108527133 0.1275
0 0.13662790697674418 0.7675 0.27325581395348836 0.075
0 0.06298449612403101 0.93375 0.12596899224806202 0.1175
0 0.5222868217054264 0.7975 0.05232558139534884 0.125
0 0.34689922480620156 0.796875 0.16279069767441862 0.12375
0 0.4437984496124031 0.9425 0.20930232558139536 0.115
4 0.876937984496124 0.776875 0.14534883720930233 0.09375
4 0.5910852713178295 0.76375 0.08527131782945736 0.0675
4 0.7364341085271318 0.76625 0.07751937984496124 0.045
9 0.7170542635658915 0.83 0.09689922480620156 0.0575