3 0.2073170731707317 0.3221415607985481 0.08780487804878048 0.29491833030852993
6 0.5542682926829269 0.21687840290381125 0.26707317073170733 0.24682395644283123
6 0.7780487804878049 0.41379310344827586 0.2097560975609756 0.20689655172413793
6 0.6920731707317073 0.09618874773139746 0.17682926829268292 0.1851179673321234
6 0.823170731707317 0.32667876588021777 0.2048780487804878 0.2159709618874773
6 0.6731707317073171 0.21234119782214156 0.18414634146341463 0.19237749546279492
6 0.9310975609756098 0.47731397459165154 0.1378048780487805 0.1996370235934664
11 0.17134146341463416 0.9446460980036298 0.03597560975609756 0.043557168784029036
11 0.09207317073170732 0.8448275862068966 0.032926829268292684 0.045372050816696916
11 0.27682926829268295 0.7250453720508166 0.08536585365853659 0.08620689655172414
11 0.3054878048780488 0.9237749546279492 0.05121951219512195 0.06896551724137931
11 0.21707317073170732 0.9800362976406534 0.041463414634146344 0.039927404718693285
11 0.0774390243902439 0.7332123411978222 0.07195121951219512 0.08983666061705989
11 0.13658536585365855 0.7586206896551724 0.045121951219512194 0.06533575317604355
11 0.07682926829268293 0.8121597096188747 0.028658536585365855 0.043557168784029036
1 0.24939024390243902 0.7912885662431942 0.045121951219512194 0.05989110707803993
1 0.174390243902439 0.7813067150635209 0.04207317073170732 0.045372050816696916
11 0.22987804878048781 0.941016333938294 0.032926829268292684 0.04900181488203267
11 0.19695121951219513 0.9491833030852994 0.022560975609756097 0.028130671506352088
11 0.25182926829268293 0.9872958257713249 0.025609756097560974 0.024500907441016333
11 0.27134146341463417 0.9310344827586207 0.026829268292682926 0.029945553539019964
5 0.7304878048780488 0.7377495462794919 0.28536585365853656 0.15789473684210525
5 0.7439024390243902 0.9600725952813067 0.18292682926829268 0.07985480943738657
5 0.49573170731707317 0.8112522686025408 0.21341463414634146 0.30490018148820325