3 0.180625 0.09910714285714285 0.228125 0.1982142857142857
3 0.318125 0.40714285714285714 0.155625 0.18571428571428572
3 0.1875 0.32321428571428573 0.13 0.16071428571428573
3 0.320625 0.5321428571428571 0.166875 0.19196428571428573
1 0.3125 0.28660714285714284 0.16125 0.1982142857142857
1 0.349375 0.19017857142857142 0.159375 0.19464285714285715
9 0.60875 0.37410714285714286 0.10125 0.15535714285714286
8 0.49125 0.42142857142857143 0.0625 0.13214285714285715
0 0.76375 0.08035714285714286 0.11 0.16071428571428573
0 0.70125 0.4392857142857143 0.05375 0.09642857142857143
1 0.921875 0.14732142857142858 0.05125 0.06964285714285715
9 0.170625 0.8705357142857143 0.05875 0.029464285714285714
9 0.25625 0.8526785714285714 0.064375 0.033928571428571426
7 0.348125 0.8446428571428571 0.04 0.02142857142857143
8 0.4175 0.7026785714285714 0.051875 0.029464285714285714
8 0.261875 0.8169642857142857 0.045 0.030357142857142857
8 0.155 0.9017857142857143 0.0425 0.025
11 0.06625 0.8946428571428572 0.049375 0.039285714285714285
11 0.385625 0.7339285714285714 0.066875 0.04017857142857143
11 0.24 0.64375 0.05625 0.030357142857142857
11 0.1925 0.6839285714285714 0.049375 0.029464285714285714
11 0.315 0.6660714285714285 0.04375 0.02857142857142857
7 0.02375 0.8607142857142858 0.033125 0.01875
7 0.038125 0.9508928571428571 0.03125 0.01875
7 0.168125 0.9321428571428572 0.03 0.016964285714285713
7 0.01625 0.8919642857142858 0.0325 0.019642857142857142
7 0.0075 0.8875 0.015 0.025
7 0.038125 0.8196428571428571 0.04625 0.026785714285714284
8 0.21125 0.81875 0.03 0.017857142857142856
8 0.22 0.8053571428571429 0.03 0.016964285714285713
7 0.0875 0.8964285714285715 0.045 0.026785714285714284
7 0.23875 0.8910714285714286 0.035625 0.019642857142857142
8 0.313125 0.8080357142857143 0.023125 0.014285714285714285
8 0.28625 0.7955357142857142 0.0275 0.015178571428571428
8 0.293125 0.80625 0.023125 0.015178571428571428
8 0.29375 0.8241071428571428 0.023125 0.014285714285714285
8 0.170625 0.89375 0.033125 0.017857142857142856
7 0.295 0.8348214285714286 0.04 0.02142857142857143
7 0.216875 0.875 0.0275 0.01607142857142857
7 0.151875 0.9205357142857142 0.0575 0.03482142857142857
11 0.175625 0.8428571428571429 0.038125 0.022321428571428572
11 0.13625 0.8375 0.03125 0.01875
11 0.149375 0.84375 0.02625 0.017857142857142856
11 0.11625 0.95625 0.0275 0.015178571428571428
11 0.113125 0.9330357142857143 0.021875 0.013392857142857142
11 0.336875 0.9616071428571429 0.02625 0.01607142857142857
11 0.01625 0.9294642857142857 0.0325 0.01607142857142857
11 0.044375 0.9160714285714285 0.021875 0.013392857142857142
11 0.004375 0.9151785714285714 0.008125 0.01607142857142857
11 0.234375 0.8321428571428572 0.036875 0.02142857142857143
6 0.706875 0.9526785714285714 0.49375 0.09464285714285714
6 0.6275 0.8758928571428571 0.235 0.24821428571428572