3 0.053738317757009345 0.12351945854483926 0.06853582554517133 0.13028764805414553
11 0.8193146417445483 0.13282571912013535 0.06931464174454828 0.011844331641285956
11 0.8660436137071651 0.1319796954314721 0.03582554517133956 0.015228426395939087
7 0.514797507788162 0.13874788494077833 0.0778816199376947 0.017766497461928935
0 0.12694704049844235 0.5947546531302876 0.04439252336448598 0.1412859560067682
7 0.08722741433021806 0.7123519458544839 0.019470404984423675 0.0727580372250423
7 0.15654205607476634 0.6201353637901861 0.02336448598130841 0.09052453468697123
7 0.07710280373831775 0.6159052453468697 0.029595015576323987 0.10829103214890017
11 0.9820872274143302 0.6505922165820643 0.03582554517133956 0.08629441624365482
8 0.7998442367601246 0.7055837563451777 0.059190031152647975 0.06260575296108291
8 0.6861370716510904 0.6049069373942471 0.059190031152647975 0.05414551607445008
7 0.37772585669781933 0.46615905245346867 0.0794392523364486 0.09306260575296109