10 0.22803850782190133 0.23990306946688206 0.21720818291215402 0.2560581583198708
10 0.43020457280385077 0.3432956381260097 0.1865222623345367 0.24232633279483037
10 0.585439229843562 0.47334410339256866 0.07521058965102287 0.08966074313408724
10 0.17809867629362214 0.4394184168012924 0.2557160048134777 0.14620355411954766
10 0.08483754512635379 0.16155088852988692 0.05535499398315283 0.1098546042003231
10 0.04993983152827918 0.051696284329563816 0.06738868832731648 0.10339256865912763
11 0.6985559566787004 0.19224555735056542 0.06618531889290012 0.09369951534733441
0 0.7545126353790613 0.15751211631663975 0.08664259927797834 0.09531502423263329
7 0.9885679903730445 0.28998384491114704 0.02286401925391095 0.06946688206785137
11 0.8880866425992779 0.5040387722132472 0.06498194945848375 0.029079159935379646
8 0.34416365824308065 0.617124394184168 0.07701564380264742 0.08077544426494346
8 0.12154031287605295 0.784329563812601 0.05896510228640193 0.05331179321486268
7 0.20156438026474127 0.8424878836833603 0.05054151624548736 0.051696284329563816
7 0.4981949458483754 0.6276252019386107 0.04332129963898917 0.06946688206785137
7 0.1263537906137184 0.938610662358643 0.0457280385078219 0.10016155088852989
8 0.25691937424789413 0.8263327948303716 0.026474127557160047 0.03715670436187399
8 0.23164861612515042 0.802907915993538 0.03369434416365824 0.045234248788368334
7 0.7418772563176895 0.622778675282714 0.11672683513838748 0.09369951534733441
7 0.6492178098676293 0.7705977382875606 0.02045728038507822 0.1098546042003231
7 0.7527075812274369 0.8651050080775444 0.06618531889290012 0.11147011308562198
1 0.9157641395908543 0.6518578352180937 0.05896510228640193 0.08723747980613894