10 0.4525 0.4270833333333333 0.20583333333333334 0.35833333333333334
10 0.34458333333333335 0.17333333333333334 0.13958333333333334 0.27541666666666664
10 0.19166666666666668 0.19875 0.20583333333333334 0.3975
11 0.8491666666666666 0.195 0.05875 0.06916666666666667
11 0.8358333333333333 0.4083333333333333 0.03666666666666667 0.049166666666666664
0 0.92375 0.3516666666666667 0.08125 0.10541666666666667
7 0.8620833333333333 0.5425 0.06041666666666667 0.06708333333333333
0 0.9058333333333334 0.4575 0.08125 0.07541666666666667
6 0.4075 0.9304166666666667 0.22666666666666666 0.13916666666666666
6 0.17541666666666667 0.9670833333333333 0.13416666666666666 0.06583333333333333
6 0.20333333333333334 0.88125 0.22833333333333333 0.175
3 0.8958333333333334 0.8791666666666667 0.06041666666666667 0.09583333333333334
3 0.9366666666666666 0.7179166666666666 0.07125 0.1
3 0.9545833333333333 0.885 0.04375 0.08791666666666667