3 0.24537037037037038 0.34546703296703296 0.19290123456790123 0.12774725274725274
3 0.11612654320987655 0.15315934065934067 0.13040123456790123 0.11057692307692307
3 0.23032407407407407 0.19436813186813187 0.1099537037037037 0.09478021978021978
3 0.10609567901234568 0.06456043956043957 0.1396604938271605 0.12912087912087913
1 0.12654320987654322 0.23008241758241757 0.13503086419753085 0.11881868131868131
1 0.09992283950617284 0.2967032967032967 0.13503086419753085 0.11675824175824176
7 0.8765432098765432 0.2802197802197802 0.05941358024691358 0.03365384615384615
7 0.6195987654320988 0.3269230769230769 0.06442901234567901 0.03021978021978022
7 0.7283950617283951 0.016483516483516484 0.05246913580246913 0.03296703296703297
11 0.8954475308641975 0.18337912087912087 0.031635802469135804 0.02815934065934066
11 0.9239969135802469 0.22596153846153846 0.04243827160493827 0.03159340659340659
11 0.7253086419753086 0.33447802197802196 0.05246913580246913 0.027472527472527472
11 0.44212962962962965 0.18887362637362637 0.053626543209876545 0.027472527472527472
11 0.49189814814814814 0.20467032967032966 0.05941358024691358 0.042582417582417584
11 0.8078703703703703 0.12225274725274725 0.04128086419753087 0.025412087912087912
7 0.12268518518518519 0.7149725274725275 0.04938271604938271 0.0673076923076923
7 0.21257716049382716 0.5164835164835165 0.043209876543209874 0.06043956043956044
7 0.1840277777777778 0.46153846153846156 0.05941358024691358 0.1043956043956044
7 0.27237654320987653 0.4217032967032967 0.044753086419753084 0.024725274725274724
7 0.3140432098765432 0.5666208791208791 0.04861111111111111 0.09340659340659341
7 0.27199074074074076 0.540521978021978 0.03935185185185185 0.0673076923076923
7 0.27276234567901236 0.6881868131868132 0.036265432098765434 0.06456043956043957
8 0.1705246913580247 0.8990384615384616 0.05632716049382716 0.08791208791208792
8 0.37114197530864196 0.9739010989010989 0.037037037037037035 0.0521978021978022
8 0.6531635802469136 0.8186813186813187 0.07561728395061729 0.12362637362637363
8 0.7079475308641975 0.46703296703296704 0.08873456790123457 0.11538461538461539
8 0.6350308641975309 0.7081043956043956 0.10185185185185185 0.2129120879120879