3 0.2652714932126697 0.21195652173913043 0.15328054298642535 0.19927536231884058
3 0.4157239819004525 0.29438405797101447 0.16968325791855204 0.2028985507246377
3 0.34898190045248867 0.11684782608695653 0.18212669683257918 0.23369565217391305
1 0.832579185520362 0.33242753623188404 0.04581447963800905 0.09692028985507246
1 0.8789592760180995 0.4420289855072464 0.0582579185520362 0.07336956521739131
1 0.878393665158371 0.532608695652174 0.02771493212669683 0.05615942028985507
1 0.9106334841628959 0.3786231884057971 0.025452488687782805 0.06159420289855073
1 0.9519230769230769 0.3442028985507246 0.034502262443438916 0.04710144927536232
1 0.9394796380090498 0.27807971014492755 0.029411764705882353 0.049818840579710144
1 0.8897058823529411 0.29438405797101447 0.024321266968325792 0.051630434782608696
1 0.8235294117647058 0.25181159420289856 0.021493212669683258 0.06340579710144928
1 0.8665158371040724 0.21014492753623187 0.03676470588235294 0.06340579710144928
11 0.3059954751131222 0.6159420289855072 0.0418552036199095 0.07246376811594203
11 0.621606334841629 0.7346014492753623 0.0667420814479638 0.07427536231884058
5 0.08201357466063348 0.865036231884058 0.07692307692307693 0.11775362318840579
5 0.1165158371040724 0.7536231884057971 0.06108597285067873 0.08152173913043478
5 0.42081447963800905 0.6494565217391305 0.05203619909502263 0.1068840579710145
9 0.2319004524886878 0.845108695652174 0.12330316742081449 0.17391304347826086
5 0.6148190045248869 0.6630434782608695 0.09389140271493213 0.11413043478260869
9 0.36595022624434387 0.6557971014492754 0.0746606334841629 0.1213768115942029
9 0.6894796380090498 0.7237318840579711 0.07352941176470588 0.09420289855072464
9 0.27319004524886875 0.707427536231884 0.09389140271493213 0.1105072463768116
9 0.18156108597285067 0.6666666666666666 0.08257918552036199 0.10144927536231885
9 0.6759049773755657 0.5969202898550725 0.08257918552036199 0.034420289855072464
9 0.5016968325791855 0.6512681159420289 0.05995475113122172 0.08876811594202899
9 0.4411764705882353 0.595108695652174 0.06334841628959276 0.030797101449275364
1 0.8665158371040724 0.9356884057971014 0.03676470588235294 0.06702898550724638
1 0.8156108597285068 0.8442028985507246 0.031108597285067874 0.07065217391304347
1 0.8501131221719457 0.8106884057971014 0.028846153846153848 0.07246376811594203
1 0.9083710407239819 0.7681159420289855 0.04524886877828054 0.05253623188405797
1 0.8874434389140271 0.7019927536231884 0.028846153846153848 0.029891304347826088
1 0.9315610859728507 0.5969202898550725 0.0418552036199095 0.03351449275362319
1 0.8320135746606335 0.6856884057971014 0.02997737556561086 0.08967391304347826
1 0.794683257918552 0.6132246376811594 0.031108597285067874 0.035326086956521736