3 0.17340686274509803 0.18820678513731826 0.12622549019607843 0.172859450726979
3 0.2855392156862745 0.21243941841680128 0.13725490196078433 0.1801292407108239
3 0.21323529411764705 0.09935379644588045 0.15196078431372548 0.1987075928917609
3 0.7028186274509803 0.36995153473344106 0.24325980392156862 0.13893376413570274
3 0.8486519607843137 0.15508885298869143 0.16605392156862744 0.13004846526655897
3 0.7095588235294118 0.21324717285945072 0.13848039215686275 0.1122778675282714
3 0.8517156862745098 0.06623586429725363 0.17769607843137256 0.13166397415185785
1 0.8431372549019608 0.23909531502423265 0.1721813725490196 0.13893376413570274
1 0.8823529411764706 0.3061389337641357 0.16973039215686275 0.13651050080775445
4 0.2763480392156863 0.8344103392568659 0.06862745098039216 0.11954765751211632
4 0.33394607843137253 0.7059773828756059 0.05943627450980392 0.09208400646203554
4 0.3075980392156863 0.5799676898222941 0.05024509803921569 0.08239095315024232
4 0.22794117647058823 0.7092084006462036 0.05392156862745098 0.09531502423263329
4 0.20404411764705882 0.5912762520193862 0.05575980392156863 0.10420032310177706
4 0.2028186274509804 0.9660743134087237 0.05392156862745098 0.06704361873990307
7 0.3014705882352941 0.49596122778675283 0.061274509803921566 0.11308562197092084
4 0.3492647058823529 0.5791599353796446 0.04840686274509804 0.07027463651050081
11 0.7077205882352942 0.7326332794830371 0.08455882352941177 0.1147011308562197
0 0.7475490196078431 0.6688206785137318 0.10416666666666667 0.1260096930533118
11 0.9767156862745098 0.9224555735056543 0.04656862745098039 0.09693053311793215