3 0.34299516908212563 0.10504885993485343 0.35205314009661837 0.21009771986970685
3 0.05555555555555555 0.3705211726384365 0.09842995169082126 0.18159609120521172
3 0.3556763285024155 0.4812703583061889 0.11292270531400966 0.07654723127035831
3 0.41545893719806765 0.31921824104234525 0.22644927536231885 0.25814332247557004
3 0.286231884057971 0.24592833876221498 0.16666666666666666 0.1986970684039088
1 0.9178743961352657 0.23289902280130292 0.0966183574879227 0.12214983713355049
0 0.5718599033816425 0.5651465798045603 0.035024154589371984 0.09120521172638436
1 0.5452898550724637 0.7638436482084691 0.08574879227053141 0.09771986970684039
8 0.5169082125603864 0.8387622149837134 0.05434782608695652 0.06188925081433225
9 0.34299516908212563 0.7996742671009772 0.09178743961352658 0.08143322475570032
9 0.19142512077294685 0.8648208469055375 0.10990338164251208 0.11563517915309446
7 0.7294685990338164 0.737785016286645 0.06763285024154589 0.1270358306188925