3 0.26487386958591147 0.35363836824696804 0.23940980485483104 0.2119625137816979
3 0.2903379343169919 0.14691289966923926 0.34316991908614947 0.2938257993384785
7 0.6808662541646835 0.2119625137816979 0.0663969538315088 0.06697905181918412
7 0.8722037125178487 0.07056229327453142 0.06425511661113756 0.06697905181918412
0 0.8260352213231794 0.18081587651598677 0.05711565920990005 0.0509922822491731
0 0.6656354117087101 0.2954796030871003 0.04783436458829129 0.04299889746416759
11 0.6825321275583056 0.3528114663726571 0.045454545454545456 0.03693495038588754
5 0.4928605425987625 0.8492282249173098 0.0737743931461209 0.14608599779492834
8 0.3626844359828653 0.5490628445424476 0.053307948595906714 0.06615214994487321
8 0.07829604950023798 0.5909592061742006 0.06711089957163256 0.07717750826901874
8 0.306282722513089 0.5942668136714443 0.06330318895763921 0.07001102535832414
7 0.43431699190861495 0.6455347298787211 0.09328891004283675 0.11025358324145534
7 0.1949071870537839 0.9156560088202866 0.07472632079961923 0.08269018743109151
7 0.4683484055211804 0.9244762954796031 0.12279866730128511 0.1278941565600882
8 0.7541646834840552 0.5264608599779493 0.05878153260352213 0.06367144432194047
11 0.8015230842455974 0.726295479603087 0.06949071870537839 0.07304299889746417
11 0.8469776297001428 0.9208930540242558 0.041884816753926704 0.041345093715545754
11 0.8465016658733936 0.8707276736493936 0.040694907187053785 0.03776185226019846
0 0.7408376963350786 0.8084343991179713 0.07068062827225131 0.07194046306504961