3 0.18986486486486487 0.3568796068796069 0.13851351351351351 0.14619164619164618
3 0.1358108108108108 0.2788697788697789 0.13378378378378378 0.12776412776412777
3 0.2756756756756757 0.2371007371007371 0.11216216216216217 0.09398034398034398
3 0.42702702702702705 0.32063882063882065 0.1358108108108108 0.13022113022113022
3 0.3027027027027027 0.32432432432432434 0.1195945945945946 0.11732186732186732
11 0.9871621621621621 0.057125307125307126 0.025675675675675677 0.05528255528255528
1 0.41824324324324325 0.6781326781326781 0.09864864864864865 0.08968058968058969
6 0.37364864864864866 0.8611793611793612 0.07027027027027027 0.051597051597051594
6 0.5114864864864865 0.9133906633906634 0.06486486486486487 0.060196560196560195
6 0.31351351351351353 0.7905405405405406 0.06351351351351352 0.07125307125307126
1 0.4783783783783784 0.7555282555282555 0.11351351351351352 0.10196560196560196
1 0.5351351351351351 0.7082309582309583 0.0891891891891892 0.0945945945945946
1 0.5506756756756757 0.797911547911548 0.05810810810810811 0.1167076167076167
1 0.5648648648648649 0.5995085995085995 0.02972972972972973 0.10810810810810811
1 0.5067567567567568 0.6326781326781327 0.14054054054054055 0.1167076167076167
1 0.5182432432432432 0.5657248157248157 0.12297297297297298 0.052825552825552825
1 0.5527027027027027 0.9047911547911548 0.05405405405405406 0.10687960687960688
1 0.32297297297297295 0.7033169533169533 0.12432432432432433 0.10933660933660934
1 0.39054054054054055 0.7874692874692875 0.10135135135135136 0.09336609336609336
1 0.4810810810810811 0.8507371007371007 0.14324324324324325 0.11302211302211303
1 0.40675675675675677 0.9441031941031941 0.15405405405405406 0.11179361179361179
4 0.8513513513513513 0.6934889434889435 0.06554054054054054 0.07616707616707617
4 0.768918918918919 0.8046683046683046 0.06891891891891892 0.08845208845208845
4 0.6702702702702703 0.9324324324324325 0.06351351351351352 0.07616707616707617
4 0.7013513513513514 0.5829238329238329 0.05945945945945946 0.057125307125307126
4 0.8304054054054054 0.5773955773955773 0.03648648648648649 0.044226044226044224
4 0.8729729729729729 0.5792383292383292 0.03783783783783784 0.04668304668304668
4 0.722972972972973 0.6775184275184275 0.056081081081081084 0.07002457002457002