3 0.39285714285714285 0.3351449275362319 0.15306122448979592 0.22826086956521738
3 0.2227891156462585 0.13949275362318841 0.391156462585034 0.27898550724637683
8 0.9642857142857143 0.30434782608695654 0.07142857142857142 0.14492753623188406
8 0.7517006802721088 0.26992753623188404 0.09863945578231292 0.13405797101449277
7 0.5085034013605442 0.24818840579710144 0.0782312925170068 0.10507246376811594
9 0.8401360544217688 0.29891304347826086 0.1326530612244898 0.13405797101449277
8 0.43197278911564624 0.4945652173913043 0.07482993197278912 0.09057971014492754
8 0.03741496598639456 0.7028985507246377 0.07482993197278912 0.2318840579710145
2 0.34183673469387754 0.8695652173913043 0.23809523809523808 0.20652173913043478
2 0.141156462585034 0.483695652173913 0.19387755102040816 0.06884057971014493
2 0.7108843537414966 0.9347826086956522 0.1564625850340136 0.13043478260869565
2 0.6462585034013606 0.7590579710144928 0.1054421768707483 0.11231884057971014
7 0.7602040816326531 0.8677536231884058 0.12585034013605442 0.10869565217391304