3 0.2990909090909091 0.2902777777777778 0.08363636363636363 0.08194444444444444
3 0.36954545454545457 0.2865740740740741 0.07136363636363637 0.07453703703703704
3 0.3368181818181818 0.3921296296296296 0.053181818181818184 0.06435185185185185
9 0.9663636363636363 0.19722222222222222 0.06727272727272728 0.10555555555555556
0 0.9545454545454546 0.3236111111111111 0.09090909090909091 0.12685185185185185
5 0.9663636363636363 0.0375 0.06 0.075
2 0.41954545454545455 0.8037037037037037 0.1409090909090909 0.2962962962962963
7 0.5172727272727272 0.6370370370370371 0.05454545454545454 0.07037037037037037
7 0.8163636363636364 0.7092592592592593 0.07090909090909091 0.08703703703703704
7 0.8527272727272728 0.7810185185185186 0.10636363636363637 0.11666666666666667
2 0.6422727272727272 0.8013888888888889 0.08181818181818182 0.11851851851851852
11 0.7009090909090909 0.8513888888888889 0.057272727272727274 0.05277777777777778
11 0.5686363636363636 0.7916666666666666 0.06727272727272728 0.05740740740740741
11 0.76 0.7171296296296297 0.045454545454545456 0.03611111111111111