3 0.4381510416666667 0.185546875 0.23958333333333334 0.1982421875
3 0.3346354166666667 0.0439453125 0.14908854166666666 0.0869140625
3 0.1953125 0.1669921875 0.23763020833333334 0.21875
8 0.646484375 0.349609375 0.048177083333333336 0.01953125
8 0.7200520833333334 0.091796875 0.049479166666666664 0.09765625
11 0.6419270833333334 0.0537109375 0.052083333333333336 0.095703125
9 0.72265625 0.23046875 0.0703125 0.109375
0 0.8385416666666666 0.3427734375 0.0546875 0.033203125
1 0.17903645833333334 0.490234375 0.09440104166666667 0.1171875
1 0.14322916666666666 0.6728515625 0.08463541666666667 0.1171875
1 0.23046875 0.67578125 0.08203125 0.119140625
1 0.3671875 0.6630859375 0.10481770833333333 0.1025390625
1 0.3697916666666667 0.7763671875 0.06705729166666667 0.0595703125
1 0.517578125 0.865234375 0.08463541666666667 0.0830078125
1 0.2747395833333333 0.865234375 0.091796875 0.1455078125
1 0.2526041666666667 0.984375 0.072265625 0.03125
6 0.7916666666666666 0.6416015625 0.055989583333333336 0.083984375
6 0.90234375 0.5439453125 0.055989583333333336 0.064453125
6 0.740234375 0.71875 0.06380208333333333 0.09765625
6 0.6217447916666666 0.5791015625 0.06380208333333333 0.072265625
6 0.6256510416666666 0.7314453125 0.11067708333333333 0.14453125
6 0.58984375 0.66796875 0.059895833333333336 0.07421875
10 0.69921875 0.6005859375 0.14973958333333334 0.13671875
10 0.8671875 0.6591796875 0.07291666666666667 0.109375
10 0.7838541666666666 0.7841796875 0.1171875 0.140625