0 0.17875 0.28035714285714286 0.055 0.09285714285714286
0 0.256875 0.3964285714285714 0.05625 0.04642857142857143
6 0.32875 0.2580357142857143 0.04625 0.11785714285714285
3 0.299375 0.02857142857142857 0.07375 0.05714285714285714
3 0.45875 0.17946428571428572 0.07 0.05892857142857143
3 0.4825 0.07767857142857143 0.03625 0.07321428571428572
3 0.228125 0.13214285714285715 0.06125 0.11785714285714285
3 0.305625 0.11696428571428572 0.04375 0.09464285714285714
3 0.0875 0.40089285714285716 0.055 0.0375
1 0.79 0.17589285714285716 0.06875 0.1125
1 0.81375 0.275 0.0675 0.06428571428571428
1 0.894375 0.37589285714285714 0.05125 0.0875
1 0.861875 0.21517857142857144 0.065 0.09285714285714286
8 0.966875 0.3267857142857143 0.0425 0.08214285714285714
6 0.690625 0.23035714285714284 0.06625 0.08214285714285714
9 0.186875 0.8803571428571428 0.07875 0.12857142857142856
8 0.068125 0.9714285714285714 0.09125 0.05714285714285714
0 0.26125 0.5267857142857143 0.08625 0.1357142857142857
0 0.22375 0.43660714285714286 0.06 0.033928571428571426
0 0.28875 0.8964285714285715 0.03625 0.08571428571428572
1 0.426875 0.5142857142857142 0.0425 0.05357142857142857
6 0.541875 0.45625 0.04875 0.07321428571428572
3 0.868125 0.6785714285714286 0.056875 0.07232142857142858
3 0.915 0.7285714285714285 0.0475 0.06875
3 0.92125 0.5875 0.0325 0.06607142857142857