10 0.44675925925925924 0.20741758241758243 0.5432098765432098 0.3021978021978022
7 0.84375 0.25137362637362637 0.04359567901234568 0.1559065934065934
8 0.18055555555555555 0.7087912087912088 0.055169753086419755 0.044642857142857144
8 0.3175154320987654 0.845467032967033 0.04822530864197531 0.03777472527472527
8 0.0933641975308642 0.8839285714285714 0.03973765432098766 0.03365384615384615
8 0.4402006172839506 0.5618131868131868 0.05246913580246913 0.057692307692307696
11 0.3429783950617284 0.8853021978021978 0.03819444444444445 0.017170329670329672
11 0.3587962962962963 0.9052197802197802 0.02970679012345679 0.029532967032967032
11 0.38425925925925924 0.9223901098901099 0.032407407407407406 0.032280219780219783
11 0.42322530864197533 0.9375 0.032407407407407406 0.02815934065934066
11 0.3121141975308642 0.9313186813186813 0.02546296296296296 0.022664835164835164
11 0.19753086419753085 0.8990384615384616 0.02970679012345679 0.03914835164835165
11 0.15354938271604937 0.7726648351648352 0.062114197530864196 0.03365384615384615
11 0.38927469135802467 0.657967032967033 0.03819444444444445 0.030906593406593408
11 0.34683641975308643 0.603021978021978 0.04513888888888889 0.048763736263736264
11 0.279320987654321 0.6957417582417582 0.04243827160493827 0.05151098901098901
11 0.10030864197530864 0.8358516483516484 0.032407407407407406 0.02815934065934066
11 0.25617283950617287 0.7534340659340659 0.05941358024691358 0.06456043956043957
11 0.5667438271604939 0.8262362637362637 0.0466820987654321 0.05013736263736264
11 0.5007716049382716 0.8708791208791209 0.05092592592592592 0.04326923076923077
11 0.45717592592592593 0.6318681318681318 0.03819444444444445 0.04189560439560439
11 0.41165123456790126 0.6098901098901099 0.023919753086419752 0.030906593406593408
11 0.4965277777777778 0.7465659340659341 0.05941358024691358 0.03777472527472527
11 0.06597222222222222 0.8186813186813187 0.03819444444444445 0.040521978021978024
7 0.3487654320987654 0.7232142857142857 0.055169753086419755 0.03502747252747253
7 0.3777006172839506 0.7644230769230769 0.062114197530864196 0.03502747252747253
7 0.1705246913580247 0.8111263736263736 0.04513888888888889 0.036401098901098904
7 0.22415123456790123 0.7980769230769231 0.023919753086419752 0.040521978021978024
0 0.6296296296296297 0.6153846153846154 0.09915123456790123 0.05357142857142857
7 0.14583333333333334 0.8784340659340659 0.04243827160493827 0.036401098901098904
7 0.2959104938271605 0.8070054945054945 0.03973765432098766 0.032280219780219783
7 0.25540123456790126 0.8282967032967034 0.04513888888888889 0.048763736263736264
7 0.20871913580246915 0.8729395604395604 0.03819444444444445 0.036401098901098904
7 0.0941358024691358 0.8118131868131868 0.04089506172839506 0.03502747252747253
7 0.2496141975308642 0.8798076923076923 0.04089506172839506 0.03365384615384615
7 0.35648148148148145 0.8578296703296703 0.06095679012345679 0.04601648351648352
7 0.47415123456790126 0.8358516483516484 0.04398148148148148 0.03502747252747253
7 0.5513117283950617 0.5673076923076923 0.04822530864197531 0.044642857142857144
7 0.5497685185185185 0.6146978021978022 0.05246913580246913 0.05013736263736264