10 0.08875 0.27375 0.114375 0.265
10 0.17625 0.134375 0.075625 0.20875
10 0.26375 0.23 0.10625 0.365625
7 0.76 0.045625 0.08375 0.06
7 0.658125 0.016875 0.06625 0.03375
7 0.685 0.158125 0.05 0.055
7 0.875 0.0575 0.0725 0.06125
7 0.41375 0.129375 0.05875 0.07125
11 0.453125 0.48375 0.05 0.05125
11 0.39625 0.43125 0.05 0.045
11 0.410625 0.35375 0.04 0.04125
11 0.679375 0.440625 0.055 0.0375
11 0.59875 0.481875 0.04 0.04375
11 0.868125 0.53375 0.06625 0.0125
11 0.72 0.389375 0.0425 0.0475
8 0.164375 0.789375 0.08875 0.0925
3 0.515 0.800625 0.080625 0.10125
3 0.525 0.6 0.0975 0.10375
3 0.425 0.77375 0.05375 0.099375