3 0.5489130434782609 0.16847826086956522 0.07608695652173914 0.18478260869565216
3 0.4492753623188406 0.3115942028985507 0.16666666666666666 0.10869565217391304
3 0.2427536231884058 0.15760869565217392 0.1956521739130435 0.15942028985507245
3 0.42934782608695654 0.18478260869565216 0.17028985507246377 0.14492753623188406
3 0.769927536231884 0.5018115942028986 0.08514492753623189 0.25
3 0.6268115942028986 0.37318840579710144 0.07789855072463768 0.2572463768115942
3 0.7481884057971014 0.2807971014492754 0.06159420289855073 0.1431159420289855
3 0.875 0.411231884057971 0.09239130434782608 0.2572463768115942
3 0.7989130434782609 0.28442028985507245 0.09239130434782608 0.322463768115942
8 0.10326086956521739 0.9438405797101449 0.13405797101449277 0.11231884057971014
2 0.4438405797101449 0.9329710144927537 0.19927536231884058 0.13405797101449277
3 0.7663043478260869 0.7409420289855072 0.358695652173913 0.22826086956521738
3 0.8260869565217391 0.8876811594202898 0.34782608695652173 0.2246376811594203