3 0.325 0.441875 0.223125 0.180625
3 0.300625 0.248125 0.185625 0.214375
7 0.7375 0.453125 0.056875 0.101875
7 0.93875 0.500625 0.055 0.11875
7 0.799375 0.09125 0.0475 0.080625
7 0.6125 0.345625 0.04625 0.09125
7 0.72125 0.050625 0.036875 0.0725
8 0.96125 0.19 0.040625 0.080625
8 0.955625 0.31625 0.02625 0.064375
8 0.89125 0.050625 0.055 0.066875
9 0.925625 0.253125 0.03375 0.118125
8 0.871875 0.125625 0.031875 0.045625
8 0.304375 0.626875 0.095 0.095
9 0.221875 0.94125 0.13125 0.1175
9 0.410625 0.92875 0.09 0.085
8 0.86 0.574375 0.05 0.02875
11 0.7325 0.735 0.05875 0.06625
11 0.608125 0.906875 0.03625 0.0375
11 0.63 0.858125 0.0375 0.0325
0 0.75625 0.84 0.06125 0.065