3 0.13307692307692306 0.28983833718244806 0.065 0.10508083140877598
3 0.09576923076923077 0.21016166281755197 0.055384615384615386 0.09526558891454966
3 0.06653846153846153 0.3406466512702079 0.04115384615384615 0.0825635103926097
9 0.5484615384615384 0.15242494226327943 0.18 0.23787528868360278
2 0.39692307692307693 0.14607390300230946 0.033846153846153845 0.10739030023094688
2 0.40076923076923077 0.05196304849884527 0.04153846153846154 0.10392609699769054
2 0.7757692307692308 0.3816397228637413 0.09615384615384616 0.13394919168591224
2 0.84 0.5306004618937644 0.1076923076923077 0.11662817551963048
7 0.6030769230769231 0.03579676674364896 0.09230769230769231 0.07159353348729793
7 0.41192307692307695 0.5144341801385681 0.06384615384615384 0.1489607390300231
6 0.2834615384615385 0.9058891454965358 0.05384615384615385 0.07505773672055427
6 0.3176923076923077 0.9387990762124712 0.03769230769230769 0.05889145496535797
6 0.28076923076923077 0.8383371824480369 0.06230769230769231 0.08198614318706697
6 0.32884615384615384 0.8371824480369515 0.027692307692307693 0.04157043879907621
6 0.35884615384615387 0.8446882217090069 0.02846153846153846 0.050808314087759814
6 0.2053846153846154 0.6264434180138568 0.06769230769230769 0.07505773672055427
6 0.16115384615384615 0.7182448036951501 0.0876923076923077 0.12471131639722864
6 0.27 0.7222863741339491 0.07153846153846154 0.11085450346420324
6 0.2696153846153846 0.6483833718244804 0.05692307692307692 0.07274826789838337
6 0.21384615384615385 0.7996535796766744 0.02846153846153846 0.046189376443418015
6 0.21115384615384616 0.6818706697459584 0.03076923076923077 0.046189376443418015
1 0.6576923076923077 0.9757505773672055 0.08461538461538462 0.04849884526558892
0 0.941923076923077 0.7274826789838337 0.07846153846153846 0.061200923787528866
0 0.8015384615384615 0.6535796766743649 0.06269230769230769 0.044457274826789836
0 0.9392307692307692 0.819284064665127 0.12153846153846154 0.09353348729792148
0 0.8542307692307692 0.8071593533487298 0.09153846153846154 0.0687066974595843
5 0.7369230769230769 0.7915704387990762 0.10461538461538461 0.07967667436489607
9 0.5503846153846154 0.924364896073903 0.07346153846153847 0.04792147806004619
9 0.4453846153846154 0.8625866050808314 0.12307692307692308 0.06697459584295612