3 0.26107142857142857 0.40875 0.08928571428571429 0.238125
3 0.3607142857142857 0.135625 0.08464285714285714 0.238125
3 0.2382142857142857 0.203125 0.06428571428571428 0.135625
3 0.15428571428571428 0.451875 0.09428571428571429 0.23375
3 0.19464285714285715 0.265625 0.09857142857142857 0.298125
8 0.8475 0.040625 0.03964285714285714 0.055625
9 0.7835714285714286 0.348125 0.06035714285714286 0.10125
0 0.6957142857142857 0.40125 0.07857142857142857 0.085
0 0.7978571428571428 0.2275 0.055714285714285716 0.068125
0 0.7446428571428572 0.248125 0.04178571428571429 0.060625
0 0.6207142857142857 0.281875 0.09571428571428571 0.139375
0 0.5896428571428571 0.43625 0.047142857142857146 0.0725
0 0.8789285714285714 0.176875 0.055714285714285716 0.066875
0 0.6764285714285714 0.274375 0.06035714285714286 0.069375
0 0.7071428571428572 0.149375 0.07535714285714286 0.061875
0 0.8010714285714285 0.139375 0.0625 0.0925
11 0.7157142857142857 0.063125 0.06035714285714286 0.0825
6 0.15285714285714286 0.648125 0.08571428571428572 0.1525
1 0.38285714285714284 0.978125 0.054285714285714284 0.04375
2 0.7871428571428571 0.5975 0.11 0.0575
2 0.5057142857142857 0.839375 0.07821428571428571 0.084375
2 0.43142857142857144 0.814375 0.0425 0.0875
8 0.8342857142857143 0.668125 0.04357142857142857 0.044375
8 0.8696428571428572 0.7 0.04 0.04125
9 0.7632142857142857 0.7625 0.13071428571428573 0.11875
2 0.6425 0.8825 0.08 0.081875