4 0.6485 0.04872563718140929 0.023 0.09745127436281859
4 0.159 0.1686656671664168 0.062 0.10044977511244378
1 0.0125 0.5464767616191905 0.025 0.046476761619190406
1 0.4475 0.15892053973013492 0.064 0.10194902548725637
1 0.3395 0.026986506746626688 0.049 0.053973013493253376
7 0.3435 0.27886056971514245 0.094 0.10644677661169415
7 0.3175 0.13118440779610194 0.059 0.09895052473763119
9 0.2615 0.31634182908545727 0.048 0.08545727136431784
11 0.004 0.3980509745127436 0.008 0.0944527736131934
8 0.0495 0.4542728635682159 0.078 0.06146926536731634
8 0.04 0.34707646176911544 0.067 0.08695652173913043
7 0.9095 0.12293853073463268 0.044 0.05247376311844078
8 0.844 0.10119940029985007 0.035 0.06296851574212893
8 0.9485 0.3523238380809595 0.025 0.044977511244377814
8 0.994 0.46026986506746626 0.012 0.050974512743628186
8 0.968 0.22263868065967016 0.042 0.047976011994003
11 0.789 0.1184407796101949 0.024 0.047976011994003
11 0.8135 0.08095952023988005 0.031 0.046476761619190406
11 0.82 0.13343328335832083 0.038 0.05697151424287856
11 0.889 0.0704647676161919 0.035 0.06146926536731634
11 0.9065 0.46926536731634183 0.032 0.049475262368815595
11 0.8835 0.3980509745127436 0.036 0.046476761619190406
11 0.9095 0.24437781109445278 0.035 0.049475262368815595
4 0.3155 0.6941529235382309 0.0695 0.07496251874062969
4 0.427 0.7511244377811095 0.0625 0.053973013493253376
4 0.439 0.8508245877061469 0.053 0.049475262368815595
4 0.3025 0.8073463268365817 0.053 0.06146926536731634
4 0.3145 0.9025487256371814 0.053 0.068215892053973
4 0.18 0.6319340329835083 0.053 0.06146926536731634
7 0.462 0.9167916041979011 0.055 0.08470764617691154
4 0.4885 0.8298350824587706 0.053 0.03973013493253373
4 0.705 0.9265367316341829 0.045 0.0937031484257871
4 0.752 0.8785607196401799 0.0435 0.08320839580209895
4 0.8735 0.8298350824587706 0.0505 0.08320839580209895
7 0.84 0.8500749625187406 0.036 0.0734632683658171
4 0.7805 0.7361319340329835 0.0615 0.08995502248875563