9 0.2592307692307692 0.15473441108545036 0.17307692307692307 0.21824480369515012
2 0.0926923076923077 0.13048498845265588 0.05923076923076923 0.10392609699769054
2 0.09115384615384615 0.22921478060046188 0.06230769230769231 0.10739030023094688
2 0.5026923076923077 0.01558891454965358 0.09153846153846154 0.03117782909930716
7 0.3007692307692308 0.30889145496535797 0.0876923076923077 0.12124711316397228
7 0.16538461538461538 0.3539260969976905 0.09538461538461539 0.03117782909930716
5 0.8103846153846154 0.0710161662817552 0.2703846153846154 0.1420323325635104
5 0.7923076923076923 0.17494226327944573 0.10576923076923077 0.06524249422632794
5 0.9257692307692308 0.1426096997690531 0.14653846153846153 0.08775981524249422
5 0.8711538461538462 0.19861431870669746 0.16 0.08314087759815242
5 0.7434615384615385 0.2586605080831409 0.13615384615384615 0.0687066974595843
5 0.6230769230769231 0.18706697459584296 0.06576923076923077 0.04907621247113164
5 0.8153846153846154 0.33545034642032334 0.05692307692307692 0.06755196304849885
5 0.8388461538461538 0.2863741339491917 0.1123076923076923 0.07043879907621248
5 0.8569230769230769 0.24826789838337182 0.08961538461538461 0.061200923787528866
5 0.6984615384615385 0.21420323325635104 0.085 0.04734411085450346
3 0.4419230769230769 0.418013856812933 0.09846153846153846 0.0964203233256351
3 0.47423076923076923 0.5069284064665127 0.07076923076923076 0.08371824480369515
3 0.3723076923076923 0.5069284064665127 0.05923076923076923 0.07448036951501155
3 0.29846153846153844 0.5178983833718245 0.12 0.20207852193995382
3 0.4857692307692308 0.6045034642032333 0.1396153846153846 0.1535796766743649
3 0.3830769230769231 0.7465357967667436 0.10692307692307693 0.12297921478060046
3 0.4207692307692308 0.8187066974595842 0.12153846153846154 0.1426096997690531
3 0.3573076923076923 0.9353348729792148 0.14307692307692307 0.12933025404157045
3 0.24807692307692308 0.8031177829099307 0.08692307692307692 0.11200923787528869
3 0.18807692307692309 0.7153579676674365 0.1280769230769231 0.16685912240184758
3 0.11653846153846154 0.6027713625866051 0.23307692307692307 0.2702078521939954
4 0.8223076923076923 0.6351039260969977 0.036153846153846154 0.07678983833718245
7 0.9776923076923076 0.7869515011547344 0.03346153846153846 0.0710161662817552