2 0.139453125 0.33541666666666664 0.10390625 0.16805555555555557
2 0.338671875 0.25 0.053125 0.09444444444444444
2 0.52734375 0.3368055555555556 0.0375 0.09166666666666666
9 0.10234375 0.16319444444444445 0.09453125 0.1388888888888889
1 0.81328125 0.2520833333333333 0.071484375 0.08819444444444445
1 0.914453125 0.24097222222222223 0.054296875 0.04652777777777778
1 0.6296875 0.18472222222222223 0.0328125 0.04861111111111111
1 0.85078125 0.25555555555555554 0.058203125 0.0625
1 0.7203125 0.22361111111111112 0.057421875 0.059027777777777776
1 0.8484375 0.18958333333333333 0.055078125 0.04652777777777778
1 0.801953125 0.1798611111111111 0.05 0.06944444444444445
8 0.2671875 0.7798611111111111 0.04140625 0.06944444444444445
7 0.2859375 0.4395833333333333 0.03203125 0.04027777777777778
7 0.3109375 0.88125 0.044921875 0.059027777777777776
3 0.83046875 0.5430555555555555 0.246875 0.24722222222222223
3 0.626171875 0.8208333333333333 0.071484375 0.20625
3 0.8328125 0.9569444444444445 0.07890625 0.08541666666666667
3 0.87734375 0.7826388888888889 0.160546875 0.2951388888888889
3 0.7890625 0.69375 0.11875 0.22847222222222222