9 0.1544477028347996 0.14222873900293256 0.25219941348973607 0.2668621700879765
9 0.11730205278592376 0.4567448680351906 0.18181818181818182 0.1656891495601173
10 0.48729227761485827 0.2089442815249267 0.2316715542521994 0.32697947214076245
10 0.6627565982404692 0.13196480938416422 0.15786901270772238 0.2470674486803519
10 0.8049853372434017 0.2837243401759531 0.23362658846529813 0.4142228739002933
8 0.09726295210166178 0.5997067448680352 0.06842619745845552 0.12023460410557185
8 0.1681329423264907 0.7749266862170088 0.0469208211143695 0.09310850439882698
11 0.6348973607038123 0.9288856304985337 0.06060606060606061 0.05718475073313783
11 0.4838709677419355 0.8057184750733137 0.0552297165200391 0.06158357771260997
11 0.7913000977517106 0.6165689149560117 0.14711632453567938 0.1092375366568915
11 0.864613880742913 0.8812316715542522 0.08406647116324535 0.09017595307917889
11 0.7204301075268817 0.9706744868035191 0.06842619745845552 0.047653958944281524
11 0.44330400782013685 0.656891495601173 0.12072336265884653 0.1187683284457478
11 0.5508308895405669 0.6832844574780058 0.07331378299120235 0.08577712609970674
11 0.4521016617790811 0.7624633431085044 0.04740957966764418 0.0593841642228739
1 0.7502443792766373 0.7118768328445748 0.07624633431085044 0.07844574780058651
1 0.6192570869990225 0.7082111436950147 0.07086999022482894 0.05718475073313783
11 0.7346041055718475 0.9156891495601173 0.0552297165200391 0.06671554252199413
11 0.6793743890518084 0.9303519061583577 0.036656891495601175 0.03592375366568915
11 0.7805474095796676 0.9772727272727273 0.042033235581622676 0.03592375366568915
11 0.8069403714565004 0.8966275659824047 0.04447702834799609 0.03812316715542522