9 0.2421875 0.4985358711566618 0.19140625 0.1800878477306003
8 0.4208984375 0.45900439238653 0.103515625 0.13616398243045388
8 0.43701171875 0.541727672035139 0.1240234375 0.09370424597364568
2 0.4287109375 0.24084919472913616 0.162109375 0.2913616398243045
2 0.1708984375 0.07613469985358712 0.1328125 0.15226939970717424
2 0.0185546875 0.4084919472913616 0.037109375 0.16105417276720352
9 0.71728515625 0.47218155197657397 0.0966796875 0.14641288433382138
9 0.77099609375 0.06515373352855051 0.1064453125 0.13030746705710103
8 0.7578125 0.5226939970717424 0.041015625 0.0746705710102489
8 0.9326171875 0.4633967789165447 0.044921875 0.05856515373352855
8 0.9287109375 0.465592972181552 0.0986328125 0.13323572474377746
5 0.97900390625 0.3557833089311859 0.0419921875 0.11127379209370425
7 0.76708984375 0.2547584187408492 0.060546875 0.06442166910688141
8 0.35693359375 0.8118594436310396 0.0537109375 0.0746705710102489
7 0.17529296875 0.7679355783308931 0.05859375 0.0841874084919473
8 0.31787109375 0.9392386530014641 0.0361328125 0.05197657393850659
8 0.271484375 0.7855051244509517 0.060546875 0.08638360175695461
2 0.05078125 0.767203513909224 0.04833984375 0.06222547584187409
2 0.21337890625 0.8711566617862372 0.07275390625 0.08931185944363104
7 0.36962890625 0.9143484626647145 0.04150390625 0.05710102489019034
7 0.97412109375 0.8455344070278185 0.0517578125 0.09809663250366032
7 0.52587890625 0.9641288433382138 0.0322265625 0.07174231332357248