7 0.37166666666666665 0.3729166666666667 0.08916666666666667 0.10916666666666666
7 0.06958333333333333 0.27208333333333334 0.04375 0.11625
8 0.16625 0.22708333333333333 0.06583333333333333 0.12833333333333333
6 0.97 0.14333333333333334 0.06 0.10666666666666667
6 0.7329166666666667 0.25083333333333335 0.12583333333333332 0.0975
6 0.8920833333333333 0.18458333333333332 0.09333333333333334 0.14916666666666667
6 0.60625 0.15083333333333335 0.12416666666666666 0.15333333333333332
6 0.5904166666666667 0.04791666666666667 0.22083333333333333 0.09583333333333334
6 0.22125 0.67 0.2833333333333333 0.22166666666666668
6 0.1625 0.8120833333333334 0.125 0.12291666666666666
10 0.665 0.7516666666666667 0.195 0.2916666666666667
10 0.8395833333333333 0.785 0.16916666666666666 0.2733333333333333
10 0.97375 0.8641666666666666 0.0525 0.10833333333333334
10 0.6545833333333333 0.9325 0.215 0.135
10 0.54 0.7216666666666667 0.05291666666666667 0.11833333333333333
10 0.5041666666666667 0.6158333333333333 0.04791666666666667 0.13166666666666665