9 0.07268518518518519 0.2324074074074074 0.14537037037037037 0.14629629629629629
8 0.30462962962962964 0.0712962962962963 0.06111111111111111 0.058333333333333334
5 0.30185185185185187 0.34074074074074073 0.03888888888888889 0.07962962962962963
5 0.2412037037037037 0.24305555555555555 0.046296296296296294 0.06666666666666667
10 0.8342592592592593 0.13194444444444445 0.05787037037037037 0.03935185185185185
10 0.9236111111111112 0.13287037037037036 0.05416666666666667 0.03657407407407407
10 0.8453703703703703 0.08703703703703704 0.07407407407407407 0.0412037037037037
10 0.6393518518518518 0.10694444444444444 0.13194444444444445 0.06018518518518518
10 0.5444444444444444 0.044444444444444446 0.12314814814814815 0.05648148148148148
10 0.5523148148148148 0.10694444444444444 0.04814814814814815 0.049074074074074076
10 0.8805555555555555 0.1412037037037037 0.025 0.022685185185185187
10 0.912962962962963 0.18101851851851852 0.03287037037037037 0.024074074074074074
10 0.649074074074074 0.06620370370370371 0.08703703703703704 0.037037037037037035
0 0.06296296296296296 0.4203703703703704 0.05925925925925926 0.040740740740740744
5 0.03518518518518519 0.6652777777777777 0.07037037037037037 0.125
9 0.11805555555555555 0.9712962962962963 0.07314814814814814 0.05740740740740741
9 0.2800925925925926 0.9324074074074075 0.13240740740740742 0.08703703703703704
5 0.6 0.6754629629629629 0.32037037037037036 0.30324074074074076
5 0.6476851851851851 0.8819444444444444 0.1388888888888889 0.13194444444444445
5 0.7643518518518518 0.7416666666666667 0.04351851851851852 0.1125
5 0.8675925925925926 0.8685185185185185 0.1712962962962963 0.1925925925925926
5 0.8458333333333333 0.5037037037037037 0.17037037037037037 0.16620370370370371
2 0.5467592592592593 0.4685185185185185 0.07962962962962963 0.12083333333333333