8 0.01171875 0.4598039215686274 0.0234375 0.060784313725490195
8 0.06015625 0.40441176470588236 0.05703125 0.06568627450980392
8 0.19921875 0.40931372549019607 0.06015625 0.07549019607843137
9 0.30078125 0.5892156862745098 0.0890625 0.11764705882352941
9 0.25546875 0.36176470588235293 0.1203125 0.1892156862745098
7 0.264453125 0.1230392156862745 0.05546875 0.0803921568627451
7 0.14296875 0.4200980392156863 0.05625 0.07254901960784314
7 0.09921875 0.4602941176470588 0.05 0.06666666666666667
3 0.570703125 0.15637254901960784 0.26171875 0.22450980392156863
3 0.846484375 0.317156862745098 0.18515625 0.153921568627451
3 0.681640625 0.3764705882352941 0.155859375 0.13431372549019607
3 0.905078125 0.4308823529411765 0.18984375 0.18872549019607843
1 0.791015625 0.221078431372549 0.191796875 0.16666666666666666
1 0.78671875 0.10245098039215686 0.191796875 0.16323529411764706
9 0.084375 0.7112745098039216 0.0546875 0.06568627450980392
9 0.0234375 0.7254901960784313 0.034375 0.04607843137254902
9 0.034765625 0.7818627450980392 0.0375 0.0392156862745098
9 0.218359375 0.917156862745098 0.0390625 0.052941176470588235
9 0.087109375 0.9230392156862746 0.0375 0.05196078431372549
9 0.3734375 0.9161764705882353 0.05234375 0.059803921568627454
8 0.30546875 0.8220588235294117 0.03828125 0.041176470588235294
8 0.25703125 0.9024509803921569 0.0296875 0.03627450980392157
2 0.365625 0.8151960784313725 0.04375 0.049019607843137254
2 0.338671875 0.7441176470588236 0.059375 0.0784313725490196
0 0.232421875 0.8004901960784314 0.03203125 0.05392156862745098
4 0.684375 0.8470588235294118 0.1078125 0.09362745098039216