1 0.15254237288135594 0.5666131621187801 0.05569007263922518 0.025682182985553772
0 0.08958837772397095 0.5272873194221509 0.05811138014527845 0.1043338683788122
9 0.39648910411622273 0.41813804173354735 0.10048426150121065 0.11235955056179775
9 0.5320823244552058 0.5593900481540931 0.09806295399515738 0.04012841091492777
7 0.3789346246973366 0.5248796147672552 0.07990314769975787 0.09951845906902086
7 0.4703389830508475 0.49036918138041735 0.08595641646489104 0.11556982343499198
7 0.6676755447941889 0.36918138041733545 0.09443099273607748 0.11717495987158909
7 0.400726392251816 0.31059390048154095 0.08837772397094432 0.09309791332263243
7 0.7596852300242131 0.015248796147672551 0.07869249394673124 0.030497592295345103
7 0.39891041162227603 0.20626003210272872 0.07384987893462469 0.11075441412520064
7 0.47094430992736075 0.2174959871589085 0.09685230024213075 0.13162118780096307
7 0.5538740920096852 0.4446227929373997 0.08716707021791767 0.10272873194221509
7 0.6779661016949152 0.19101123595505617 0.1016949152542373 0.14285714285714285
7 0.4721549636803874 0.8370786516853933 0.06658595641646489 0.06581059390048154
7 0.4092009685230024 0.8619582664526485 0.08958837772397095 0.1187800963081862
7 0.3698547215496368 0.9365971107544141 0.06174334140435835 0.0754414125200642
7 0.49213075060532685 0.9887640449438202 0.06658595641646489 0.02247191011235955
7 0.6307506053268765 0.8996789727126806 0.07263922518159806 0.10593900481540931
7 0.8087167070217918 0.985553772070626 0.09443099273607748 0.028892455858747994
7 0.562953995157385 0.8788121990369181 0.059322033898305086 0.0754414125200642
7 0.6325665859564165 0.7343499197431782 0.05447941888619855 0.07223113964686999
8 0.9170702179176755 0.5898876404494382 0.09564164648910412 0.02086677367576244