7 0.21367884451996602 0.4823008849557522 0.12276975361087511 0.09418457648546144
7 0.5344095157179269 0.15739570164348926 0.06627017841971113 0.13084702907711757
8 0.40271877655055227 0.19152970922882429 0.0955819881053526 0.14664981036662453
10 0.8050127442650807 0.3419721871049305 0.10790144435004248 0.12010113780025285
10 0.6869158878504673 0.22756005056890014 0.09430756159728122 0.21744627054361568
10 0.6979609175870858 0.40139064475347663 0.0951571792693288 0.09987357774968394
10 0.7638062871707731 0.4443742098609355 0.07476635514018691 0.08596713021491782
4 0.32370433305012747 0.9058154235145386 0.11894647408666101 0.1011378002528445
4 0.4490229396771453 0.7515802781289507 0.10662701784197111 0.0865992414664981
4 0.32837723024638915 0.7566371681415929 0.07179269328802039 0.07016434892541087
4 0.318606627017842 0.5493046776232617 0.062022090059473234 0.038558786346396964
8 0.13636363636363635 0.9879898862199747 0.09430756159728122 0.02402022756005057
4 0.4562446898895497 0.8419721871049305 0.1265930331350892 0.11820480404551201
4 0.5998300764655905 0.831858407079646 0.07986406117247238 0.10872313527180784
9 0.1873406966864911 0.8685208596713021 0.14401019541206458 0.15423514538558786
7 0.1389124893797791 0.6346396965865992 0.11172472387425658 0.08912768647281921
4 0.2740016992353441 0.7275600505689002 0.08198810535259134 0.07458912768647281
4 0.7429906542056075 0.7509481668773704 0.052676295666949875 0.07332490518331226
4 0.8491928632115548 0.7768647281921618 0.05437553101104503 0.08849557522123894
4 0.9740866610025488 0.8027812895069533 0.051826677994902294 0.07332490518331226
4 0.7926932880203909 0.5524652338811631 0.0514018691588785 0.045512010113780026
4 0.703483432455395 0.6428571428571429 0.02931180968564146 0.04298356510745891
4 0.6762956669498725 0.6763590391908976 0.02931180968564146 0.045512010113780026
4 0.8220050977060323 0.6415929203539823 0.045029736618521665 0.06890012642225031
7 0.6686491079014444 0.6042983565107459 0.04970263381478335 0.05625790139064475