9 0.1590909090909091 0.191015625 0.04151515151515151 0.06953125
2 0.2833333333333333 0.25078125 0.029696969696969697 0.0625
2 0.1921212121212121 0.266015625 0.029696969696969697 0.06953125
2 0.3621212121212121 0.18203125 0.021212121212121213 0.04296875
2 0.2733333333333333 0.134765625 0.02484848484848485 0.0765625
8 0.1703030303030303 0.1109375 0.031212121212121212 0.0484375
11 0.936060606060606 0.2046875 0.0903030303030303 0.13515625
11 0.9130303030303031 0.4625 0.0696969696969697 0.075
1 0.5872727272727273 0.219921875 0.12121212121212122 0.12890625
9 0.11636363636363636 0.64921875 0.09454545454545454 0.08828125
9 0.17515151515151514 0.986328125 0.04606060606060606 0.02734375
9 0.1696969696969697 0.63671875 0.029393939393939392 0.03828125
0 0.07909090909090909 0.793359375 0.08606060606060606 0.06171875
0 0.06272727272727273 0.833984375 0.11545454545454545 0.054296875
0 0.09 0.73828125 0.07363636363636364 0.05703125
0 0.23696969696969697 0.888671875 0.07121212121212121 0.060546875
0 0.15424242424242424 0.84921875 0.06272727272727273 0.060546875
0 0.2475757575757576 0.79375 0.0906060606060606 0.08203125
7 0.6136363636363636 0.894921875 0.062424242424242424 0.05546875
7 0.6781818181818182 0.9421875 0.052121212121212124 0.059375
7 0.6775757575757576 0.8171875 0.04 0.04765625
7 0.5366666666666666 0.871484375 0.05454545454545454 0.0546875
7 0.86 0.872265625 0.04757575757575758 0.060546875
11 0.8718181818181818 0.59453125 0.03909090909090909 0.044921875
11 0.9051515151515152 0.641796875 0.038181818181818185 0.03984375
11 0.886969696969697 0.7 0.031212121212121212 0.0359375
11 0.9803030303030303 0.736328125 0.03939393939393939 0.03671875
11 0.7118181818181818 0.6 0.040606060606060604 0.033984375
11 0.7715151515151515 0.578125 0.031212121212121212 0.037890625
11 0.593939393939394 0.506640625 0.048484848484848485 0.01328125
11 0.7451515151515151 0.986328125 0.053636363636363635 0.02734375
11 0.6787878787878788 0.634375 0.03393939393939394 0.03984375