3 0.610625 0.3599320882852292 0.145 0.1799660441426146
3 0.36625 0.266553480475382 0.1325 0.1833616298811545
3 0.571875 0.20118845500848898 0.105625 0.10271646859083192
3 0.786875 0.29541595925297115 0.15625 0.18421052631578946
3 0.66 0.2037351443123939 0.15625 0.23174872665534804
6 0.2225 0.7487266553480475 0.06625 0.10611205432937182
6 0.12125 0.7368421052631579 0.091875 0.09507640067911714
6 0.21125 0.9278438030560272 0.049375 0.07555178268251274
6 0.13125 0.9745331069609507 0.0225 0.050933786078098474
7 0.56875 0.5203735144312394 0.09875 0.13752122241086587
11 0.741875 0.8522920203735145 0.05875 0.12563667232597622
11 0.85875 0.5577249575551783 0.06125 0.10526315789473684