9 0.461875 0.23875 0.0675 0.069375
2 0.221875 0.2575 0.045625 0.064375
2 0.38625 0.31 0.04375 0.07375
2 0.09 0.14875 0.0325 0.045
2 0.263125 0.13 0.03375 0.085
8 0.4575 0.143125 0.05125 0.048125
11 0.930625 0.16125 0.085 0.03
11 0.875 0.019375 0.08 0.03875
11 0.783125 0.09 0.06625 0.0875
8 0.579375 0.59125 0.14625 0.025
8 0.503125 0.95375 0.05875 0.0925
8 0.2425 0.94875 0.09375 0.09375
9 0.16625 0.635 0.1275 0.1125
9 0.66625 0.908125 0.1175 0.1275
9 0.35375 0.64875 0.08875 0.0825
0 0.874375 0.696875 0.09125 0.08375