1 0.04375 0.17584963954685892 0.032916666666666664 0.039392378990731204
1 0.11416666666666667 0.23249227600411945 0.028958333333333332 0.035015447991761074
1 0.11583333333333333 0.35993820803295573 0.026875 0.019309989701338827
8 0.43 0.1727600411946447 0.029583333333333333 0.04016477857878476
9 0.4041666666666667 0.023944387229660143 0.059166666666666666 0.047888774459320285
2 0.2708333333333333 0.23249227600411945 0.05708333333333333 0.05664263645726056
11 0.18625 0.1794541709577755 0.0475 0.0378475798146241
9 0.73625 0.30818743563336765 0.12833333333333333 0.12306900102986612
0 0.7935416666666667 0.21163748712667355 0.10041666666666667 0.14521112255406798
7 0.9260416666666667 0.028578784757981462 0.057916666666666665 0.057157569515962924
8 0.3925 0.5218846549948507 0.04708333333333333 0.06539649845520082
8 0.15541666666666668 0.8220906282183316 0.0625 0.06591143151390319
9 0.44958333333333333 0.801750772399588 0.10041666666666667 0.11946446961894953
9 0.36270833333333335 0.755664263645726 0.07 0.0690010298661174
7 0.03375 0.8354788877445932 0.0675 0.13439752832131824
7 0.4083333333333333 0.9778578784757982 0.10416666666666667 0.044284243048403706
7 0.29875 0.8148815653964985 0.095 0.12873326467559218
0 0.45979166666666665 0.42224510813594235 0.08291666666666667 0.10504634397528322
11 0.730625 0.6678681771369722 0.07041666666666667 0.10221421215242019
11 0.8591666666666666 0.559989701338826 0.035208333333333335 0.08522142121524202
7 0.76125 0.743048403707518 0.03666666666666667 0.05690010298661174
7 0.6708333333333333 0.745880535530381 0.04895833333333333 0.0738928939237899
7 0.8041666666666667 0.5826467559217302 0.09020833333333333 0.167610710607621
7 0.655625 0.82389289392379 0.03208333333333333 0.04531410916580844
7 0.791875 0.7628733264675592 0.03375 0.06256436663233779