9 0.17718191377497372 0.3598901098901099 0.04030844724851034 0.06471306471306472
9 0.257273045916579 0.2622100122100122 0.02663862600771118 0.050061050061050064
8 0.22590255871012968 0.4255189255189255 0.025937609533824044 0.04151404151404151
8 0.1806869961444094 0.4694749694749695 0.016473887136347704 0.03296703296703297
8 0.15562565720294427 0.4542124542124542 0.020855240098142307 0.03785103785103785
7 0.21801612337889942 0.19566544566544566 0.03452506133894147 0.03907203907203907
7 0.19978969505783387 0.297008547008547 0.015772870662460567 0.03663003663003663
7 0.13617245005257625 0.36477411477411475 0.025236593059936908 0.06105006105006105
2 0.7308096740273397 0.21947496947496947 0.07010164738871363 0.10897435897435898
9 0.5583596214511041 0.3156288156288156 0.0473186119873817 0.10042735042735043
8 0.5205047318611987 0.409035409035409 0.04556607080266386 0.08028083028083029
7 0.7527164388363127 0.35744810744810745 0.039782684893094986 0.051587301587301584
7 0.6806869961444094 0.43772893772893773 0.04924640729057133 0.07173382173382173
7 0.6351209253417456 0.3873626373626374 0.04924640729057133 0.07173382173382173
1 0.019102698913424466 0.8522588522588522 0.03820539782684893 0.03296703296703297
1 0.2788293024886085 0.8589743589743589 0.04030844724851034 0.031746031746031744
1 0.13687346652646337 0.7512210012210012 0.05152471083070452 0.03632478632478633
7 0.3324570627409744 0.677960927960928 0.04118471784086926 0.036935286935286936
7 0.13617245005257625 0.699023199023199 0.03820539782684893 0.040903540903540904
7 0.00858745180511742 0.8830891330891331 0.01717490361023484 0.03296703296703297
11 0.18243953732912724 0.775030525030525 0.03732912723449001 0.03815628815628816
11 0.08307045215562565 0.7411477411477412 0.035226077812828605 0.035103785103785104
11 0.1596565019277953 0.6190476190476191 0.04328776726253067 0.033577533577533576
1 0.46880476691202244 0.7747252747252747 0.017875920084121977 0.06227106227106227
1 0.517875920084122 0.7481684981684982 0.03820539782684893 0.057997557997558
1 0.48387662110059587 0.6706349206349206 0.02909218366631616 0.06105006105006105
1 0.634770417104802 0.8354700854700855 0.0473186119873817 0.07203907203907203
11 0.7367683140553803 0.6480463980463981 0.06133894146512443 0.061660561660561664
11 0.7588503329828251 0.7484737484737485 0.06554504030844725 0.10195360195360195