8 0.011875 0.365625 0.02375 0.06875
2 0.293125 0.290625 0.09375 0.09625
1 0.78625 0.419375 0.09 0.07375
7 0.44875 0.309375 0.0725 0.07375
7 0.779375 0.32 0.06875 0.08
11 0.715 0.47 0.06625 0.075
11 0.874375 0.3925 0.0625 0.06875
11 0.726875 0.173125 0.07625 0.0675
9 0.051875 0.581875 0.10375 0.10375
9 0.713125 0.554375 0.09625 0.04875
7 0.898125 0.561875 0.05875 0.06
8 0.745625 0.875625 0.06125 0.05375
8 0.570625 0.605 0.10375 0.08875
8 0.618125 0.639375 0.04125 0.04875
7 0.67625 0.641875 0.06125 0.055
7 0.973125 0.555 0.05375 0.05
7 0.7025 0.93625 0.06875 0.0625
7 0.609375 0.54625 0.07125 0.0325