1 0.29638671875 0.328857421875 0.027587890625 0.043212890625
1 0.260986328125 0.3408203125 0.020751953125 0.039306640625
1 0.27734375 0.39404296875 0.016357421875 0.040283203125
1 0.38330078125 0.4619140625 0.033935546875 0.068603515625
1 0.3447265625 0.455810546875 0.031982421875 0.063720703125
1 0.201171875 0.27490234375 0.02587890625 0.04931640625
11 0.187744140625 0.53369140625 0.03564453125 0.072021484375
11 0.294189453125 0.620849609375 0.03564453125 0.05810546875
11 0.14306640625 0.388916015625 0.03271484375 0.043701171875
11 0.1337890625 0.321533203125 0.035888671875 0.069580078125
11 0.298583984375 0.162109375 0.034423828125 0.07861328125
6 0.9130859375 0.5556640625 0.05859375 0.08203125
6 0.94921875 0.27294921875 0.1015625 0.1181640625
6 0.919921875 0.383544921875 0.07421875 0.1181640625
6 0.910888671875 0.022216796875 0.03955078125 0.04443359375
3 0.759521484375 0.54931640625 0.091796875 0.087890625
7 0.398193359375 0.815673828125 0.0673828125 0.0625
7 0.326171875 0.8369140625 0.06396484375 0.06494140625
7 0.105712890625 0.72412109375 0.06787109375 0.0634765625
7 0.347412109375 0.759765625 0.0595703125 0.06005859375
7 0.505615234375 0.82177734375 0.04833984375 0.046875
7 0.272216796875 0.892578125 0.080078125 0.07763671875
1 0.9326171875 0.85498046875 0.04833984375 0.0498046875
1 0.87646484375 0.98974609375 0.05859375 0.0205078125
1 0.841552734375 0.8134765625 0.05908203125 0.05810546875
1 0.950927734375 0.978759765625 0.05224609375 0.04248046875
1 0.900634765625 0.673583984375 0.05224609375 0.04736328125