8 0.29634397528321316 0.0641091658084449 0.07621009268795056 0.06333676622039135
9 0.020339855818743563 0.24536560247167868 0.040679711637487126 0.11585993820803296
9 0.04531410916580844 0.148043254376931 0.08496395468589084 0.06591143151390319
7 0.427394438722966 0.02188465499485067 0.08444902162718847 0.04376930998970134
7 0.3135942327497425 0.404994850669413 0.08856848609680741 0.08496395468589084
7 0.1431513903192585 0.40242018537590113 0.12461380020597322 0.12924819773429455
7 0.14392378990731206 0.15447991761071062 0.11380020597322348 0.12615859938208032
1 0.8318743563336766 0.29170957775489187 0.10221421215242019 0.08290422245108137
1 0.8094747682801235 0.22682801235839342 0.10710607621009269 0.08110195674562307
1 0.7299176107106076 0.17404737384140062 0.10221421215242019 0.08290422245108137
1 0.736096807415036 0.26930998970133885 0.10221421215242019 0.08496395468589084
1 0.7770339855818743 0.3259526261585994 0.08470648815653965 0.06488156539649846
1 0.6750772399588053 0.28553038105046347 0.08959835221421215 0.07698249227600412
8 0.25746652935118436 0.8022657054582905 0.03372811534500515 0.06230690010298661
7 0.23944387229660144 0.4979402677651905 0.026261585993820804 0.035787847579814624
7 0.223480947476828 0.8941812564366632 0.035787847579814624 0.05303810504634397
8 0.6217816683831102 0.981719876416066 0.06024716786817714 0.036560247167868175
8 0.875643666323378 0.7381565396498455 0.04685890834191555 0.054067971163748715
7 0.9796601441812565 0.5818743563336766 0.040679711637487126 0.08341915550978372
9 0.824150360453141 0.907826982492276 0.04737384140061792 0.05303810504634397
9 0.5756951596292482 0.6140576725025747 0.06230690010298661 0.07260556127703399