9 0.26953125 0.43484626647144947 0.181640625 0.24743777452415813
9 0.2001953125 0.20717423133235724 0.087890625 0.14494875549048317
8 0.0986328125 0.5505124450951684 0.0986328125 0.12445095168374817
8 0.0732421875 0.4407027818448023 0.1201171875 0.14055636896046853
2 0.50830078125 0.5197657393850659 0.0419921875 0.15226939970717424
2 0.09912109375 0.22108345534407028 0.1171875 0.21815519765739386
5 0.72265625 0.35724743777452417 0.2900390625 0.35724743777452417
2 0.30126953125 0.8162518301610542 0.0888671875 0.13177159590043924
2 0.4306640625 0.822108345534407 0.0556640625 0.08345534407027819
9 0.32568359375 0.9633967789165446 0.0615234375 0.07320644216691069
9 0.716796875 0.8389458272327965 0.03369140625 0.04685212298682284
9 0.68896484375 0.7884333821376281 0.03564453125 0.0527086383601757
9 0.71630859375 0.9275256222547584 0.05029296875 0.05124450951683748
9 0.72265625 0.7833089311859444 0.03564453125 0.06076134699853587
8 0.76220703125 0.6852122986822841 0.03564453125 0.043923865300146414
8 0.8642578125 0.7166910688140556 0.02001953125 0.030014641288433383
8 0.76318359375 0.760614934114202 0.03564453125 0.038799414348462666
8 0.79833984375 0.677891654465593 0.0234375 0.0314787701317716
8 0.79541015625 0.8653001464128843 0.03125 0.038799414348462666