9 0.05324074074074074 0.4896978021978022 0.06558641975308642 0.11950549450549451
8 0.14891975308641975 0.22733516483516483 0.035493827160493825 0.05357142857142857
8 0.09876543209876543 0.5906593406593407 0.027777777777777776 0.038461538461538464
8 0.16898148148148148 0.5212912087912088 0.031635802469135804 0.057692307692307696
1 0.17862654320987653 0.44574175824175827 0.047839506172839504 0.06868131868131869
1 0.2029320987654321 0.5618131868131868 0.036265432098765434 0.06868131868131869
0 0.9093364197530864 0.2774725274725275 0.06442901234567901 0.09684065934065934
0 0.7160493827160493 0.43131868131868134 0.06905864197530864 0.06936813186813187
0 0.8472222222222222 0.38324175824175827 0.07445987654320987 0.06524725274725275
1 0.7160493827160493 0.570054945054945 0.03973765432098766 0.05837912087912088
1 0.8371913580246914 0.24175824175824176 0.06095679012345679 0.05357142857142857
8 0.8287037037037037 0.19093406593406592 0.038580246913580245 0.034340659340659344
9 0.6956018518518519 0.1717032967032967 0.06712962962962964 0.042582417582417584
9 0.5960648148148148 0.09546703296703296 0.0783179012345679 0.0625
7 0.03896604938271605 0.7438186813186813 0.04552469135802469 0.07005494505494506
7 0.11766975308641975 0.8145604395604396 0.019290123456790122 0.059065934065934064
7 0.2361111111111111 0.7383241758241759 0.02854938271604938 0.0521978021978022
11 0.08950617283950617 0.8269230769230769 0.023148148148148147 0.06456043956043957
11 0.1257716049382716 0.7493131868131868 0.037037037037037035 0.06593406593406594
11 0.279320987654321 0.6648351648351648 0.029320987654320986 0.04395604395604396
11 0.11149691358024691 0.6620879120879121 0.02854938271604938 0.054945054945054944
11 0.2623456790123457 0.8729395604395604 0.04552469135802469 0.07692307692307693
7 0.1875 0.782967032967033 0.041666666666666664 0.06456043956043957
7 0.1415895061728395 0.8385989010989011 0.03935185185185185 0.06318681318681318
7 0.20794753086419754 0.7431318681318682 0.033179012345679014 0.08241758241758242
7 0.25887345679012347 0.7451923076923077 0.026234567901234566 0.04807692307692308
11 0.6844135802469136 0.657967032967033 0.038580246913580245 0.032280219780219783
11 0.7280092592592593 0.6833791208791209 0.03125 0.03365384615384615
11 0.6419753086419753 0.834478021978022 0.03279320987654321 0.04120879120879121
11 0.6045524691358025 0.6620879120879121 0.046296296296296294 0.040521978021978024
7 0.6454475308641975 0.742445054945055 0.03356481481481482 0.038461538461538464
7 0.4880401234567901 0.779532967032967 0.04282407407407408 0.04532967032967033
7 0.7827932098765432 0.757554945054945 0.04205246913580247 0.0260989010989011
7 0.9143518518518519 0.8173076923076923 0.02700617283950617 0.02403846153846154
7 0.9664351851851852 0.7554945054945055 0.018518518518518517 0.021291208791208792
7 0.7453703703703703 0.823489010989011 0.02353395061728395 0.019230769230769232
7 0.7689043209876543 0.695054945054945 0.03202160493827161 0.030906593406593408