1 0.45 0.5158862876254181 0.05 0.08193979933110368
2 0.214375 0.30267558528428096 0.10125 0.12876254180602006
11 0.29 0.5209030100334449 0.08625 0.08528428093645485
11 0.6525 0.6755852842809364 0.085 0.06688963210702341
11 0.745625 0.6923076923076923 0.06875 0.033444816053511704
11 0.713125 0.5359531772575251 0.07625 0.11371237458193979
11 0.590625 0.4983277591973244 0.06875 0.09364548494983277
8 0.535625 0.5911371237458194 0.06625 0.07357859531772576
7 0.979375 0.24331103678929766 0.04125 0.11204013377926421
2 0.164375 0.794314381270903 0.081875 0.05936454849498328
2 0.201875 0.8695652173913043 0.055 0.046822742474916385
2 0.37625 0.810200668896321 0.045625 0.03762541806020067
8 0.466875 0.794314381270903 0.02625 0.030100334448160536
7 0.13875 0.8260869565217391 0.0675 0.04431438127090301
4 0.82125 0.9607023411371237 0.115 0.07859531772575251