9 0.27294921875 0.05929721815519766 0.1728515625 0.11859443631039532
8 0.43603515625 0.1398243045387994 0.09375 0.11566617862371889
8 0.455078125 0.04904831625183016 0.08984375 0.09809663250366032
2 0.421875 0.33528550512445093 0.15625 0.20790629575402636
2 0.1337890625 0.404099560761347 0.115234375 0.07027818448023426
2 0.02392578125 0.0629575402635432 0.0478515625 0.1259150805270864
8 0.7978515625 0.33601756954612005 0.06005859375 0.06222547584187409
8 0.70556640625 0.3857979502196193 0.0419921875 0.04319180087847731
8 0.796875 0.2020497803806735 0.03759765625 0.040995607613469986
8 0.6201171875 0.19692532942898974 0.0419921875 0.04685212298682284
8 0.904296875 0.1398243045387994 0.04443359375 0.06808199121522694
4 0.5634765625 0.3008784773060029 0.06201171875 0.0527086383601757
4 0.75244140625 0.05636896046852123 0.05322265625 0.03733528550512445
4 0.7900390625 0.13250366032210834 0.0576171875 0.0527086383601757
4 0.93310546875 0.2664714494875549 0.05126953125 0.07027818448023426
9 0.53125 0.1259150805270864 0.06201171875 0.06442166910688141
8 0.30029296875 0.6837481698389458 0.04931640625 0.09443631039531479
5 0.783203125 0.5431918008784773 0.205078125 0.20790629575402636
5 0.91455078125 0.8162518301610542 0.123046875 0.20644216691068815
5 0.64453125 0.7891654465592972 0.1943359375 0.24890190336749635
5 0.60400390625 0.5307467057101025 0.0869140625 0.18301610541727673