9 0.25903614457831325 0.23959938366718028 0.058433734939759036 0.06471494607087827
2 0.4771084337349398 0.24422187981510016 0.03855421686746988 0.061633281972265024
2 0.33072289156626505 0.30585516178736516 0.03734939759036145 0.07087827426810478
2 0.5909638554216867 0.13020030816640987 0.027710843373493974 0.0423728813559322
2 0.43373493975903615 0.12172573189522343 0.02650602409638554 0.08243451463790447
8 0.25903614457831325 0.14560862865947613 0.045180722891566265 0.04391371340523883
1 0.8614457831325302 0.2349768875192604 0.024096385542168676 0.032357473035439135
1 0.8518072289156626 0.11016949152542373 0.03132530120481928 0.029275808936825885
1 0.9475903614457831 0.2773497688751926 0.027710843373493974 0.046224961479198766
1 0.8006024096385542 0.24807395993836673 0.030120481927710843 0.03697996918335902
1 0.8927710843373494 0.14098613251155623 0.02650602409638554 0.032357473035439135
1 0.8126506024096386 0.37057010785824346 0.02530120481927711 0.03852080123266564
1 0.9066265060240963 0.33975346687211094 0.05903614457831325 0.060092449922958396
8 0.35602409638554217 0.9121725731895224 0.06626506024096386 0.09244992295839753
1 0.3493975903614458 0.6024653312788906 0.03614457831325301 0.06779661016949153
5 0.7716867469879518 0.7889060092449923 0.18433734939759036 0.1633281972265023