9 0.24040767386091128 0.3375 0.06594724220623502 0.025
9 0.36930455635491605 0.249375 0.04316546762589928 0.05
7 0.3009592326139089 0.185 0.05635491606714628 0.0375
7 0.2751798561151079 0.29 0.025179856115107913 0.03625
7 0.17326139088729017 0.3425 0.039568345323741004 0.015
8 0.5557553956834532 0.665 0.1474820143884892 0.12125
8 0.6588729016786571 0.57125 0.02038369304556355 0.115
8 0.16546762589928057 0.97125 0.09592326139088729 0.0575
9 0.15767386091127097 0.636875 0.1366906474820144 0.19
9 0.5707434052757794 0.983125 0.1223021582733813 0.03375
9 0.2709832134292566 0.39625 0.09352517985611511 0.0925
9 0.3249400479616307 0.72 0.09112709832134293 0.09
9 0.4136690647482014 0.381875 0.06954436450839328 0.06375
0 0.61810551558753 0.38875 0.10191846522781775 0.0775
3 0.7517985611510791 0.58 0.044964028776978415 0.15
3 0.7320143884892086 0.86 0.0539568345323741 0.153125
3 0.7020383693045563 0.59 0.030575539568345324 0.143125