1 0.146484375 0.27275312855517636 0.05078125 0.040386803185438
1 0.202392578125 0.3165529010238908 0.03759765625 0.03754266211604096
1 0.154541015625 0.3512514220705347 0.0283203125 0.03981797497155859
1 0.0224609375 0.34584755403868034 0.044921875 0.06143344709897611
1 0.3291015625 0.3108646188850967 0.046875 0.047212741751990896
11 0.255615234375 0.5645620022753128 0.06396484375 0.06939704209328783
11 0.040283203125 0.5492036405005688 0.06494140625 0.059726962457337884
11 0.372802734375 0.4709897610921502 0.03369140625 0.03981797497155859
11 0.20458984375 0.1149032992036405 0.06103515625 0.07736063708759955
10 0.68603515625 0.1891353811149033 0.331787109375 0.3757110352673493
7 0.0380859375 0.7391922639362912 0.076171875 0.12798634812286688
7 0.1376953125 0.7468714448236633 0.07763671875 0.08703071672354949
9 0.12353515625 0.8808304891922639 0.13720703125 0.16723549488054607
3 0.468017578125 0.714448236632537 0.15673828125 0.1899886234357224
3 0.604736328125 0.8464163822525598 0.2373046875 0.282707622298066
3 0.580810546875 0.6851535836177475 0.25732421875 0.13139931740614336