8 0.06266666666666666 0.05086285195277021 0.07466666666666667 0.07356948228882834
8 0.49333333333333335 0.26975476839237056 0.05533333333333333 0.09082652134423251
9 0.343 0.03860127157129882 0.056666666666666664 0.07720254314259764
10 0.741 0.24704813805631246 0.08266666666666667 0.10036330608537693
7 0.8326666666666667 0.11989100817438691 0.027 0.04041780199818347
7 0.9176666666666666 0.26248864668483196 0.026333333333333334 0.049954586739327886
1 0.871 0.29427792915531337 0.024666666666666667 0.039509536784741145
1 0.8773333333333333 0.2198001816530427 0.027 0.037693006357856496
11 0.637 0.30926430517711173 0.025666666666666667 0.037693006357856496
11 0.5776666666666667 0.1880108991825613 0.029333333333333333 0.04268846503178928
11 0.669 0.335149863760218 0.021666666666666667 0.04041780199818347
8 0.24566666666666667 0.6412352406902816 0.06233333333333333 0.10853769300635786
8 0.3456666666666667 0.6267029972752044 0.07 0.1030881017257039
8 0.4196666666666667 0.6412352406902816 0.065 0.08310626702997276
8 0.37266666666666665 0.8941871026339692 0.05466666666666667 0.09990917347865577
11 0.413 0.7897366030881017 0.11966666666666667 0.1030881017257039
1 0.819 0.567211625794732 0.05633333333333333 0.09627611262488647
1 0.6116666666666667 0.8474114441416893 0.03866666666666667 0.10127157129881925
1 0.74 0.7356948228882834 0.04133333333333333 0.06948228882833787
1 0.7376666666666667 0.6294277929155313 0.04133333333333333 0.10263396911898275
1 0.92 0.6457765667574932 0.05533333333333333 0.09763851044504995
1 0.7233333333333334 0.8514986376021798 0.03766666666666667 0.10127157129881925
1 0.8483333333333334 0.46866485013623976 0.033 0.048138056312443236
6 0.814 0.4786557674841054 0.023333333333333334 0.043142597638510444