9 0.07268518518518519 0.05925925925925926 0.14537037037037037 0.11851851851851852
2 0.6513888888888889 0.3398148148148148 0.09814814814814815 0.05648148148148148
2 0.7939814814814815 0.36898148148148147 0.06157407407407407 0.03518518518518519
9 0.6277777777777778 0.17546296296296296 0.05740740740740741 0.059722222222222225
9 0.7333333333333333 0.13148148148148148 0.07546296296296297 0.05324074074074074
9 0.5532407407407407 0.10787037037037037 0.07222222222222222 0.033796296296296297
9 0.725 0.275 0.06620370370370371 0.049074074074074076
1 0.700462962962963 0.075 0.031018518518518518 0.029166666666666667
1 0.6976851851851852 0.1037037037037037 0.03564814814814815 0.027777777777777776
1 0.16111111111111112 0.7833333333333333 0.02638888888888889 0.07916666666666666
6 0.2050925925925926 0.6444444444444445 0.01990740740740741 0.04027777777777778
6 0.17731481481481481 0.5328703703703703 0.01712962962962963 0.05416666666666667
6 0.20833333333333334 0.7347222222222223 0.015277777777777777 0.06805555555555555
1 0.1587962962962963 0.6865740740740741 0.030555555555555555 0.08935185185185185
1 0.13425925925925927 0.6986111111111111 0.02638888888888889 0.08425925925925926
1 0.1398148148148148 0.6018518518518519 0.027777777777777776 0.10925925925925926
1 0.09675925925925925 0.7611111111111111 0.031018518518518518 0.09537037037037037
1 0.12962962962962962 0.7805555555555556 0.03888888888888889 0.09814814814814815
1 0.1050925925925926 0.8569444444444444 0.04259259259259259 0.09675925925925925
1 0.10648148148148148 0.6777777777777778 0.03425925925925926 0.09537037037037037
1 0.15694444444444444 0.5050925925925925 0.03148148148148148 0.09444444444444444
1 0.07268518518518519 0.7652777777777777 0.025 0.08148148148148149
1 0.19074074074074074 0.8078703703703703 0.03333333333333333 0.09444444444444444
1 0.1875 0.700925925925926 0.027314814814814816 0.08148148148148149
1 0.17453703703703705 0.6023148148148149 0.04027777777777778 0.09444444444444444
1 0.21388888888888888 0.5402777777777777 0.04027777777777778 0.13333333333333333
1 0.125 0.4828703703703704 0.03518518518518519 0.10648148148148148
1 0.1087962962962963 0.5833333333333334 0.03888888888888889 0.09907407407407408
1 0.07592592592592592 0.674537037037037 0.025925925925925925 0.10324074074074074
8 0.5458333333333333 0.6638888888888889 0.1388888888888889 0.09444444444444444
9 0.36342592592592593 0.8541666666666666 0.10833333333333334 0.13055555555555556
7 0.412962962962963 0.46944444444444444 0.1037037037037037 0.07962962962962963
7 0.5722222222222222 0.7875 0.10416666666666667 0.10555555555555556
9 0.4287037037037037 0.7657407407407407 0.12175925925925926 0.1125