8 0.349124613800206 0.14366632337796087 0.0705458290422245 0.05458290422245108
9 0.022142121524201853 0.19927909371781669 0.044284243048403706 0.10298661174047374
9 0.08470648815653965 0.13182286302780638 0.07981462409886715 0.055612770339855816
7 0.5257466529351185 0.1199794026776519 0.12203913491246138 0.11637487126673532
7 0.243048403707518 0.467816683831102 0.07981462409886715 0.0756951596292482
7 0.08470648815653965 0.4044799176107106 0.11122554067971163 0.11688980432543769
7 0.1743048403707518 0.17327497425334706 0.09989701338825953 0.11534500514933059
7 0.8300720906282183 0.21163748712667355 0.02188465499485067 0.035015447991761074
11 0.7147270854788877 0.3609680741503605 0.017507723995880537 0.035015447991761074
11 0.8354788877445932 0.02265705458290422 0.01956745623069001 0.030638516992790937
11 0.8272399588053553 0.1645211122554068 0.01956745623069001 0.03604531410916581
11 0.8439752832131823 0.33753861997940265 0.02729145211122554 0.04454170957775489
11 0.8117919670442842 0.194129763130793 0.024716786817713696 0.042224510813594233
1 0.08367662203913491 0.8375386199794027 0.05509783728115345 0.10144181256436663
4 0.26235839340885686 0.7445932028836252 0.0427394438722966 0.08470648815653965
7 0.9673017507723995 0.7224510813594233 0.026004119464469618 0.053553038105046344
7 0.9866117404737385 0.673274974253347 0.026776519052523172 0.054067971163748715
7 0.82389289392379 0.7033985581874357 0.0378475798146241 0.04170957775489186
7 0.7335221421215242 0.935890834191555 0.04582904222451081 0.04402677651905252
11 0.9067971163748713 0.7924819773429455 0.03244078269824923 0.05818743563336766
11 0.8931513903192585 0.7270854788877446 0.025231719876416064 0.04557157569515963
8 0.683058702368692 0.9508238928939238 0.03913491246138002 0.04737384140061792