0 0.161 0.1325 0.104 0.11125
0 0.2695 0.178125 0.124 0.135
7 0.0585 0.04125 0.113 0.0825
7 0.2095 0.041875 0.147 0.08375
7 0.077 0.25 0.106 0.12625
11 0.8575 0.661875 0.0185 0.070625
11 0.8445 0.643125 0.0155 0.059375
11 0.974 0.57375 0.0215 0.064375
7 0.9035 0.43625 0.029 0.09125
7 0.8585 0.738125 0.015 0.04375
11 0.503 0.99 0.042 0.02
11 0.2785 0.78875 0.063 0.0575
5 0.42 0.933125 0.055 0.08125
9 0.116 0.919375 0.032 0.0475
9 0.583 0.899375 0.054 0.13875
5 0.2275 0.98 0.079 0.04
5 0.1585 0.949375 0.113 0.10125
5 0.2855 0.93 0.075 0.07875
5 0.2675 0.83375 0.09 0.09375
9 0.4645 0.95375 0.075 0.0925
7 0.0515 0.845 0.042 0.05625
7 0.109 0.83875 0.059 0.0675
9 0.2215 0.78 0.071 0.04
9 0.551 0.96 0.09 0.08
9 0.1965 0.863125 0.077 0.075
9 0.3555 0.894375 0.059 0.07125
9 0.3815 0.969375 0.063 0.06125
9 0.7595 0.875 0.128 0.18125
9 0.83 0.855625 0.041 0.0775