8 0.287353515625 0.14013671875 0.03466796875 0.04443359375
8 0.260986328125 0.19482421875 0.02490234375 0.04443359375
8 0.293212890625 0.283203125 0.05810546875 0.04150390625
7 0.12646484375 0.30419921875 0.0654296875 0.07080078125
7 0.08251953125 0.050537109375 0.03857421875 0.06689453125
7 0.3212890625 0.022216796875 0.08203125 0.04443359375
7 0.340087890625 0.06689453125 0.052734375 0.048828125
7 0.417724609375 0.315185546875 0.07666015625 0.08203125
2 0.705810546875 0.185791015625 0.06982421875 0.08056640625
2 0.726806640625 0.1083984375 0.06103515625 0.07373046875
3 0.429931640625 0.908935546875 0.14013671875 0.18212890625
3 0.4150390625 0.6884765625 0.169921875 0.2373046875
6 0.681884765625 0.736083984375 0.07373046875 0.0615234375
6 0.61572265625 0.749267578125 0.04833984375 0.05224609375
6 0.712890625 0.6669921875 0.0869140625 0.0654296875
6 0.638671875 0.63720703125 0.0361328125 0.0361328125
6 0.589111328125 0.627197265625 0.03271484375 0.0478515625
6 0.919189453125 0.48193359375 0.08984375 0.08203125
6 0.943603515625 0.6142578125 0.11279296875 0.1044921875
6 0.77587890625 0.5537109375 0.09130859375 0.09765625
6 0.805908203125 0.4765625 0.08154296875 0.05517578125
6 0.83251953125 0.66748046875 0.03515625 0.04150390625
6 0.88427734375 0.54638671875 0.03955078125 0.0400390625