4 0.28535714285714286 0.138125 0.054285714285714284 0.08125
4 0.24285714285714285 0.39625 0.06 0.0875
4 0.2532142857142857 0.0625 0.07071428571428572 0.125
4 0.16285714285714287 0.343125 0.04071428571428572 0.08375
4 0.17535714285714285 0.42125 0.05357142857142857 0.08875
4 0.2625 0.263125 0.04642857142857143 0.06625
4 0.2875 0.283125 0.04 0.06
5 0.32321428571428573 0.324375 0.08285714285714285 0.14125
2 0.2342857142857143 0.199375 0.05285714285714286 0.1
1 0.42964285714285716 0.314375 0.040357142857142855 0.06375
1 0.5153571428571428 0.390625 0.033928571428571426 0.0575
8 0.8625 0.24375 0.03571428571428571 0.06375
9 0.8160714285714286 0.02875 0.07035714285714285 0.0575
2 0.6907142857142857 0.364375 0.06678571428571428 0.093125
11 0.59 0.29625 0.054285714285714284 0.065
6 0.030357142857142857 0.748125 0.060714285714285714 0.16875
1 0.11571428571428571 0.6875 0.08 0.13375
1 0.29964285714285716 0.6475 0.08214285714285714 0.1375
2 0.7453571428571428 0.695625 0.13214285714285715 0.118125
2 0.6967857142857142 0.840625 0.10535714285714286 0.099375
8 0.7303571428571428 0.77625 0.047857142857142855 0.0425