9 0.39634146341463417 0.21314496314496315 0.0663109756097561 0.06511056511056511
2 0.20198170731707318 0.15663390663390664 0.04801829268292683 0.05773955773955774
2 0.3178353658536585 0.24324324324324326 0.04954268292682927 0.06388206388206388
2 0.12728658536585366 0.03931203931203931 0.03429878048780488 0.03992628992628992
2 0.2682926829268293 0.07555282555282555 0.041920731707317076 0.07002457002457002
8 0.4184451219512195 0.14189189189189189 0.05030487804878049 0.04606879606879607
9 0.6867378048780488 0.29914004914004916 0.11432926829268293 0.13636363636363635
5 0.3475609756097561 0.6302211302211302 0.1989329268292683 0.1904176904176904
11 0.9870426829268293 0.6105651105651105 0.025914634146341462 0.09336609336609336
11 0.8788109756097561 0.6369778869778869 0.06402439024390244 0.042997542997543
11 0.9359756097560976 0.4656019656019656 0.07317073170731707 0.03194103194103194
11 0.8597560975609756 0.9502457002457002 0.06402439024390244 0.052825552825552825
11 0.8932926829268293 0.9914004914004914 0.057926829268292686 0.0171990171990172