9 0.12121212121212122 0.262890625 0.1572727272727273 0.21328125
8 0.2409090909090909 0.21484375 0.036060606060606064 0.04609375
8 0.11484848484848485 0.1 0.032424242424242425 0.04609375
8 0.09545454545454546 0.130859375 0.010303030303030303 0.025390625
8 0.22151515151515153 0.28359375 0.04181818181818182 0.05546875
2 0.19545454545454546 0.216015625 0.029393939393939392 0.049609375
5 0.6909090909090909 0.134765625 0.20696969696969697 0.15390625
1 0.23363636363636364 0.706640625 0.07151515151515152 0.104296875
1 0.21242424242424243 0.5734375 0.08363636363636363 0.090234375
1 0.24151515151515152 0.493359375 0.042727272727272725 0.0625
1 0.15424242424242424 0.6046875 0.04090909090909091 0.06484375
1 0.09393939393939393 0.60234375 0.04939393939393939 0.05546875
1 0.08696969696969697 0.66953125 0.04424242424242424 0.0578125
1 0.15272727272727274 0.6953125 0.03909090909090909 0.05546875
1 0.2190909090909091 0.785546875 0.03575757575757576 0.06484375
1 0.15363636363636363 0.787890625 0.05454545454545454 0.071875
11 0.7393939393939394 0.875 0.09575757575757576 0.13984375
3 0.4093939393939394 0.45546875 0.1193939393939394 0.0515625
3 0.6557575757575758 0.448828125 0.13818181818181818 0.03828125
3 0.8878787878787879 0.555859375 0.15333333333333332 0.19921875
1 0.4015151515151515 0.85078125 0.10363636363636364 0.1375