1 0.0439453125 0.216064453125 0.05322265625 0.0419921875
1 0.111328125 0.219482421875 0.04052734375 0.037109375
1 0.08544921875 0.26953125 0.03271484375 0.037109375
1 0.21728515625 0.14990234375 0.05078125 0.04638671875
11 0.266357421875 0.374267578125 0.07080078125 0.0673828125
11 0.337158203125 0.23828125 0.06201171875 0.04345703125
11 0.348388671875 0.177490234375 0.07080078125 0.0654296875
11 0.029296875 0.069580078125 0.05859375 0.07275390625
7 0.7509765625 0.4287109375 0.08984375 0.0224609375
11 0.969970703125 0.106201171875 0.06005859375 0.06787109375
11 0.91064453125 0.148193359375 0.0849609375 0.10400390625
9 0.302001953125 0.7666015625 0.19091796875 0.166015625
1 0.276123046875 0.583984375 0.076171875 0.0859375
9 0.626953125 0.501953125 0.154296875 0.1240234375
9 0.720458984375 0.926025390625 0.17333984375 0.14794921875
8 0.690673828125 0.454833984375 0.06787109375 0.02978515625
8 0.96923828125 0.488037109375 0.0615234375 0.06298828125
8 0.9443359375 0.49951171875 0.111328125 0.119140625
7 0.710205078125 0.718994140625 0.09912109375 0.07080078125