8 0.4375 0.36083984375 0.03369140625 0.0439453125
8 0.46484375 0.306640625 0.02392578125 0.0439453125
8 0.43408203125 0.2177734375 0.0576171875 0.04052734375
7 0.38330078125 0.424560546875 0.0517578125 0.03076171875
7 0.31005859375 0.18359375 0.0751953125 0.08056640625
2 0.955078125 0.031005859375 0.08984375 0.06201171875
11 0.972900390625 0.1591796875 0.05419921875 0.087890625
0 0.594482421875 0.06640625 0.04931640625 0.1328125
6 0.39892578125 0.9580078125 0.08837890625 0.08056640625
6 0.37353515625 0.8251953125 0.11669921875 0.1025390625
6 0.5341796875 0.888427734375 0.0712890625 0.09619140625
6 0.51220703125 0.96533203125 0.08056640625 0.0537109375
6 0.48876953125 0.77392578125 0.03466796875 0.041015625
6 0.43505859375 0.89404296875 0.0390625 0.03955078125
10 0.784912109375 0.55126953125 0.43017578125 0.22265625