7 0.342 0.5674662668665668 0.0895 0.12443778110944528
7 0.0745 0.23088455772113944 0.0435 0.15292353823088456
8 0.177 0.24437781109445278 0.0655 0.16491754122938532
1 0.6615 0.33883058470764615 0.092 0.10719640179910045
1 0.7175 0.4790104947526237 0.117 0.08170914542728636
1 0.6905 0.5734632683658171 0.0545 0.06371814092953523
1 0.796 0.4287856071964018 0.052 0.06671664167916042
1 0.883 0.4160419790104948 0.067 0.053973013493253376
1 0.8795 0.3403298350824588 0.0595 0.05622188905547226
1 0.78 0.3313343328335832 0.05 0.05622188905547226
1 0.668 0.24962518740629686 0.045 0.06896551724137931
1 0.7625 0.22938530734632684 0.072 0.07196401799100449
1 0.233 0.7451274362818591 0.09 0.13493253373313344
1 0.247 0.8973013493253373 0.051 0.07946026986506746
1 0.3755 0.9092953523238381 0.061 0.08245877061469266
1 0.418 0.7031484257871065 0.06 0.08395802098950525
9 0.83 0.7301349325337332 0.036 0.05997001499250375
7 0.7605 0.7788605697151424 0.047 0.046476761619190406
7 0.7645 0.6499250374812594 0.021 0.04047976011994003