9 0.08076923076923077 0.1720554272517321 0.16153846153846155 0.23556581986143188
7 0.125 0.044457274826789836 0.09153846153846154 0.08891454965357967
6 0.8715384615384615 0.2846420323325635 0.05384615384615385 0.028868360277136258
6 0.8688461538461538 0.23960739030023095 0.06153846153846154 0.08198614318706697
6 0.9165384615384615 0.23729792147806006 0.027692307692307693 0.04157043879907621
6 0.9465384615384616 0.24422632794457275 0.02846153846153846 0.050808314087759814
6 0.7903846153846154 0.034064665127020784 0.06692307692307692 0.06812933025404157
6 0.7476923076923077 0.12240184757505773 0.0876923076923077 0.1235565819861432
6 0.8565384615384616 0.12413394919168591 0.07076923076923076 0.10969976905311778
6 0.8553846153846154 0.049653579676674366 0.05692307692307692 0.07159353348729793
6 0.8011538461538461 0.20323325635103925 0.02846153846153846 0.046189376443418015
6 0.796923076923077 0.0848729792147806 0.03076923076923077 0.046189376443418015
8 0.04961538461538462 0.7598152424942263 0.03769230769230769 0.07043879907621248
9 0.23923076923076922 0.5178983833718245 0.058076923076923075 0.12471131639722864
0 0.3261538461538461 0.5438799076212472 0.07230769230769231 0.10796766743648961
0 0.1723076923076923 0.6212471131639723 0.052307692307692305 0.08718244803695151
0 0.22 0.6495381062355658 0.039615384615384615 0.07621247113163972
0 0.32346153846153847 0.7274826789838337 0.09076923076923077 0.17494226327944573
0 0.41846153846153844 0.605080831408776 0.045384615384615384 0.09064665127020785
0 0.09115384615384615 0.5981524249422633 0.052307692307692305 0.08602771362586605
0 0.2803846153846154 0.684757505773672 0.05615384615384615 0.08891454965357967
0 0.20038461538461538 0.7788683602771362 0.06769230769230769 0.08140877598152425
0 0.12884615384615383 0.7049653579676675 0.05884615384615385 0.11547344110854503
11 0.15346153846153845 0.855080831408776 0.05692307692307692 0.10277136258660508
9 0.8738461538461538 0.45092378752886836 0.061153846153846156 0.05600461893764434
9 0.823076923076923 0.46882217090069284 0.055384615384615386 0.054272517321016164
8 0.5584615384615385 0.625866050808314 0.05384615384615385 0.07390300230946882
8 0.8088461538461539 0.6154734411085451 0.055384615384615386 0.057736720554272515
8 0.7507692307692307 0.6963048498845266 0.05384615384615385 0.07043879907621248
7 0.6865384615384615 0.5046189376443418 0.06846153846153846 0.08775981524249422
7 0.7053846153846154 0.6760969976905312 0.06423076923076923 0.08429561200923788
7 0.83 0.5548498845265589 0.061153846153846156 0.06524249422632794