9 0.475462962962963 0.3277777777777778 0.18055555555555555 0.1787037037037037
9 0.27546296296296297 0.020833333333333332 0.08981481481481482 0.041666666666666664
9 0.05416666666666667 0.2212962962962963 0.07685185185185185 0.07314814814814814
8 0.2037037037037037 0.40925925925925927 0.07407407407407407 0.07222222222222222
5 0.2898148148148148 0.15416666666666667 0.06018518518518518 0.08425925925925926
5 0.3175925925925926 0.2657407407407407 0.06296296296296296 0.075
9 0.8671296296296296 0.27870370370370373 0.04722222222222222 0.11805555555555555
1 0.9175925925925926 0.2796296296296296 0.01712962962962963 0.053703703703703705
1 0.36944444444444446 0.8439814814814814 0.04351851851851852 0.017592592592592594
1 0.4078703703703704 0.7935185185185185 0.05185185185185185 0.017592592592592594
1 0.4634259259259259 0.8777777777777778 0.055092592592592596 0.023148148148148147
1 0.2861111111111111 0.837037037037037 0.053703703703703705 0.020833333333333332
1 0.44814814814814813 0.8138888888888889 0.04675925925925926 0.018055555555555554
1 0.2518518518518518 0.8870370370370371 0.04861111111111111 0.01990740740740741
1 0.38564814814814813 0.8939814814814815 0.10046296296296296 0.03564814814814815
9 0.9652777777777778 0.9773148148148149 0.06944444444444445 0.04537037037037037
8 0.9273148148148148 0.9875 0.03981481481481482 0.025
8 0.8300925925925926 0.8611111111111112 0.04351851851851852 0.03796296296296296
8 0.8319444444444445 0.8643518518518518 0.09444444444444444 0.08611111111111111
5 0.8296296296296296 0.7689814814814815 0.075 0.07222222222222222