8 0.343 0.43869209809264303 0.06333333333333334 0.09809264305177112
7 0.4876666666666667 0.14713896457765668 0.10466666666666667 0.15440508628519528
0 0.659 0.23751135331516804 0.048 0.08492279745685741
0 0.709 0.20299727520435967 0.05733333333333333 0.10263396911898275
7 0.593 0.21798365122615804 0.053 0.11989100817438691
7 0.6473333333333333 0.12851952770208902 0.068 0.13124432334241598
7 0.6543333333333333 0.3555858310626703 0.04933333333333333 0.09627611262488647
1 0.23866666666666667 0.6880108991825613 0.08866666666666667 0.06584922797456857
1 0.366 0.7520435967302452 0.07933333333333334 0.06766575840145322
1 0.30366666666666664 0.790644868301544 0.07666666666666666 0.06902815622161672
1 0.198 0.8451407811080835 0.10066666666666667 0.055858310626702996
1 0.25933333333333336 0.8955495004541326 0.06466666666666666 0.033151680290644865
1 0.19433333333333333 0.989100817438692 0.09133333333333334 0.02134423251589464
1 0.37566666666666665 0.8937329700272479 0.084 0.08219800181653043
1 0.4693333333333333 0.944141689373297 0.06966666666666667 0.037693006357856496
8 0.7553333333333333 0.6371480472297911 0.03866666666666667 0.015440508628519528
7 0.768 0.9255222524977293 0.04 0.05903723887375113
7 0.8706666666666667 0.6389645776566758 0.03866666666666667 0.01907356948228883
7 0.8446666666666667 0.6362397820163488 0.037333333333333336 0.013623978201634877
7 0.689 0.6780199818346957 0.04466666666666667 0.045413260672116255
7 0.8626666666666667 0.8119891008174387 0.028666666666666667 0.04268846503178928
7 0.8103333333333333 0.9850136239782016 0.04466666666666667 0.02997275204359673
11 0.8053333333333333 0.8773841961852861 0.028666666666666667 0.03723887375113533