9 0.20625 0.31266666666666665 0.034875 0.0655
9 0.492125 0.3415 0.042875 0.1055
9 0.18175 0.4651666666666667 0.02725 0.067
9 0.23025 0.48383333333333334 0.045375 0.0765
2 0.05 0.1885 0.02325 0.04516666666666667
8 0.1025 0.522 0.022875 0.016
8 0.154125 0.17683333333333334 0.018875 0.029166666666666667
8 0.184 0.37783333333333335 0.01525 0.0415
8 0.146625 0.333 0.016875 0.03133333333333333
8 0.1685 0.519 0.03375 0.021833333333333333
1 0.140625 0.29333333333333333 0.02525 0.03783333333333333
1 0.129375 0.3556666666666667 0.01925 0.03716666666666667
11 0.624125 0.4465 0.032125 0.04933333333333333
11 0.820375 0.39116666666666666 0.019625 0.0355
11 0.72225 0.032 0.03925 0.0415
7 0.715375 0.32466666666666666 0.048125 0.08466666666666667
7 0.70025 0.3998333333333333 0.047 0.05533333333333333
7 0.82725 0.3436666666666667 0.03575 0.042333333333333334
10 0.39525 0.7605 0.16425 0.2395
10 0.2705 0.6466666666666666 0.107875 0.188
10 0.14975 0.7376666666666667 0.1545 0.3275
8 0.76925 0.804 0.03925 0.064
8 0.802875 0.8718333333333333 0.02925 0.06233333333333333
8 0.783 0.9811666666666666 0.0625 0.03766666666666667
7 0.951375 0.9695 0.07275 0.061
7 0.9595 0.6481666666666667 0.0455 0.094
7 0.7145 0.6115 0.093 0.15766666666666668
7 0.706875 0.7175 0.0575 0.07233333333333333
7 0.7845 0.5553333333333333 0.0395 0.050666666666666665