8 0.23558187435633368 0.07312049433573635 0.05818743563336766 0.06539649845520082
9 0.12796086508753862 0.3303295571575695 0.12409886714727085 0.09835221421215241
9 0.06848609680741503 0.24073120494335737 0.08650875386199794 0.0690010298661174
7 0.01416065911431514 0.2420185375901133 0.02832131822863028 0.12873326467559218
0 0.33779608650875387 0.047888774459320285 0.044284243048403706 0.09577754891864057
9 0.9114315139031925 0.24356333676622038 0.08419155509783728 0.055870236869207
0 0.7937693099897013 0.20957775489186406 0.05329557157569516 0.03166838311019567
0 0.6470133882595263 0.06616889804325438 0.07518022657054584 0.05381050463439753
8 0.8972708547888775 0.28810504634397527 0.06101956745623069 0.030895983522142123
8 0.20365602471678682 0.7203913491246138 0.03810504634397528 0.10221421215242019
8 0.07929969104016478 0.6331101956745623 0.028063851699279094 0.08908341915550978
8 0.2909371781668383 0.6673532440782698 0.026004119464469618 0.06694129763130793
8 0.2785787847579815 0.7100926879505665 0.026004119464469618 0.06307929969104016
8 0.0774974253347065 0.525231719876416 0.026519052523171986 0.0854788877445932
9 0.09654994850669413 0.8838825952626158 0.04402677651905252 0.12435633367662204
9 0.03964984552008239 0.5504634397528322 0.05458290422245108 0.17842430484037075
9 0.1428939237899073 0.606076210092688 0.04170957775489186 0.13928939237899074
0 0.12770339855818744 0.8300720906282183 0.03810504634397528 0.10401647785787847
0 0.1809989701338826 0.6701853759011328 0.03527291452111225 0.09835221421215241
0 0.339340885684861 0.6292481977342945 0.04093717816683831 0.11328527291452112
0 0.20108135942327499 0.8782183316168898 0.03681771369721936 0.08367662203913491
0 0.30123583934088566 0.5187950566426365 0.03012358393408857 0.09294541709577755
0 0.16014418125643667 0.45005149330587024 0.02239958805355304 0.06874356333676622
0 0.09963954685890834 0.664778578784758 0.02729145211122554 0.0872811534500515
9 0.7530895983522142 0.737384140061792 0.12126673532440782 0.1627188465499485
9 0.7886199794026777 0.884140061791967 0.05998970133882595 0.09346035015447991
8 0.8661174047373842 0.680226570545829 0.06488156539649846 0.08264675592173018
8 0.878475798146241 0.7502574665293512 0.07878475798146241 0.09346035015447991
2 0.4325437693099897 0.47090628218331615 0.08316168898043254 0.16632337796086508
2 0.49974253347064884 0.589340885684861 0.101956745623069 0.1398043254376931
2 0.877188465499485 0.5440267765190525 0.1199794026776519 0.17816683831101957
2 0.6992790937178167 0.43846549948506697 0.08341915550978372 0.11791967044284243
2 0.5877960865087538 0.663491246138002 0.06256436663233779 0.09809474768280124
2 0.8537590113285273 0.8836251287332647 0.0805870236869207 0.13903192584963955