9 0.1482456140350877 0.12301587301587301 0.2964912280701754 0.24603174603174602
8 0.3482456140350877 0.05555555555555555 0.1 0.1111111111111111
8 0.8201754385964912 0.0882936507936508 0.054385964912280704 0.06944444444444445
8 0.9052631578947369 0.08035714285714286 0.03859649122807018 0.047619047619047616
8 0.7657894736842106 0.21031746031746032 0.03508771929824561 0.04563492063492063
8 0.8885964912280702 0.2867063492063492 0.03859649122807018 0.051587301587301584
8 0.6649122807017543 0.22321428571428573 0.0456140350877193 0.07142857142857142
4 0.9710526315789474 0.2152777777777778 0.054385964912280704 0.061507936507936505
4 0.7385964912280701 0.34325396825396826 0.0456140350877193 0.011904761904761904
4 0.7429824561403509 0.2757936507936508 0.05263157894736842 0.05952380952380952
4 0.6964912280701754 0.09623015873015874 0.04912280701754386 0.07539682539682539
8 0.4675438596491228 0.8740079365079365 0.05789473684210526 0.07341269841269842
9 0.1631578947368421 0.8621031746031746 0.06666666666666667 0.08333333333333333
9 0.3298245614035088 0.8015873015873016 0.1 0.10119047619047619
7 0.34912280701754383 0.6974206349206349 0.08421052631578947 0.09325396825396826
11 0.23771929824561402 0.6458333333333334 0.07543859649122807 0.1111111111111111
11 0.28157894736842104 0.6954365079365079 0.05263157894736842 0.06944444444444445
4 0.14210526315789473 0.5952380952380952 0.06140350877192982 0.06349206349206349
4 0.02456140350877193 0.689484126984127 0.04912280701754386 0.061507936507936505
7 0.18596491228070175 0.4712301587301587 0.05964912280701754 0.06746031746031746
1 0.8736842105263158 0.6656746031746031 0.0780701754385965 0.11904761904761904
1 0.8508771929824561 0.5128968253968254 0.0912280701754386 0.10317460317460317
1 0.8824561403508772 0.42162698412698413 0.04649122807017544 0.07142857142857142
1 0.787719298245614 0.5486111111111112 0.04473684210526316 0.0744047619047619
1 0.7210526315789474 0.5466269841269841 0.05350877192982456 0.06349206349206349
1 0.7140350877192982 0.623015873015873 0.04824561403508772 0.06646825396825397
1 0.7850877192982456 0.6517857142857143 0.04298245614035088 0.06349206349206349
1 0.8578947368421053 0.7549603174603174 0.03859649122807018 0.0744047619047619
1 0.7868421052631579 0.7579365079365079 0.05964912280701754 0.08234126984126984