7 0.26242236024844723 0.018867924528301886 0.049689440993788817 0.03773584905660377
7 0.04192546583850932 0.20668953687821612 0.07763975155279502 0.06518010291595197
8 0.6785714285714286 0.46826758147512865 0.09627329192546584 0.0823327615780446
8 0.843167701863354 0.44339622641509435 0.08074534161490683 0.09090909090909091
7 0.985248447204969 0.34133790737564323 0.029503105590062112 0.13036020583190394
3 0.4083850931677019 0.7444253859348199 0.1048136645962733 0.07718696397941681
3 0.4798136645962733 0.8001715265866209 0.08928571428571429 0.0686106346483705
3 0.5108695652173914 0.6843910806174958 0.06288819875776397 0.0634648370497427
10 0.8198757763975155 0.7435677530017153 0.30745341614906835 0.30874785591766724
10 0.8105590062111802 0.5694682675814752 0.33540372670807456 0.12006861063464837
10 0.6482919254658385 0.7667238421955404 0.03881987577639751 0.1234991423670669