2 0.24 0.3742544731610338 0.09333333333333334 0.13021868787276342
2 0.3556666666666667 0.17842942345924453 0.048 0.07157057654075547
2 0.384 0.3802186878727634 0.056666666666666664 0.09343936381709742
9 0.05366666666666667 0.13817097415506957 0.09133333333333334 0.1143141153081511
9 0.046 0.3101391650099404 0.092 0.20675944333996024
9 0.16666666666666666 0.30019880715705766 0.084 0.10934393638170974
5 0.8586666666666667 0.279324055666004 0.2826666666666667 0.48111332007952284
5 0.58 0.31461232604373757 0.142 0.17395626242544732
3 0.23366666666666666 0.80168986083499 0.07833333333333334 0.13618290258449303
8 0.8636666666666667 0.775844930417495 0.051333333333333335 0.04970178926441352
8 0.7156666666666667 0.856858846918489 0.06666666666666667 0.06958250497017893
8 0.6246666666666667 0.8792246520874751 0.041666666666666664 0.04970178926441352
8 0.5693333333333334 0.8389662027833003 0.041666666666666664 0.04025844930417495
8 0.7766666666666666 0.7887673956262425 0.04533333333333334 0.04622266401590457
2 0.664 0.8156063618290258 0.075 0.06610337972166998
1 0.652 0.6998011928429424 0.081 0.07405566600397614
1 0.7163333333333334 0.7455268389662028 0.07733333333333334 0.05417495029821073
1 0.7826666666666666 0.9169980119284294 0.051333333333333335 0.04622266401590457
11 0.9463333333333334 0.7614314115308151 0.044 0.037276341948310136
8 0.5836666666666667 0.8653081510934394 0.043 0.0437375745526839
8 0.7916666666666666 0.5387673956262425 0.066 0.03777335984095427
11 0.7093333333333334 0.5710735586481114 0.041666666666666664 0.037276341948310136
11 0.7743333333333333 0.5631212723658051 0.03933333333333333 0.037276341948310136
11 0.882 0.5352882703777336 0.05466666666666667 0.030318091451292245
11 0.851 0.8334990059642147 0.056 0.05268389662027833
11 0.6383333333333333 0.5685884691848907 0.07966666666666666 0.06063618290258449