1 0.2431640625 0.35595703125 0.029541015625 0.052001953125
1 0.280029296875 0.3544921875 0.022705078125 0.045654296875
1 0.26806640625 0.416015625 0.018798828125 0.04443359375
1 0.16552734375 0.526611328125 0.037841796875 0.07861328125
1 0.204345703125 0.505615234375 0.03564453125 0.072998046875
1 0.335693359375 0.263671875 0.028564453125 0.056640625
11 0.371337890625 0.52490234375 0.039794921875 0.082763671875
11 0.27001953125 0.650390625 0.038818359375 0.058349609375
11 0.40478515625 0.3583984375 0.0341796875 0.054931640625
11 0.40869140625 0.285400390625 0.039794921875 0.080322265625
11 0.2265625 0.18505859375 0.039306640625 0.088623046875
11 0.61083984375 0.22265625 0.1220703125 0.123046875
11 0.691162109375 0.56396484375 0.07861328125 0.0849609375
0 0.571044921875 0.4990234375 0.04248046875 0.1826171875
0 0.599853515625 0.637451171875 0.10009765625 0.08447265625
5 0.367919921875 0.69921875 0.22021484375 0.0390625
5 0.36279296875 0.850341796875 0.13818359375 0.09765625
8 0.141845703125 0.96435546875 0.08544921875 0.0712890625
6 0.6982421875 0.96826171875 0.2353515625 0.0634765625