9 0.282421875 0.10686274509803921 0.0890625 0.11764705882352941
8 0.909375 0.0965686274509804 0.057421875 0.057352941176470586
8 0.541796875 0.21176470588235294 0.10078125 0.049509803921568625
8 0.4453125 0.1803921568627451 0.066796875 0.045588235294117645
8 0.65390625 0.35294117647058826 0.044921875 0.037745098039215684
8 0.812109375 0.3254901960784314 0.066015625 0.039705882352941174
9 0.8015625 0.19019607843137254 0.09609375 0.07450980392156863
9 0.54765625 0.3519607843137255 0.084375 0.053431372549019605
9 0.716015625 0.09852941176470588 0.065234375 0.0446078431372549
9 0.61640625 0.016666666666666666 0.066015625 0.030882352941176472
9 0.6953125 0.22647058823529412 0.062890625 0.03627450980392157
9 0.621484375 0.09558823529411764 0.048828125 0.03627450980392157
9 0.425390625 0.22745098039215686 0.08828125 0.052450980392156864
0 0.464453125 0.09362745098039216 0.116796875 0.06568627450980392
7 0.200390625 0.5367647058823529 0.040234375 0.10245098039215686
7 0.169921875 0.7549019607843137 0.0421875 0.10098039215686275
7 0.154296875 0.8735294117647059 0.0296875 0.12107843137254902
7 0.137109375 0.6387254901960784 0.025 0.1053921568627451
7 0.290234375 0.6387254901960784 0.0359375 0.10882352941176471
9 0.253125 0.5681372549019608 0.05 0.2235294117647059
9 0.321875 0.5352941176470588 0.0328125 0.12107843137254902
9 0.612109375 0.7029411764705882 0.09921875 0.13088235294117648
9 0.68046875 0.5852941176470589 0.14921875 0.20784313725490197
9 0.59765625 0.6357843137254902 0.0046875 0.0058823529411764705
9 0.6015625 0.586764705882353 0.078125 0.11274509803921569
9 0.7265625 0.7323529411764705 0.13359375 0.14019607843137255
8 0.77890625 0.5392156862745098 0.054296875 0.062254901960784315
9 0.51796875 0.4764705882352941 0.067578125 0.055392156862745096
9 0.5453125 0.5401960784313725 0.051953125 0.04607843137254902