9 0.38433333333333336 0.22979109900090827 0.144 0.15985467756584923
2 0.242 0.26612170753860126 0.04733333333333333 0.07811080835603997
2 0.23566666666666666 0.1893732970027248 0.050666666666666665 0.08083560399636694
7 0.413 0.10263396911898275 0.072 0.09264305177111716
7 0.21833333333333332 0.4187102633969119 0.08866666666666667 0.10172570390554042
7 0.291 0.04586739327883742 0.07933333333333334 0.09173478655767484
7 0.3456666666666667 0.023614895549500452 0.14466666666666667 0.047229791099000905
1 0.9643333333333334 0.21525885558583105 0.042666666666666665 0.05495004541326067
1 0.9506666666666667 0.14895549500454133 0.05466666666666667 0.04223433242506812
1 0.7266666666666667 0.2016348773841962 0.141 0.06630336058128973
1 0.6923333333333334 0.31653042688465033 0.14366666666666666 0.07356948228882834
1 0.908 0.3387829246139873 0.06866666666666667 0.0485921889191644
1 0.8516666666666667 0.25703905540417804 0.077 0.05131698455949137
1 0.968 0.28973660308810173 0.057 0.06085376930063579
8 0.506 0.709355131698456 0.056666666666666664 0.09173478655767484
9 0.133 0.9559491371480472 0.07533333333333334 0.08810172570390554
11 0.7883333333333333 0.5313351498637602 0.026333333333333334 0.04677565849227974
11 0.757 0.5522252497729337 0.022 0.047683923705722074
11 0.7823333333333333 0.7774750227066304 0.023 0.05812897366030881
11 0.8366666666666667 0.5635785649409628 0.03166666666666667 0.059491371480472295
7 0.797 0.6557674841053588 0.023666666666666666 0.05404178019981835
7 0.887 0.7552225249772934 0.029666666666666668 0.06448683015440508
7 0.7096666666666667 0.6316984559491371 0.028 0.039509536784741145
7 0.6176666666666667 0.6689373297002725 0.018333333333333333 0.03451407811080836
7 0.5973333333333334 0.5699364214350591 0.013 0.02997275204359673
7 0.721 0.7302452316076294 0.016 0.02815622161671208
7 0.7296666666666667 0.553133514986376 0.022 0.043596730245231606