7 0.5834340991535671 0.3311897106109325 0.05199516324062878 0.05466237942122187
7 0.26904474002418377 0.3392282958199357 0.03990326481257558 0.03858520900321544
7 0.09068923821039904 0.1752411575562701 0.06166868198307134 0.06430868167202572
10 0.8688029020556227 0.19533762057877813 0.2617896009673519 0.22427652733118972
8 0.39177750906892383 0.9493569131832797 0.06771463119709795 0.10128617363344052
7 0.3905683192261185 0.40514469453376206 0.07013301088270858 0.0932475884244373
7 0.18319226118500603 0.927652733118971 0.06771463119709795 0.09646302250803858
7 0.23035066505441354 0.9332797427652733 0.06650544135429262 0.08520900321543408
7 0.5169286577992744 0.8488745980707395 0.07980652962515115 0.07556270096463022
7 0.21221281741233375 0.590032154340836 0.05078597339782346 0.07395498392282958
11 0.32043530834340994 0.4815112540192926 0.05078597339782346 0.06270096463022508
0 0.848851269649335 0.5811897106109325 0.022370012091898428 0.06028938906752412
0 0.7557436517533253 0.5265273311897106 0.021160822249093107 0.05707395498392283
0 0.8301088270858524 0.545016077170418 0.019347037484885126 0.05707395498392283
0 0.8041112454655381 0.7081993569131833 0.021160822249093107 0.07556270096463022
9 0.7926239419588875 0.6245980707395499 0.02962515114873035 0.08118971061093247
2 0.9667472793228536 0.5112540192926045 0.017533252720677146 0.05466237942122187
7 0.8155985489721886 0.8239549839228296 0.039298669891172915 0.09887459807073955
2 0.7932285368802902 0.4670418006430868 0.02418379685610641 0.04983922829581994