9 0.4111111111111111 0.19675925925925927 0.16018518518518518 0.15925925925925927
9 0.14537037037037037 0.4861111111111111 0.07592592592592592 0.09814814814814815
8 0.1625 0.060648148148148145 0.06574074074074074 0.06388888888888888
0 0.11574074074074074 0.6092592592592593 0.12962962962962962 0.10740740740740741
5 0.1935185185185185 0.3282407407407407 0.046296296296296294 0.0824074074074074
5 0.24351851851851852 0.225 0.05185185185185185 0.07037037037037037
2 0.7625 0.3962962962962963 0.062037037037037036 0.1449074074074074
9 0.887962962962963 0.15231481481481482 0.0412037037037037 0.13333333333333333
8 0.9 0.030555555555555555 0.0412037037037037 0.06111111111111111
7 0.7143518518518519 0.24027777777777778 0.03425925925925926 0.06851851851851852
7 0.7578703703703704 0.0875 0.043055555555555555 0.09537037037037037
7 0.8069444444444445 0.11990740740740741 0.043055555555555555 0.09537037037037037
7 0.31712962962962965 0.7467592592592592 0.05092592592592592 0.04722222222222222
7 0.23194444444444445 0.9046296296296297 0.03796296296296296 0.03981481481481482
7 0.2796296296296296 0.9898148148148148 0.040740740740740744 0.020370370370370372
7 0.39490740740740743 0.8087962962962963 0.04351851851851852 0.04814814814814815
7 0.43657407407407406 0.8268518518518518 0.028703703703703703 0.03425925925925926
7 0.4736111111111111 0.975 0.04537037037037037 0.040740740740740744
7 0.41064814814814815 0.9472222222222222 0.05648148148148148 0.044444444444444446
7 0.3509259259259259 0.7027777777777777 0.037037037037037035 0.025925925925925925
7 0.19953703703703704 0.8101851851851852 0.02962962962962963 0.02962962962962963
7 0.22916666666666666 0.7907407407407407 0.032407407407407406 0.05185185185185185
11 0.2037037037037037 0.7032407407407407 0.03518518518518519 0.026851851851851852
11 0.1712962962962963 0.7759259259259259 0.03148148148148148 0.025925925925925925
11 0.17175925925925925 0.8527777777777777 0.03981481481481482 0.03888888888888889
11 0.19722222222222222 0.7518518518518519 0.030555555555555555 0.027777777777777776
11 0.12083333333333333 0.7018518518518518 0.03796296296296296 0.024074074074074074
11 0.42777777777777776 0.7425925925925926 0.03518518518518519 0.032407407407407406
11 0.29444444444444445 0.937962962962963 0.030555555555555555 0.04259259259259259
11 0.26851851851851855 0.9569444444444445 0.03611111111111111 0.027777777777777776
11 0.23981481481481481 0.9569444444444445 0.030555555555555555 0.030555555555555555
11 0.27314814814814814 0.700925925925926 0.02962962962962963 0.022222222222222223
11 0.2675925925925926 0.763425925925926 0.03333333333333333 0.026851851851851852
11 0.33425925925925926 0.9439814814814815 0.027777777777777776 0.025
11 0.13240740740740742 0.8402777777777778 0.024074074074074074 0.03888888888888889
3 0.8083333333333333 0.7865740740740741 0.1050925925925926 0.11018518518518519
3 0.7268518518518519 0.8560185185185185 0.1162037037037037 0.11342592592592593
3 0.7384259259259259 0.7532407407407408 0.12685185185185185 0.12685185185185185