9 0.1894497020679986 0.21031746031746032 0.20855240098142305 0.2677045177045177
8 0.357167893445496 0.29884004884004883 0.04801962846126884 0.057692307692307696
8 0.15124430424114968 0.42216117216117216 0.04153522607781283 0.05891330891330891
8 0.12828601472134596 0.3778998778998779 0.010865755345250614 0.03388278388278388
8 0.3412197686645636 0.2045177045177045 0.05573080967402734 0.07020757020757021
2 0.2903960743077462 0.2869352869352869 0.03715387311601823 0.0644078144078144
1 0.8427970557308097 0.040293040293040296 0.05117420259376095 0.06227106227106227
1 0.7879425166491413 0.10744810744810745 0.03820539782684893 0.057997557997558
1 0.8361373992288819 0.1572039072039072 0.02909218366631616 0.06105006105006105
1 0.9721345951629863 0.14560439560439561 0.05573080967402734 0.09340659340659341
1 0.660708026638626 0.10286935286935286 0.0473186119873817 0.07203907203907203
11 0.7381703470031545 0.47924297924297926 0.06519453207150368 0.10622710622710622
11 0.9532071503680336 0.44993894993894995 0.06589554854539081 0.09096459096459096
11 0.6063792499123729 0.3434065934065934 0.06133894146512443 0.061660561660561664
11 0.5643182614791448 0.26465201465201466 0.06554504030844725 0.10195360195360195
5 0.26480897301086576 0.7380952380952381 0.10725552050473186 0.08791208791208792
5 0.33631265334735366 0.8403540903540904 0.07150368033648791 0.04120879120879121
5 0.1673676831405538 0.7148962148962149 0.09095688748685594 0.07356532356532357
8 0.4645986680686996 0.8214285714285714 0.04065895548545391 0.039377289377289376
1 0.4726603575184017 0.9120879120879121 0.06326673676831406 0.07875457875457875
8 0.09831756046267087 0.8977411477411478 0.04556607080266386 0.039377289377289376
3 0.7450052576235542 0.7753357753357754 0.08552400981423064 0.18803418803418803