1 0.63916015625 0.07470703125 0.09033203125 0.099609375
8 0.9873046875 0.23779296875 0.025390625 0.072265625
8 0.755126953125 0.03369140625 0.12255859375 0.0673828125
11 0.763916015625 0.14794921875 0.1875 0.11865234375
11 0.802490234375 0.243408203125 0.12939453125 0.07275390625
11 0.54736328125 0.23095703125 0.0751953125 0.09765625
7 0.44384765625 0.6357421875 0.05908203125 0.0625
11 0.422119140625 0.302734375 0.05322265625 0.0458984375
11 0.44970703125 0.551025390625 0.05419921875 0.06591796875
11 0.40966796875 0.86279296875 0.07470703125 0.0810546875
11 0.484375 0.604248046875 0.05078125 0.07666015625
1 0.727294921875 0.663818359375 0.0244140625 0.04052734375
1 0.755615234375 0.620361328125 0.017822265625 0.03857421875
1 0.73291015625 0.579833984375 0.01318359375 0.041748046875
1 0.631103515625 0.604248046875 0.02880859375 0.068603515625
1 0.665283203125 0.576416015625 0.02734375 0.063232421875
1 0.817626953125 0.634765625 0.022216796875 0.04833984375
11 0.787109375 0.35693359375 0.030517578125 0.07177734375
11 0.681396484375 0.359375 0.03076171875 0.060791015625
11 0.84912109375 0.466064453125 0.029296875 0.039306640625
11 0.867919921875 0.52685546875 0.03076171875 0.0693359375
11 0.752197265625 0.837158203125 0.02880859375 0.080322265625