9 0.12824074074074074 0.4759259259259259 0.15462962962962962 0.14814814814814814
9 0.4671296296296296 0.2796296296296296 0.0712962962962963 0.09537037037037037
0 0.513425925925926 0.17083333333333334 0.09166666666666666 0.10277777777777777
5 0.37453703703703706 0.4166666666666667 0.04259259259259259 0.08148148148148149
5 0.2967592592592593 0.5009259259259259 0.049074074074074076 0.06851851851851852
9 0.9125 0.12546296296296297 0.10092592592592593 0.12314814814814815
9 0.8592592592592593 0.08472222222222223 0.02962962962962963 0.05555555555555555
0 0.8773148148148148 0.3402777777777778 0.0962962962962963 0.0824074074074074
0 0.8740740740740741 0.40370370370370373 0.13518518518518519 0.06666666666666667
0 0.8949074074074074 0.25925925925925924 0.08055555555555556 0.07685185185185185
0 0.6509259259259259 0.4050925925925926 0.07685185185185185 0.08333333333333333
0 0.7643518518518518 0.38564814814814813 0.06666666666666667 0.08518518518518518
0 0.6893518518518519 0.2689814814814815 0.09814814814814815 0.11296296296296296
6 0.1476851851851852 0.8055555555555556 0.11574074074074074 0.07962962962962963
6 0.3347222222222222 0.7800925925925926 0.1675925925925926 0.06620370370370371
6 0.18796296296296297 0.9490740740740741 0.08888888888888889 0.05555555555555555
6 0.33935185185185185 0.9773148148148149 0.038425925925925926 0.04490740740740741
11 0.9004629629629629 0.7560185185185185 0.027314814814814816 0.030555555555555555
11 0.9138888888888889 0.7791666666666667 0.021296296296296296 0.04351851851851852
11 0.8708333333333333 0.75 0.022222222222222223 0.03148148148148148
11 0.8342592592592593 0.7351851851851852 0.022222222222222223 0.029166666666666667
11 0.7967592592592593 0.7638888888888888 0.014351851851851852 0.025
11 0.8458333333333333 0.7847222222222222 0.01574074074074074 0.03981481481481482
7 0.8587962962962963 0.8939814814814815 0.03194444444444444 0.038425925925925926
0 0.788425925925926 0.8731481481481481 0.03888888888888889 0.04861111111111111
0 0.8194444444444444 0.7842592592592592 0.024074074074074074 0.04861111111111111
0 0.8699074074074075 0.8111111111111111 0.03009259259259259 0.029166666666666667