8 0.039 0.061762034514078114 0.078 0.1226158038147139
7 0.13233333333333333 0.16712079927338783 0.13266666666666665 0.15985467756584923
3 0.854 0.07947320617620345 0.199 0.1262488646684832
3 0.7896666666666666 0.15258855585831063 0.176 0.13215258855585832
5 0.29 0.662125340599455 0.16366666666666665 0.2529518619436876
9 0.7256666666666667 0.44868301544050865 0.04933333333333333 0.1044504995458674
9 0.6793333333333333 0.40417801998183467 0.031 0.07175295186194369
9 0.6403333333333333 0.410535876475931 0.025 0.06766575840145322
9 0.6663333333333333 0.48274296094459584 0.03266666666666666 0.06357856494096276
9 0.742 0.8292461398728429 0.035333333333333335 0.08174386920980926
9 0.65 0.703905540417802 0.034 0.08038147138964577
9 0.848 0.9682107175295186 0.047 0.06357856494096276
8 0.9003333333333333 0.44732061762034514 0.029 0.062216167120799276
8 0.8363333333333334 0.8033605812897366 0.034 0.06766575840145322
8 0.7736666666666666 0.8505903723887375 0.026333333333333334 0.057674841053587646
2 0.8796666666666667 0.8569482288828338 0.03933333333333333 0.07901907356948229
2 0.8873333333333333 0.7438692098092643 0.054 0.1226158038147139
0 0.8296666666666667 0.3346957311534968 0.043666666666666666 0.11398728428701181
0 0.7943333333333333 0.703905540417802 0.030333333333333334 0.08174386920980926