9 0.2527027027027027 0.252027027027027 0.24391891891891893 0.37094594594594593
8 0.38175675675675674 0.4594594594594595 0.056081081081081084 0.07905405405405405
8 0.11756756756756757 0.4885135135135135 0.04864864864864865 0.08108108108108109
8 0.11418918918918919 0.4209459459459459 0.013513513513513514 0.04594594594594595
8 0.40878378378378377 0.33378378378378376 0.06486486486486487 0.09594594594594595
2 0.3195945945945946 0.4060810810810811 0.04391891891891892 0.08716216216216216
11 0.7885135135135135 0.6054054054054054 0.05945945945945946 0.08108108108108109
6 0.7635135135135135 0.17162162162162162 0.07702702702702703 0.07567567567567568
9 0.2222972972972973 0.7966216216216216 0.11756756756756757 0.05540540540540541
9 0.29527027027027025 0.8844594594594595 0.17702702702702702 0.23108108108108108
9 0.20337837837837838 0.8243243243243243 0.005405405405405406 0.006756756756756757
9 0.20540540540540542 0.8824324324324324 0.0918918918918919 0.13378378378378378
8 0.4060810810810811 0.9452702702702702 0.06351351351351352 0.07432432432432433
9 0.10540540540540541 0.9878378378378379 0.07837837837837838 0.024324324324324326
9 0.13918918918918918 0.9344594594594594 0.060810810810810814 0.05540540540540541
9 0.8533783783783784 0.9439189189189189 0.13243243243243244 0.0722972972972973
9 0.8837837837837837 0.8885135135135135 0.1222972972972973 0.057432432432432436
9 0.9722972972972973 0.8635135135135135 0.05540540540540541 0.0804054054054054
9 0.7094594594594594 0.7783783783783784 0.06554054054054054 0.018243243243243244
2 0.7432432432432432 0.8797297297297297 0.09527027027027027 0.05067567567567568