8 0.245 0.5045413260672116 0.056666666666666664 0.08991825613079019
8 0.696 0.11989100817438691 0.03333333333333333 0.05131698455949137
8 0.726 0.3583106267029973 0.024333333333333332 0.035422343324250684
8 0.6626666666666666 0.2184377838328792 0.022333333333333334 0.05131698455949137
11 0.7033333333333334 0.184377838328792 0.024333333333333332 0.049500454132606724
9 0.672 0.29291553133514986 0.035 0.053587647593097185
0 0.6186666666666667 0.3887375113533152 0.027333333333333334 0.04405086285195277
0 0.739 0.4164396003633061 0.037 0.039509536784741145
1 0.6763333333333333 0.42915531335149865 0.029 0.039509536784741145
4 0.25166666666666665 0.7593097184377838 0.03666666666666667 0.05086285195277021
7 0.367 0.9532243415077203 0.03233333333333333 0.0485921889191644
9 0.7223333333333334 0.9264305177111717 0.07066666666666667 0.029518619436875566
9 0.6796666666666666 0.8969118982742961 0.06333333333333334 0.029518619436875566
8 0.488 0.7075386012715713 0.056 0.04405086285195277
8 0.742 0.810172570390554 0.06166666666666667 0.0326975476839237
8 0.725 0.7438692098092643 0.056 0.04178019981834696
7 0.5566666666666666 0.8242506811989101 0.07233333333333333 0.05086285195277021
7 0.667 0.7370572207084468 0.067 0.05086285195277021
7 0.7323333333333333 0.851952770208901 0.06866666666666667 0.03633060853769301