8 0.23625 0.1092057761732852 0.045 0.09566787003610108
2 0.5425 0.15703971119133575 0.09375 0.1263537906137184
11 0.614375 0.361913357400722 0.03125 0.05595667870036101
10 0.908125 0.24548736462093862 0.118125 0.20126353790613719
10 0.833125 0.10469314079422383 0.078125 0.1588447653429603
10 0.74125 0.13176895306859207 0.1125 0.26353790613718414
8 0.374375 0.9214801444043321 0.07375 0.0812274368231047
11 0.473125 0.7545126353790613 0.05625 0.08664259927797834
11 0.610625 0.5135379061371841 0.03875 0.05956678700361011
11 0.606875 0.7490974729241877 0.04625 0.09747292418772563
11 0.461875 0.9783393501805054 0.05375 0.04332129963898917
7 0.45875 0.8898916967509025 0.0825 0.10830324909747292
7 0.593125 0.9530685920577617 0.07375 0.09386281588447654
3 0.9225 0.9395306859205776 0.0575 0.10830324909747292
3 0.936875 0.8375451263537906 0.0425 0.07220216606498195
3 0.873125 0.8528880866425993 0.03375 0.06588447653429604
3 0.82625 0.855595667870036 0.066875 0.18682310469314078
3 0.938125 0.7418772563176895 0.08375 0.13357400722021662
3 0.86625 0.621841155234657 0.063125 0.10649819494584838
3 0.885625 0.5469314079422383 0.07125 0.12364620938628158
3 0.839375 0.44314079422382674 0.086875 0.10649819494584838
3 0.77875 0.5875451263537906 0.050625 0.10018050541516245
3 0.74625 0.6823104693140795 0.074375 0.14891696750902528
3 0.705 0.8014440433212996 0.14625 0.2319494584837545