4 0.025390625 0.3104166666666667 0.05078125 0.09027777777777778
4 0.06796875 0.03611111111111111 0.065625 0.07222222222222222
4 0.056640625 0.3770833333333333 0.07734375 0.10416666666666667
4 0.15546875 0.08263888888888889 0.04453125 0.09305555555555556
4 0.141796875 0.022222222222222223 0.05859375 0.044444444444444446
4 0.046484375 0.17152777777777778 0.05078125 0.07361111111111111
4 0.0203125 0.1486111111111111 0.040625 0.06666666666666667
5 0.0125 0.10347222222222222 0.025 0.15694444444444444
2 0.07734375 0.2423611111111111 0.0578125 0.1111111111111111
3 0.66953125 0.17847222222222223 0.112890625 0.12430555555555556
7 0.17578125 0.5888888888888889 0.04765625 0.08194444444444444
7 0.094921875 0.5041666666666667 0.05859375 0.10694444444444444
7 0.137890625 0.8493055555555555 0.03671875 0.06666666666666667
7 0.196484375 0.9666666666666667 0.03828125 0.0625
7 0.251953125 0.6506944444444445 0.04296875 0.08055555555555556
7 0.28984375 0.6625 0.02890625 0.05694444444444444
7 0.35 0.8638888888888889 0.0421875 0.07083333333333333
7 0.29296875 0.8472222222222222 0.0515625 0.08055555555555556
7 0.19296875 0.5041666666666667 0.0359375 0.06527777777777778
7 0.187109375 0.45694444444444443 0.03828125 0.05555555555555555
7 0.0921875 0.7236111111111111 0.02890625 0.05138888888888889
7 0.1125 0.6847222222222222 0.03515625 0.08055555555555556
11 0.133203125 0.4395833333333333 0.02578125 0.020833333333333332
11 0.07421875 0.5652777777777778 0.03203125 0.05138888888888889
11 0.062109375 0.6847222222222222 0.02890625 0.04583333333333333
11 0.078125 0.7958333333333333 0.0375 0.06666666666666667
11 0.078515625 0.6395833333333333 0.02890625 0.04861111111111111
11 0.011328125 0.5861111111111111 0.02265625 0.06111111111111111
11 0.265234375 0.5423611111111111 0.0328125 0.05694444444444444
11 0.19609375 0.8756944444444444 0.03203125 0.06805555555555555
11 0.178515625 0.9125 0.0328125 0.05
11 0.155078125 0.9229166666666667 0.02890625 0.05277777777777778
11 0.13046875 0.5368055555555555 0.02734375 0.044444444444444446
11 0.13828125 0.63125 0.03046875 0.04861111111111111
11 0.375 0.7291666666666666 0.009375 0.06111111111111111
11 0.3078125 0.9444444444444444 0.0328125 0.07361111111111111
11 0.2296875 0.8694444444444445 0.02578125 0.044444444444444446
11 0.23359375 0.9916666666666667 0.034375 0.016666666666666666
11 0.043359375 0.7916666666666666 0.0265625 0.06111111111111111
2 0.470703125 0.4847222222222222 0.11171875 0.1111111111111111
9 0.6984375 0.75625 0.1078125 0.16527777777777777
9 0.7328125 0.5444444444444444 0.1765625 0.23055555555555557
9 0.559765625 0.5423611111111111 0.09921875 0.15694444444444444