0 0.5495 0.3825 0.041 0.095
11 0.819 0.358125 0.033 0.04625
11 0.696 0.31 0.03 0.053125
11 0.8125 0.04125 0.0865 0.081875
11 0.936 0.2325 0.045 0.08
11 0.8805 0.36 0.0415 0.0375
11 0.6275 0.200625 0.0665 0.1
11 0.696 0.183125 0.038 0.075625
11 0.6645 0.285625 0.023 0.053125
1 0.818 0.133125 0.0415 0.06875
1 0.7425 0.178125 0.0415 0.04625
11 0.872 0.309375 0.028 0.06
11 0.8455 0.34125 0.0215 0.03125
11 0.918 0.344375 0.025 0.03125
11 0.907 0.266875 0.0265 0.03125
7 0.5545 0.515 0.031 0.0925
7 0.4075 0.4925 0.054 0.11
7 0.816 0.8575 0.093 0.10625