9 0.20914634146341463 0.08365758754863813 0.18658536585365854 0.16731517509727625
8 0.374390243902439 0.16828793774319067 0.04390243902439024 0.08754863813229571
8 0.12317073170731707 0.30642023346303504 0.036585365853658534 0.0914396887159533
8 0.1073170731707317 0.2237354085603113 0.004878048780487805 0.058365758754863814
8 0.37621951219512195 0.02821011673151751 0.05 0.05642023346303502
2 0.30365853658536585 0.1254863813229572 0.02926829268292683 0.10311284046692606
4 0.6579268292682927 0.35700389105058367 0.03841463414634146 0.058365758754863814
4 0.8780487804878049 0.24124513618677043 0.041463414634146344 0.08463035019455253
7 0.9615853658536585 0.1926070038910506 0.06707317073170732 0.14299610894941633
4 0.6073170731707317 0.41147859922178986 0.03536585365853658 0.07976653696498054
4 0.6042682926829268 0.2811284046692607 0.023170731707317073 0.038910505836575876
7 0.8268292682926829 0.3754863813229572 0.051829268292682924 0.07003891050583658
7 0.874390243902439 0.04571984435797665 0.039634146341463415 0.058365758754863814
7 0.7804878048780488 0.11381322957198443 0.04451219512195122 0.058365758754863814
7 0.900609756097561 0.3531128404669261 0.042682926829268296 0.05544747081712062
8 0.09695121951219512 0.9027237354085603 0.032926829268292684 0.07392996108949416
0 0.2030487804878049 0.6536964980544747 0.05 0.08560311284046693
0 0.26707317073170733 0.6517509727626459 0.03414634146341464 0.08171206225680934
0 0.41097560975609754 0.6682879377431906 0.07804878048780488 0.18482490272373542
0 0.10060975609756098 0.6857976653696498 0.05 0.08365758754863813
0 0.34817073170731705 0.6498054474708171 0.054878048780487805 0.08560311284046693
0 0.27987804878048783 0.8171206225680934 0.07682926829268293 0.0622568093385214
0 0.175 0.7821011673151751 0.05 0.1245136186770428
11 0.24634146341463414 0.938715953307393 0.05121951219512195 0.10700389105058365
7 0.5652439024390243 0.6653696498054474 0.03048780487804878 0.10505836575875487
7 0.9719512195121951 0.8852140077821011 0.05609756097560976 0.11673151750972763
7 0.6390243902439025 0.7013618677042801 0.07073170731707316 0.11478599221789883
8 0.5634146341463414 0.8501945525291829 0.026829268292682926 0.0622568093385214
8 0.6347560975609756 0.8667315175097277 0.04024390243902439 0.05642023346303502
8 0.7597560975609756 0.8715953307392996 0.026829268292682926 0.04669260700389105
8 0.9103658536585366 0.9377431906614786 0.05 0.054474708171206226
9 0.7207317073170731 0.8268482490272373 0.03902439024390244 0.06614785992217899