8 0.2955729166666667 0.16287878787878787 0.052083333333333336 0.08333333333333333
8 0.2649739583333333 0.35132575757575757 0.032552083333333336 0.08712121212121213
11 0.3255208333333333 0.26988636363636365 0.036458333333333336 0.08143939393939394
9 0.3014322916666667 0.4753787878787879 0.0546875 0.08712121212121213
8 0.7330729166666666 0.2556818181818182 0.040364583333333336 0.07196969696969698
8 0.58984375 0.14772727272727273 0.045572916666666664 0.04924242424242424
8 0.5930989583333334 0.14204545454545456 0.014322916666666666 0.013257575757575758
11 0.5904947916666666 0.1884469696969697 0.02734375 0.03787878787878788
11 0.666015625 0.038825757575757576 0.02734375 0.041666666666666664
9 0.17317708333333334 0.7149621212121212 0.055989583333333336 0.09848484848484848
9 0.40234375 0.8087121212121212 0.07682291666666667 0.10227272727272728
9 0.099609375 0.7386363636363636 0.044270833333333336 0.0625
9 0.3704427083333333 0.9668560606060606 0.08203125 0.06628787878787878
9 0.24153645833333334 0.7528409090909091 0.06901041666666667 0.14962121212121213
1 0.4973958333333333 0.6818181818181818 0.0546875 0.10037878787878787
1 0.34375 0.5303030303030303 0.052083333333333336 0.022727272727272728
11 0.4954427083333333 0.8541666666666666 0.044270833333333336 0.10227272727272728
8 0.15625 0.5596590909090909 0.045572916666666664 0.0625
9 0.25 0.8617424242424242 0.10416666666666667 0.07765151515151515
7 0.484375 0.9393939393939394 0.0390625 0.04734848484848485
7 0.44140625 0.9583333333333334 0.037760416666666664 0.043560606060606064
7 0.23763020833333334 0.5274621212121212 0.04296875 0.017045454545454544
7 0.19010416666666666 0.9166666666666666 0.033854166666666664 0.05113636363636364
7 0.265625 0.9327651515151515 0.03515625 0.03977272727272727
7 0.3079427083333333 0.9526515151515151 0.041666666666666664 0.054924242424242424
0 0.3470052083333333 0.8295454545454546 0.041666666666666664 0.06060606060606061
0 0.3463541666666667 0.9081439393939394 0.055989583333333336 0.06818181818181818
0 0.119140625 0.6647727272727273 0.0546875 0.08333333333333333
8 0.87109375 0.9839015151515151 0.08333333333333333 0.032196969696969696
7 0.9889322916666666 0.7291666666666666 0.022135416666666668 0.06060606060606061
8 0.947265625 0.7575757575757576 0.028645833333333332 0.043560606060606064
8 0.9765625 0.7803030303030303 0.036458333333333336 0.05303030303030303