1 0.109130859375 0.3133854421104055 0.0537109375 0.043478260869565216
1 0.154052734375 0.2633121641426478 0.041015625 0.038104543234000976
1 0.100341796875 0.24596971177332683 0.03369140625 0.03761602344894968
1 0.2783203125 0.23742061553492916 0.0517578125 0.04787493893502687
11 0.154296875 0.04396678065461651 0.07177734375 0.06936980947728383
11 0.300537109375 0.09013190034196385 0.06201171875 0.045432340009770394
11 0.351318359375 0.1250610649731314 0.07177734375 0.06741573033707865
11 0.1982421875 0.4308744504152418 0.07080078125 0.07425500732779677
9 0.76220703125 0.47313141182217877 0.08203125 0.1172447484123107
9 0.84033203125 0.4013190034196385 0.11865234375 0.09574987787005373
9 0.773193359375 0.35710796287249635 0.10009765625 0.08597948216902784
0 0.58935546875 0.373961895456766 0.0791015625 0.15095261358085002
0 0.8359375 0.09330727894479726 0.13916015625 0.17733268197361993
0 0.768798828125 0.21152906692721055 0.23388671875 0.20517830972154372
7 0.806884765625 0.2970200293111871 0.04345703125 0.04934049829018075
7 0.75244140625 0.04860771861260381 0.06494140625 0.0718124084025403
7 0.67041015625 0.3878847093307279 0.07470703125 0.07474352711284807
3 0.176513671875 0.802638006839277 0.173828125 0.18563751831949193
3 0.33203125 0.9022960429897411 0.14453125 0.16805080605764533
3 0.225341796875 0.9447972642892037 0.11865234375 0.11040547142159257
6 0.76123046875 0.9152418172936004 0.142578125 0.13825109916951636
6 0.796875 0.7884709330727895 0.0810546875 0.07816316560820713
6 0.865966796875 0.8402540302882266 0.0849609375 0.07620908646800195
6 0.96484375 0.7994626282364435 0.03955078125 0.04250122129946263
6 0.960205078125 0.9355153883732291 0.07958984375 0.08695652173913043
6 0.96923828125 0.9748412310698583 0.0615234375 0.05031753786028334