1 0.277 0.23807157057654074 0.024666666666666667 0.05467196819085487
1 0.21166666666666667 0.16153081510934394 0.028 0.048707753479125246
2 0.06 0.16500994035785288 0.05533333333333333 0.07852882703777336
11 0.14266666666666666 0.23658051689860835 0.046 0.0536779324055666
8 0.7036666666666667 0.2614314115308151 0.066 0.0437375745526839
8 0.7976666666666666 0.11232604373757456 0.061 0.03876739562624255
7 0.588 0.23161033797216699 0.06466666666666666 0.03926441351888668
7 0.573 0.2639165009940358 0.071 0.03876739562624255
7 0.74 0.17594433399602386 0.08466666666666667 0.06312127236580517
7 0.47733333333333333 0.2599403578528827 0.08466666666666667 0.045228628230616304
7 0.741 0.052186878727634195 0.059666666666666666 0.03876739562624255
8 0.26266666666666666 0.8618290258449304 0.034333333333333334 0.08101391650099403
8 0.17266666666666666 0.878727634194831 0.025333333333333333 0.061630218687872766
8 0.22 0.3981113320079523 0.021666666666666667 0.05666003976143141
11 0.184 0.7445328031809145 0.02033333333333333 0.060139165009940355
11 0.21066666666666667 0.4537773359840954 0.015666666666666666 0.044234592445328035
11 0.20066666666666666 0.5497017892644135 0.017333333333333333 0.04324055666003976
11 0.22266666666666668 0.6848906560636183 0.02 0.06610337972166998
11 0.20433333333333334 0.8802186878727635 0.018333333333333333 0.04572564612326044
7 0.19333333333333333 0.8260437375745527 0.029333333333333333 0.0775347912524851
7 0.23966666666666667 0.8116302186878728 0.028 0.08101391650099403
5 0.6103333333333333 0.5666003976143141 0.418 0.39363817097415504
5 0.9443333333333334 0.5129224652087475 0.11133333333333334 0.16898608349900596