8 0.20035714285714284 0.283125 0.03 0.0575
8 0.2342857142857143 0.014375 0.011428571428571429 0.02875
8 0.17285714285714285 0.164375 0.02 0.05875
11 0.21035714285714285 0.208125 0.02142857142857143 0.055
9 0.18535714285714286 0.07875 0.03142857142857143 0.06
6 0.6396428571428572 0.201875 0.09428571428571429 0.13125
6 0.7275 0.03125 0.008571428571428572 0.0175
6 0.7332142857142857 0.02375 0.052142857142857144 0.0475
1 0.5257142857142857 0.200625 0.06857142857142857 0.10875
1 0.3435714285714286 0.14 0.06928571428571428 0.11375
7 0.10964285714285714 0.64875 0.03428571428571429 0.11625
11 0.10607142857142857 0.45125 0.019285714285714285 0.090625
11 0.15428571428571428 0.946875 0.0225 0.06875
0 0.11178571428571428 0.843125 0.026071428571428572 0.1
11 0.7539285714285714 0.486875 0.031071428571428573 0.053125
11 0.7271428571428571 0.495 0.024642857142857143 0.044375
11 0.9657142857142857 0.625625 0.0375 0.045625
7 0.8146428571428571 0.69625 0.05 0.06375
7 0.765 0.424375 0.025357142857142856 0.03375