9 0.30390625 0.17569444444444443 0.1015625 0.14027777777777778
9 0.241796875 0.3402777777777778 0.16171875 0.1388888888888889
11 0.607421875 0.3055555555555556 0.0484375 0.09027777777777778
0 0.64609375 0.325 0.06171875 0.09444444444444444
7 0.799609375 0.16527777777777777 0.0453125 0.06944444444444445
11 0.70390625 0.011111111111111112 0.046875 0.022222222222222223
8 0.199609375 0.7527777777777778 0.065625 0.09444444444444444
8 0.273828125 0.7847222222222222 0.04765625 0.06944444444444445
8 0.20703125 0.8916666666666667 0.03671875 0.059722222222222225
8 0.102734375 0.9854166666666667 0.03671875 0.029166666666666667
8 0.2546875 0.9784722222222222 0.0421875 0.043055555555555555
8 0.343359375 0.7027777777777777 0.03984375 0.07222222222222222
9 0.043359375 0.9388888888888889 0.06640625 0.12222222222222222
7 0.394921875 0.5645833333333333 0.02890625 0.10416666666666667
2 0.80234375 0.4527777777777778 0.10625 0.08541666666666667
2 0.5015625 0.7541666666666667 0.074609375 0.10902777777777778
2 0.42890625 0.7083333333333334 0.0390625 0.11736111111111111
8 0.84296875 0.5625 0.041796875 0.05763888888888889
8 0.875390625 0.6118055555555556 0.03828125 0.05347222222222222
9 0.7640625 0.6819444444444445 0.12734375 0.15
2 0.634375 0.8305555555555556 0.076171875 0.10486111111111111