9 0.22824074074074074 0.19583333333333333 0.06574074074074074 0.06759259259259259
5 0.29305555555555557 0.05648148148148148 0.032407407407407406 0.07962962962962963
2 0.5078703703703704 0.20972222222222223 0.11481481481481481 0.03981481481481482
2 0.8953703703703704 0.11481481481481481 0.07777777777777778 0.0375
2 0.9782407407407407 0.13935185185185187 0.04351851851851852 0.043055555555555555
8 0.47824074074074074 0.15648148148148147 0.044444444444444446 0.019444444444444445
8 0.44583333333333336 0.13472222222222222 0.04027777777777778 0.018055555555555554
9 0.5828703703703704 0.11805555555555555 0.13703703703703704 0.04861111111111111
2 0.7509259259259259 0.07314814814814814 0.08055555555555556 0.03518518518518519
7 0.17824074074074073 0.6199074074074075 0.026851851851851852 0.07685185185185185
1 0.1925925925925926 0.7962962962962963 0.034722222222222224 0.059722222222222225
11 0.18611111111111112 0.44814814814814813 0.023148148148148147 0.06481481481481481
11 0.1439814814814815 0.42592592592592593 0.012037037037037037 0.05462962962962963
11 0.26064814814814813 0.42962962962962964 0.012037037037037037 0.062037037037037036
11 0.15092592592592594 0.5462962962962963 0.020833333333333332 0.03981481481481482
11 0.11203703703703703 0.5041666666666667 0.01712962962962963 0.06944444444444445
11 0.06898148148148148 0.4546296296296296 0.024074074074074074 0.04722222222222222
11 0.15694444444444444 0.7976851851851852 0.027777777777777776 0.06481481481481481
9 0.9425925925925925 0.5013888888888889 0.059722222222222225 0.09305555555555556
9 0.7194444444444444 0.5578703703703703 0.06388888888888888 0.07592592592592592
9 0.5277777777777778 0.6486111111111111 0.06666666666666667 0.09074074074074075
9 0.624537037037037 0.7203703703703703 0.04814814814814815 0.08009259259259259
9 0.5986111111111111 0.6412037037037037 0.0412037037037037 0.056018518518518516
9 0.6773148148148148 0.45 0.055092592592592596 0.06944444444444445
9 0.4925925925925926 0.5810185185185185 0.04675925925925926 0.06666666666666667
9 0.4671296296296296 0.8148148148148148 0.041666666666666664 0.08842592592592592
1 0.8041666666666667 0.6518518518518519 0.03564814814814815 0.09722222222222222
1 0.7472222222222222 0.8013888888888889 0.029166666666666667 0.056018518518518516
1 0.6550925925925926 0.5425925925925926 0.020370370370370372 0.04212962962962963
8 0.6550925925925926 0.34675925925925927 0.03888888888888889 0.046296296296296294
8 0.9722222222222222 0.587037037037037 0.031018518518518518 0.08425925925925926
11 0.8953703703703704 0.5 0.030555555555555555 0.06944444444444445
11 0.6800925925925926 0.7606481481481482 0.050462962962962966 0.07407407407407407
9 0.6893518518518519 0.8148148148148148 0.075 0.07268518518518519
7 0.6648148148148149 0.6615740740740741 0.03888888888888889 0.04537037037037037
7 0.6305555555555555 0.5921296296296297 0.03333333333333333 0.047685185185185185
7 0.8953703703703704 0.4310185185185185 0.02824074074074074 0.05694444444444444