9 0.3205619412515964 0.31525735294117646 0.06385696040868455 0.08823529411764706
2 0.11430395913154534 0.25735294117647056 0.04469987228607918 0.07904411764705882
2 0.26181353767560667 0.22242647058823528 0.04469987228607918 0.0900735294117647
2 0.0031928480204342275 0.3602941176470588 0.006385696040868455 0.05514705882352941
2 0.13793103448275862 0.40808823529411764 0.037037037037037035 0.10110294117647059
8 0.30779054916985954 0.42371323529411764 0.04853128991060025 0.06066176470588235
8 0.9303959131545338 0.2619485294117647 0.04853128991060025 0.07169117647058823
8 0.7573435504469987 0.17647058823529413 0.06130268199233716 0.10477941176470588
8 0.657088122605364 0.16636029411764705 0.037037037037037035 0.07536764705882353
8 0.6066411238825032 0.24724264705882354 0.03959131545338442 0.058823529411764705
8 0.8358876117496807 0.2665441176470588 0.0421455938697318 0.06801470588235294
2 0.7120051085568327 0.25735294117647056 0.07407407407407407 0.09558823529411764
1 0.7247765006385696 0.44669117647058826 0.07918263090676884 0.10845588235294118
1 0.7822477650063857 0.3538602941176471 0.07918263090676884 0.07169117647058823
1 0.8148148148148148 0.05974264705882353 0.04980842911877394 0.0661764705882353
8 0.6162196679438059 0.20220588235294118 0.04086845466155811 0.06433823529411764
11 0.9048531289910601 0.17279411764705882 0.05363984674329502 0.07720588235294118
4 0.09195402298850575 0.8943014705882353 0.06130268199233716 0.05698529411764706
4 0.26500638569604085 0.7545955882352942 0.06321839080459771 0.05698529411764706
4 0.305874840357599 0.8226102941176471 0.05874840357598978 0.04136029411764706
7 0.19157088122605365 0.7040441176470589 0.05874840357598978 0.050551470588235295
7 0.954661558109834 0.7417279411764706 0.07279693486590039 0.11580882352941177
7 0.7592592592592593 0.6167279411764706 0.09578544061302682 0.11580882352941177
7 0.9616858237547893 0.9319852941176471 0.05491698595146871 0.07904411764705882
8 0.7011494252873564 0.578125 0.038314176245210725 0.03860294117647059