0 0.35624123422159887 0.10625 0.1458625525946704 0.125
0 0.35834502103786814 0.188125 0.14165497896213183 0.11125
0 0.34011220196353437 0.026875 0.1332398316970547 0.05375
0 0.07994389901823282 0.3025 0.13043478260869565 0.1225
0 0.22861150070126227 0.22125 0.1150070126227209 0.1225
0 0.07012622720897616 0.1125 0.1402524544179523 0.165
1 0.6584852734922861 0.310625 0.11009817671809256 0.079375
1 0.6367461430575035 0.24875 0.1150070126227209 0.0775
1 0.6760168302945302 0.17375 0.11009817671809256 0.079375
1 0.7321178120617111 0.254375 0.11009817671809256 0.08125
1 0.7321178120617111 0.318125 0.091164095371669 0.061875
1 0.800140252454418 0.244375 0.0967741935483871 0.07375
2 0.364656381486676 0.628125 0.12903225806451613 0.16875
2 0.28401122019635344 0.83875 0.1570827489481066 0.14375
8 0.3548387096774194 0.748125 0.0729312762973352 0.06125
3 0.6563814866760168 0.60375 0.255960729312763 0.243125
3 0.7286115007012622 0.83625 0.36746143057503505 0.318125