1 0.2314453125 0.271240234375 0.026611328125 0.0361328125
1 0.260009765625 0.311279296875 0.01953125 0.03369140625
1 0.23486328125 0.3408203125 0.014892578125 0.03564453125
1 0.1279296875 0.3056640625 0.031982421875 0.059326171875
1 0.163330078125 0.333740234375 0.0302734375 0.0546875
1 0.325927734375 0.30810546875 0.024658203125 0.042236328125
11 0.285888671875 0.530517578125 0.03369140625 0.062255859375
11 0.174072265625 0.51318359375 0.033935546875 0.05322265625
11 0.354248046875 0.45068359375 0.031494140625 0.03564453125
11 0.3759765625 0.40380859375 0.033935546875 0.060302734375
11 0.2626953125 0.13330078125 0.0322265625 0.06884765625
8 0.68310546875 0.40185546875 0.13232421875 0.13525390625
2 0.76708984375 0.041015625 0.244140625 0.08203125
1 0.303955078125 0.75 0.07373046875 0.06591796875
1 0.0126953125 0.8603515625 0.025390625 0.0751953125
11 0.073974609375 0.845947265625 0.068359375 0.0791015625
9 0.92578125 0.67431640625 0.12451171875 0.13525390625
9 0.814697265625 0.61669921875 0.14599609375 0.0537109375
9 0.687744140625 0.814697265625 0.1376953125 0.158203125
9 0.797607421875 0.9365234375 0.08740234375 0.126953125
8 0.74462890625 0.981201171875 0.0654296875 0.03759765625
0 0.9013671875 0.95068359375 0.0947265625 0.0986328125
0 0.69970703125 0.619384765625 0.06201171875 0.05419921875
0 0.57421875 0.693115234375 0.109375 0.10595703125