9 0.23292824074074073 0.2478780864197531 0.03833912037037037 0.07503858024691358
2 0.11733217592592593 0.18904320987654322 0.027488425925925927 0.06616512345679013
2 0.18735532407407407 0.28684413580246915 0.028211805555555556 0.07503858024691358
2 0.07074652777777778 0.05439814814814815 0.01953125 0.0470679012345679
2 0.1545138888888889 0.09124228395061729 0.023871527777777776 0.08101851851851852
8 0.24377893518518517 0.16338734567901234 0.028935185185185185 0.05304783950617284
7 0.7649016203703703 0.17033179012345678 0.17881944444444445 0.24344135802469136
7 0.05324074074074074 0.6606867283950617 0.03125 0.05555555555555555
7 0.04513888888888889 0.6060956790123457 0.038483796296296294 0.05787037037037037
7 0.1918402777777778 0.7092978395061729 0.040943287037037035 0.046296296296296294
7 0.21252893518518517 0.9629629629629629 0.048755787037037035 0.05092592592592592
11 0.09013310185185185 0.7528935185185185 0.037905092592592594 0.06095679012345679
11 0.12080439814814815 0.6988811728395061 0.03009259259259259 0.047839506172839504
8 0.2554976851851852 0.9868827160493827 0.04325810185185185 0.026234567901234566
2 0.6863425925925926 0.8063271604938271 0.06597222222222222 0.08024691358024691
2 0.8544560185185185 0.8931327160493827 0.03689236111111111 0.048996913580246916
2 0.8123553240740741 0.7690972222222222 0.033998842592592594 0.04513888888888889
2 0.9308449074074074 0.8128858024691358 0.02416087962962963 0.04301697530864197
2 0.8956886574074074 0.9641203703703703 0.033998842592592594 0.03915895061728395
2 0.7708333333333334 0.892554012345679 0.03935185185185185 0.058834876543209874
9 0.6440972222222222 0.5734953703703703 0.06495949074074074 0.06925154320987655
9 0.5729166666666666 0.6446759259259259 0.1048900462962963 0.12731481481481483
9 0.6642071759259259 0.7247299382716049 0.05960648148148148 0.06655092592592593