7 0.06875 0.275 0.03875 0.055
9 0.765625 0.24 0.065 0.15166666666666667
9 0.945 0.23833333333333334 0.08875 0.14
7 0.79625 0.085 0.055 0.075
8 0.87625 0.2941666666666667 0.04375 0.08
7 0.969375 0.34833333333333333 0.06125 0.023333333333333334
7 0.72125 0.05 0.0575 0.06833333333333333
4 0.254375 0.6866666666666666 0.07375 0.13666666666666666
9 0.570625 0.6258333333333334 0.10125 0.17166666666666666
9 0.965 0.4025 0.07 0.085
1 0.5775 0.9583333333333334 0.05 0.08333333333333333
1 0.6425 0.7591666666666667 0.05375 0.085
1 0.9825 0.5675 0.035 0.095
8 0.885 0.7641666666666667 0.075 0.12833333333333333
8 0.96125 0.88 0.0775 0.13333333333333333