7 0.2465753424657534 0.05845213849287169 0.02344573234984194 0.034215885947046845
7 0.16412012644889357 0.09389002036659878 0.024499473129610115 0.03116089613034623
7 0.12776606954689146 0.1480651731160896 0.01791359325605901 0.02219959266802444
7 0.09220231822971549 0.25621181262729126 0.028187565858798735 0.026069246435845215
5 0.589304531085353 0.012830957230142567 0.13645943097997892 0.025661914460285134
5 0.7842465753424658 0.10773930753564155 0.4315068493150685 0.2154786150712831
1 0.18203371970495258 0.6232179226069247 0.09457323498419389 0.20712830957230144
1 0.29557428872497366 0.7818737270875764 0.04373024236037935 0.12342158859470469
1 0.0821917808219178 0.8545824847250509 0.04715489989462592 0.15865580448065172
9 0.42913593256059007 0.859674134419552 0.06743940990516333 0.08981670061099796
9 0.6246048472075869 0.7492871690427698 0.06875658587987356 0.07759674134419552
9 0.7855637513171759 0.6205702647657841 0.0732349841938883 0.08981670061099796
9 0.6862486828240253 0.5924643584521385 0.05532139093782929 0.07678207739307535
9 0.7218124341412012 0.6474541751527495 0.044783983140147525 0.05519348268839104
9 0.6796628029504742 0.8221995926680244 0.06006322444678609 0.06985743380855397
9 0.8282402528977871 0.6637474541751528 0.051896733403582716 0.06558044806517312
9 0.815331928345627 0.47087576374745416 0.0505795574288725 0.08105906313645621
1 0.5326659641728135 0.6995926680244399 0.046101159114857744 0.0855397148676171
1 0.5616438356164384 0.5641547861507128 0.03398314014752371 0.05173116089613035
1 0.6857218124341412 0.7423625254582484 0.02476290832455216 0.03890020366598778
8 0.7152265542676501 0.8977596741344196 0.04188619599578504 0.04745417515274949
8 0.38883034773445735 0.8010183299389002 0.04056902002107481 0.07413441955193482
11 0.47286617492096944 0.8468431771894094 0.037934668071654375 0.06293279022403259
11 0.6296101159114857 0.5769857433808554 0.05663856691253952 0.0725050916496945
9 0.6124868282402529 0.5364562118126273 0.0779768177028451 0.07861507128309572
7 0.6585879873551106 0.6509164969450102 0.04135932560590095 0.046639511201629326
7 0.7004741833508957 0.6961303462321792 0.037407797681770286 0.046639511201629326
7 0.48366701791359323 0.9016293279022404 0.03398314014752371 0.05274949083503055