9 0.3734375 0.06976744186046512 0.19375 0.13953488372093023
9 0.20703125 0.22722868217054262 0.096875 0.08430232558139535
2 0.591796875 0.0377906976744186 0.06328125 0.0755813953488372
11 0.933203125 0.11482558139534883 0.11484375 0.12596899224806202
8 0.901171875 0.020348837209302327 0.04765625 0.040697674418604654
0 0.755859375 0.035368217054263566 0.06953125 0.07073643410852713
1 0.061328125 0.35852713178294576 0.04453125 0.06443798449612403
1 0.10546875 0.4186046511627907 0.0390625 0.061046511627906974
1 0.0171875 0.4728682170542636 0.034375 0.05813953488372093
1 0.169140625 0.39874031007751937 0.026953125 0.05765503875968992
2 0.423046875 0.752906976744186 0.071484375 0.09641472868217055
2 0.092578125 0.751937984496124 0.05625 0.11724806201550388
9 0.22734375 0.6361434108527132 0.073828125 0.08042635658914729
2 0.488671875 0.8963178294573644 0.073828125 0.07848837209302326
2 0.86796875 0.5106589147286822 0.02265625 0.0998062015503876
9 0.798046875 0.6836240310077519 0.03046875 0.10901162790697674
9 0.8609375 0.9142441860465116 0.033203125 0.08139534883720931
8 0.866796875 0.813468992248062 0.028125 0.06976744186046512
8 0.9453125 0.9001937984496124 0.02109375 0.05571705426356589
8 0.897265625 0.938468992248062 0.02734375 0.05813953488372093
8 0.829296875 0.6148255813953488 0.021875 0.07655038759689922
8 0.938671875 0.5092054263565892 0.032421875 0.08333333333333333
8 0.91796875 0.8536821705426356 0.0203125 0.05329457364341085
8 0.87578125 0.6356589147286822 0.028125 0.07412790697674419
7 0.786328125 0.3483527131782946 0.0203125 0.06976744186046512
9 0.76015625 0.6647286821705426 0.028125 0.07897286821705427
7 0.80703125 0.42926356589147285 0.031640625 0.12742248062015504
7 0.753515625 0.5721899224806202 0.02578125 0.08575581395348837
7 0.819921875 0.6739341085271318 0.02421875 0.07412790697674419
7 0.91015625 0.7703488372093024 0.02421875 0.060077519379844964
7 0.727734375 0.35852713178294576 0.034765625 0.09496124031007752
7 0.783203125 0.4442829457364341 0.01953125 0.07412790697674419
7 0.7828125 0.5973837209302325 0.016796875 0.04893410852713178
7 0.710546875 0.5048449612403101 0.025 0.09253875968992248
7 0.757421875 0.4491279069767442 0.014453125 0.04893410852713178
7 0.784375 0.5140503875968992 0.01953125 0.060077519379844964
7 0.88203125 0.8851744186046512 0.021875 0.06492248062015504
7 0.8 0.8260658914728682 0.02890625 0.05571705426356589
7 0.83671875 0.6937984496124031 0.02109375 0.05571705426356589
7 0.849609375 0.6395348837209303 0.01953125 0.05813953488372093