9 0.1574074074074074 0.29052197802197804 0.06558641975308642 0.11950549450549451
9 0.6828703703703703 0.20192307692307693 0.033950617283950615 0.19505494505494506
9 0.10455246913580248 0.03365384615384615 0.05015432098765432 0.0673076923076923
9 0.19675925925925927 0.017170329670329672 0.08487654320987655 0.034340659340659344
8 0.06172839506172839 0.5425824175824175 0.035493827160493825 0.03296703296703297
8 0.11188271604938271 0.17032967032967034 0.027777777777777776 0.07692307692307693
8 0.041666666666666664 0.25892857142857145 0.031635802469135804 0.057692307692307696
1 0.03202160493827161 0.33447802197802196 0.047839506172839504 0.06868131868131869
1 0.01273148148148148 0.2184065934065934 0.02546296296296296 0.06868131868131869
1 0.7681327160493827 0.35714285714285715 0.0470679012345679 0.08379120879120878
6 0.8445216049382716 0.1978021978021978 0.036265432098765434 0.04120879120879121
6 0.7901234567901234 0.08035714285714286 0.03009259259259259 0.05631868131868132
6 0.8537808641975309 0.2960164835164835 0.026234567901234566 0.07142857142857142
1 0.7604166666666666 0.25137362637362637 0.05401234567901234 0.09340659340659341
1 0.7191358024691358 0.26854395604395603 0.038580246913580245 0.08928571428571429
1 0.7233796296296297 0.1620879120879121 0.0470679012345679 0.11538461538461539
1 0.722608024691358 0.3598901098901099 0.04552469135802469 0.10164835164835165
1 0.7511574074074074 0.05357142857142857 0.05555555555555555 0.0989010989010989
1 0.8236882716049383 0.37774725274725274 0.05941358024691358 0.0989010989010989
1 0.8140432098765432 0.2623626373626374 0.047839506172839504 0.08653846153846154
1 0.7870370370370371 0.1565934065934066 0.07175925925925926 0.09615384615384616
1 0.8576388888888888 0.08173076923076923 0.07098765432098765 0.1401098901098901
1 0.7114197530864198 0.04532967032967033 0.023148148148148147 0.09065934065934066
0 0.279320987654321 0.8262362637362637 0.03896604938271605 0.03571428571428571
0 0.4390432098765432 0.9244505494505495 0.037037037037037035 0.034340659340659344
0 0.3055555555555556 0.8619505494505495 0.03510802469135803 0.034340659340659344
0 0.39544753086419754 0.7747252747252747 0.03510802469135803 0.046703296703296704
9 0.39621913580246915 0.8372252747252747 0.052083333333333336 0.04807692307692308
2 0.041666666666666664 0.7891483516483516 0.031635802469135804 0.034340659340659344
7 0.4047067901234568 0.6936813186813187 0.06867283950617284 0.057692307692307696
2 0.35378086419753085 0.9375 0.04436728395061729 0.026785714285714284
1 0.7893518518518519 0.7994505494505495 0.17592592592592593 0.3907967032967033
1 0.8935185185185185 0.8660714285714286 0.05787037037037037 0.20467032967032966
1 0.9479166666666666 0.8866758241758241 0.06095679012345679 0.22664835164835165