1 0.028076171875 0.25466045272969373 0.0517578125 0.05126498002663116
1 0.094482421875 0.2706391478029294 0.03857421875 0.04660452729693742
1 0.062744140625 0.33422103861517977 0.0302734375 0.04860186418109188
1 0.208251953125 0.1940745672436751 0.04833984375 0.05858854860186418
11 0.2294921875 0.5059920106524634 0.06689453125 0.08588548601864181
11 0.030517578125 0.5955392809587217 0.06103515625 0.04860186418109188
11 0.31640625 0.33355525965379496 0.0615234375 0.05126498002663116
11 0.3349609375 0.2533288948069241 0.06689453125 0.08255659121171771
11 0.029052734375 0.05359520639147803 0.05810546875 0.09387483355525965
7 0.91015625 0.11151797603195739 0.06982421875 0.07123834886817576
7 0.956298828125 0.05459387483355526 0.08740234375 0.10918774966711052
7 0.739013671875 0.1584553928095872 0.07666015625 0.11451398135818908
7 0.52392578125 0.1514647137150466 0.099609375 0.1318242343541944
7 0.810302734375 0.13282290279627162 0.0625 0.08122503328894808
7 0.799560546875 0.31857523302263646 0.056640625 0.07723035952063914
8 0.954345703125 0.5842210386151797 0.09130859375 0.07123834886817576
8 0.483154296875 0.019640479360852198 0.04638671875 0.039280958721704395
8 0.468017578125 0.13715046604527298 0.01611328125 0.08388814913448735
3 0.073486328125 0.8541944074567244 0.14697265625 0.29161118508655126
3 0.245849609375 0.8981358189081226 0.24853515625 0.20372836218375498
3 0.134521484375 0.7623169107856191 0.26904296875 0.28495339547270304
2 0.7724609375 0.916444740346205 0.154296875 0.16711051930758988
8 0.8837890625 0.9846870838881492 0.0712890625 0.03062583222370173