8 0.32166666666666666 0.28928247048138056 0.058 0.09355131698455948
7 0.5323333333333333 0.1494096276112625 0.05533333333333333 0.1407811080835604
2 0.801 0.2997275204359673 0.047 0.043596730245231606
2 0.8423333333333334 0.3178928247048138 0.043666666666666666 0.04450499545867393
2 0.83 0.21026339691189827 0.027333333333333334 0.037693006357856496
2 0.8186666666666667 0.26385104450499547 0.042 0.04904632152588556
2 0.791 0.24205267938237965 0.030666666666666665 0.039509536784741145
9 0.7893333333333333 0.33969118982742963 0.049666666666666665 0.04904632152588556
8 0.889 0.22706630336058128 0.03 0.02997275204359673
8 0.9046666666666666 0.2883742052679382 0.02666666666666667 0.02815622161671208
8 0.809 0.16621253405994552 0.024666666666666667 0.030881017257039057
7 0.9 0.32515894641235243 0.03333333333333333 0.03178928247048138
9 0.8403333333333334 0.17665758401453224 0.03333333333333333 0.03178928247048138
4 0.33366666666666667 0.7947320617620345 0.09433333333333334 0.10762942779291552
4 0.321 0.8837420526793823 0.042333333333333334 0.048138056312443236
4 0.13733333333333334 0.7125340599455041 0.07833333333333334 0.11080835603996367
4 0.18766666666666668 0.8178928247048138 0.053 0.055404178019981834
4 0.538 0.7007266121707538 0.035666666666666666 0.05404178019981835
4 0.24433333333333335 0.7538601271571299 0.050333333333333334 0.049500454132606724
9 0.2653333333333333 0.6821071752951862 0.06366666666666666 0.06267029972752043
3 0.8206666666666667 0.5844686648501363 0.194 0.23342415985467757
3 0.7723333333333333 0.8301544050862852 0.282 0.30517711171662126