8 0.078125 0.32444314185228607 0.04765625 0.04279015240328253
8 0.11796875 0.3757327080890973 0.04609375 0.04337631887456037
8 0.098046875 0.12338804220398593 0.0421875 0.04279015240328253
8 0.158203125 0.19343493552168817 0.04609375 0.03223915592028136
8 0.22578125 0.16705744431418523 0.05234375 0.03458382180539273
8 0.362890625 0.1843493552168816 0.05390625 0.04044548651817116
9 0.44375 0.30158264947245017 0.0796875 0.06330597889800703
9 0.42421875 0.16207502930832357 0.10390625 0.10550996483001172
7 0.459375 0.021981242672919107 0.04921875 0.043962485345838215
7 0.30625 0.18493552168815944 0.05 0.03927315357561548
7 0.258203125 0.20427901524032827 0.04453125 0.03634232121922626
8 0.060546875 0.20691676436107856 0.04609375 0.03927315357561548
9 0.691015625 0.2951348182883939 0.034375 0.05744431418522861
8 0.644140625 0.35316529894490034 0.039453125 0.043962485345838215
0 0.709765625 0.1351113716295428 0.0375 0.06037514654161782
0 0.689453125 0.08587338804220399 0.02578125 0.04249706916764361
0 0.801171875 0.3601992966002345 0.025390625 0.03927315357561548
0 0.73515625 0.29425556858147717 0.016015625 0.03839390386869871
1 0.780078125 0.11723329425556858 0.01875 0.023446658851113716
6 0.827734375 0.08206330597889801 0.021484375 0.033704572098475966
3 0.0796875 0.5967174677608441 0.159375 0.1559202813599062
3 0.219921875 0.7435521688159438 0.13984375 0.14830011723329425
3 0.057421875 0.7664126611957796 0.10625 0.13892145369284878
7 0.63046875 0.6764361078546307 0.0359375 0.03927315357561548
7 0.776953125 0.5430832356389215 0.041015625 0.03194607268464244
7 0.851953125 0.9695193434935522 0.029296875 0.043962485345838215
11 0.66328125 0.8045134818288394 0.015625 0.03634232121922626
11 0.625 0.7590855803048066 0.023046875 0.04015240328253224
11 0.70390625 0.563599062133646 0.031640625 0.03077373974208675
11 0.957421875 0.6670574443141852 0.032421875 0.029894490035169988
11 0.917578125 0.6614888628370457 0.032421875 0.05246189917936694
11 0.749609375 0.8569753810082064 0.023828125 0.029894490035169988