7 0.089 0.3658170914542729 0.039 0.07796101949025487
7 0.2495 0.3950524737631184 0.041 0.06896551724137931
7 0.348 0.32608695652173914 0.031 0.049475262368815595
7 0.4835 0.1431784107946027 0.049 0.053973013493253376
0 0.7935 0.239880059970015 0.0665 0.09070464767616192
7 0.734 0.30509745127436283 0.03 0.046476761619190406
7 0.836 0.2608695652173913 0.0365 0.05997001499250375
7 0.722 0.24437781109445278 0.044 0.0704647676161919
9 0.402 0.5847076461769115 0.0755 0.03298350824587706
9 0.341 0.6056971514242878 0.068 0.03298350824587706
8 0.037 0.7608695652173914 0.06 0.05022488755622189
8 0.3535 0.7128935532233883 0.066 0.037481259370314844
8 0.2965 0.7796101949025487 0.06 0.0472263868065967
7 0.1755 0.6536731634182908 0.0775 0.05772113943028486
7 0.2345 0.7728635682158921 0.0715 0.05772113943028486
7 0.368 0.6656671664167916 0.0735 0.04122938530734633
4 0.9515 0.7098950524737632 0.069 0.10944527736131934
1 0.8675 0.9377811094452774 0.121 0.12443778110944528
1 0.669 0.6221889055472264 0.071 0.11244377811094453
1 0.7535 0.7946026986506747 0.054 0.07646176911544228
7 0.7885 0.5449775112443778 0.101 0.11244377811094453
7 0.7915 0.6926536731634183 0.066 0.10794602698650675
7 0.7695 0.987256371814093 0.071 0.025487256371814093
9 0.873 0.5337331334332833 0.054 0.08995502248875563