9 0.0980243161094225 0.19047619047619047 0.196048632218845 0.31746031746031744
8 0.2803951367781155 0.037698412698412696 0.05623100303951368 0.07539682539682539
8 0.28495440729483285 0.1984126984126984 0.06382978723404255 0.1111111111111111
2 0.19300911854103345 0.07539682539682539 0.037993920972644375 0.10515873015873016
7 0.7477203647416414 0.12896825396825398 0.0486322188449848 0.07341269841269842
3 0.22720364741641338 0.5009920634920635 0.1702127659574468 0.19543650793650794
3 0.20896656534954408 0.8045634920634921 0.25 0.24206349206349206
7 0.9490881458966566 0.7837301587301587 0.07446808510638298 0.0873015873015873
7 0.8449848024316109 0.9593253968253969 0.0851063829787234 0.08134920634920635
7 0.7621580547112462 0.4861111111111111 0.0547112462006079 0.07539682539682539
7 0.7393617021276596 0.6984126984126984 0.0425531914893617 0.05555555555555555
7 0.7933130699088146 0.7261904761904762 0.041033434650455926 0.10317460317460317
11 0.7803951367781155 0.9226190476190477 0.05167173252279635 0.051587301587301584
11 0.7044072948328267 0.7817460317460317 0.04559270516717325 0.047619047619047616
11 0.6816109422492401 0.6200396825396826 0.057750759878419454 0.07341269841269842
11 0.7537993920972644 0.8214285714285714 0.044072948328267476 0.051587301587301584
11 0.648176291793313 0.9682539682539683 0.05623100303951368 0.06349206349206349
11 0.851823708206687 0.3898809523809524 0.041033434650455926 0.08134920634920635
11 0.8031914893617021 0.36706349206349204 0.05319148936170213 0.03571428571428571
11 0.7575987841945289 0.375 0.044072948328267476 0.051587301587301584
11 0.8936170212765957 0.8988095238095238 0.044072948328267476 0.04563492063492063
11 0.8639817629179332 0.7688492063492064 0.0486322188449848 0.0496031746031746
11 0.9133738601823708 0.36706349206349204 0.03951367781155015 0.03571428571428571
11 0.6223404255319149 0.6617063492063492 0.031914893617021274 0.07738095238095238