9 0.38023952095808383 0.22653721682847897 0.06227544910179641 0.07928802588996764
2 0.18682634730538922 0.1755663430420712 0.04311377245508982 0.07119741100323625
2 0.3065868263473054 0.27427184466019416 0.04431137724550898 0.08090614886731391
2 0.10419161676646707 0.032362459546925564 0.031137724550898204 0.05016181229773463
2 0.24431137724550897 0.063915857605178 0.03592814371257485 0.0889967637540453
8 0.39520958083832336 0.13187702265372167 0.046706586826347304 0.05501618122977346
7 0.8544910179640719 0.4441747572815534 0.09940119760479042 0.13106796116504854
6 0.39520958083832336 0.7451456310679612 0.046706586826347304 0.06310679611650485
6 0.5131736526946108 0.7548543689320388 0.04910179640718563 0.043689320388349516
6 0.3287425149700599 0.7621359223300971 0.05269461077844311 0.0744336569579288
6 0.2868263473053892 0.5841423948220065 0.05748502994011976 0.05016181229773463
6 0.237125748502994 0.6909385113268608 0.09580838323353294 0.10517799352750809
6 0.2281437125748503 0.6197411003236246 0.06227544910179641 0.05016181229773463
10 0.3389221556886228 0.6529126213592233 0.1377245508982036 0.08576051779935275
10 0.44610778443113774 0.8090614886731392 0.06107784431137724 0.0825242718446602
10 0.3401197604790419 0.837378640776699 0.10419161676646707 0.09870550161812297
11 0.981437125748503 0.6132686084142395 0.037125748502994015 0.08737864077669903
11 0.7622754491017965 0.8705501618122977 0.09221556886227544 0.0744336569579288
11 0.8455089820359282 0.808252427184466 0.05389221556886228 0.08414239482200647
11 0.7227544910179641 0.5275080906148867 0.041916167664670656 0.03559870550161812
11 0.6173652694610778 0.9352750809061489 0.03473053892215569 0.05501618122977346
11 0.6365269461077845 0.9733009708737864 0.037125748502994015 0.05339805825242718
8 0.8035928143712575 0.732200647249191 0.04790419161676647 0.061488673139158574
8 0.7239520958083833 0.6779935275080906 0.05029940119760479 0.08090614886731391
0 0.8137724550898203 0.5461165048543689 0.08502994011976048 0.07281553398058252
7 0.9017964071856287 0.7637540453074434 0.05149700598802395 0.07281553398058252