7 0.46 0.15667166416791603 0.051 0.05997001499250375
7 0.6455 0.18140929535232383 0.051 0.07496251874062969
7 0.786 0.06671664167916042 0.079 0.11544227886056972
8 0.829 0.02623688155922039 0.034 0.05247376311844078
0 0.382 0.525487256371814 0.0605 0.17541229385307347
0 0.243 0.5937031484257871 0.058 0.13568215892053972
0 0.0495 0.6694152923538231 0.032 0.08695652173913043
11 0.4735 0.547976011994003 0.025 0.05922038980509745
11 0.4475 0.48950524737631185 0.0285 0.07646176911544228
11 0.0775 0.5944527736131934 0.032 0.05922038980509745
11 0.2075 0.3905547226386807 0.0355 0.07646176911544228
0 0.1325 0.5037481259370314 0.062 0.12293853073463268
0 0.0985 0.545727136431784 0.047 0.16266866566716642
4 0.723 0.6169415292353823 0.074 0.11544227886056972
1 0.714 0.883808095952024 0.126 0.15142428785607195
7 0.652 0.9820089955022488 0.064 0.035982008995502246
11 0.858 0.33883058470764615 0.051 0.10194902548725637
8 0.7905 0.30359820089955025 0.083 0.08245877061469266
8 0.815 0.40554722638680657 0.076 0.10494752623688156