9 0.25 0.09722222222222222 0.14166666666666666 0.1398148148148148
5 0.013888888888888888 0.18472222222222223 0.027777777777777776 0.0787037037037037
5 0.08009259259259259 0.09305555555555556 0.04259259259259259 0.06481481481481481
5 0.8217592592592593 0.3287037037037037 0.06666666666666667 0.06481481481481481
5 0.7333333333333333 0.2513888888888889 0.08101851851851852 0.06481481481481481
5 0.6148148148148148 0.3314814814814815 0.04953703703703704 0.03194444444444444
5 0.5856481481481481 0.2986111111111111 0.04259259259259259 0.031018518518518518
5 0.6851851851851852 0.17222222222222222 0.08518518518518518 0.07546296296296297
5 0.8069444444444445 0.07037037037037037 0.03425925925925926 0.028703703703703703
1 0.2 0.5745370370370371 0.044444444444444446 0.03796296296296296
1 0.3990740740740741 0.6925925925925925 0.058333333333333334 0.041666666666666664
7 0.1787037037037037 0.8361111111111111 0.044444444444444446 0.04537037037037037
7 0.4134259259259259 0.7648148148148148 0.03888888888888889 0.05185185185185185
11 0.33796296296296297 0.6699074074074074 0.03888888888888889 0.04814814814814815
11 0.4671296296296296 0.6949074074074074 0.037037037037037035 0.04351851851851852
11 0.40370370370370373 0.8800925925925925 0.04814814814814815 0.03981481481481482
6 0.7458333333333333 0.5152777777777777 0.09490740740740741 0.11388888888888889
6 0.5472222222222223 0.5361111111111111 0.06157407407407407 0.06759259259259259
6 0.9495370370370371 0.6759259259259259 0.06157407407407407 0.0824074074074074
6 0.6402777777777777 0.600925925925926 0.08055555555555556 0.06898148148148148
10 0.6273148148148148 0.6546296296296297 0.04212962962962963 0.06620370370370371
10 0.7888888888888889 0.6375 0.04722222222222222 0.06296296296296296
10 0.7032407407407407 0.6231481481481481 0.07175925925925926 0.06759259259259259