9 0.24307692307692308 0.3389145496535797 0.16153846153846155 0.1420323325635104
2 0.40576923076923077 0.30600461893764436 0.052307692307692305 0.09699769053117784
2 0.41615384615384615 0.3816397228637413 0.055384615384615386 0.05658198614318707
2 0.013076923076923076 0.2315242494226328 0.026153846153846153 0.11200923787528869
7 0.41307692307692306 0.10103926096997691 0.07384615384615385 0.1397228637413395
5 0.6211538461538462 0.2881062355658199 0.11692307692307692 0.10854503464203233
5 0.6815384615384615 0.059468822170900694 0.13076923076923078 0.10392609699769054
5 0.7576923076923077 0.013856812933025405 0.07384615384615385 0.02771362586605081
5 0.8261538461538461 0.11893764434180139 0.09153846153846154 0.07736720554272518
5 0.7284615384615385 0.17321016166281755 0.09692307692307692 0.10623556581986143
5 0.13 0.6951501154734411 0.26 0.3204387990762125
5 0.18730769230769231 0.5103926096997691 0.11423076923076923 0.1397228637413395
5 0.2642307692307692 0.6766743648960739 0.03769230769230769 0.11374133949191687
5 0.3596153846153846 0.5825635103926097 0.1423076923076923 0.20034642032332564
5 0.3030769230769231 0.9203233256351039 0.14 0.15935334872979215
2 0.06423076923076923 0.8810623556581986 0.06653846153846153 0.12528868360277137
10 0.7923076923076923 0.6657043879907621 0.3861538461538462 0.31986143187066973