9 0.4503846153846154 0.11458333333333333 0.17307692307692307 0.1575
2 0.31423076923076926 0.023333333333333334 0.05923076923076923 0.04666666666666667
2 0.2803846153846154 0.07 0.06230769230769231 0.0775
7 0.4346153846153846 0.23583333333333334 0.0876923076923077 0.09083333333333334
7 0.2873076923076923 0.21875 0.09538461538461539 0.09083333333333334
7 0.32153846153846155 0.30083333333333334 0.17153846153846153 0.13333333333333333
6 0.9246153846153846 0.07625 0.15076923076923077 0.1525
9 0.4046153846153846 0.6595833333333333 0.05961538461538462 0.07458333333333333
9 0.46807692307692306 0.6795833333333333 0.037307692307692306 0.05125
9 0.5061538461538462 0.7220833333333333 0.028846153846153848 0.05
9 0.4542307692307692 0.7395833333333334 0.040769230769230766 0.045
9 0.2530769230769231 0.87375 0.043076923076923075 0.05875
9 0.3923076923076923 0.8895833333333333 0.04153846153846154 0.05875
9 0.08923076923076922 0.8608333333333333 0.05730769230769231 0.06708333333333333
8 0.22538461538461538 0.485 0.03461538461538462 0.04375
8 0.16576923076923078 0.76375 0.04153846153846154 0.04708333333333333
8 0.21307692307692308 0.855 0.03230769230769231 0.04041666666666666
2 0.10192307692307692 0.7525 0.04807692307692308 0.05541666666666667
2 0.13384615384615384 0.6766666666666666 0.06461538461538462 0.0875
0 0.33807692307692305 0.4870833333333333 0.05038461538461538 0.08333333333333333
0 0.24384615384615385 0.7454166666666666 0.03576923076923077 0.059583333333333335
6 0.9215384615384615 0.60375 0.15692307692307692 0.22583333333333333
6 0.7815384615384615 0.48541666666666666 0.12153846153846154 0.09083333333333334
6 0.7403846153846154 0.58 0.20923076923076922 0.1725