1 0.296875 0.2892857142857143 0.03875 0.06785714285714285
6 0.6575 0.26875 0.045 0.07857142857142857
6 0.825 0.019642857142857142 0.0875 0.039285714285714285
6 0.620625 0.02857142857142857 0.05625 0.05714285714285714
6 0.605625 0.19196428571428573 0.04 0.055357142857142855
9 0.22 0.8419642857142857 0.2 0.31607142857142856
8 0.39375 0.6973214285714285 0.0475 0.08214285714285714
8 0.120625 0.6392857142857142 0.00625 0.039285714285714285
8 0.391875 0.8491071428571428 0.05375 0.1
2 0.32 0.7330357142857142 0.0325 0.09642857142857143
7 0.761875 0.90625 0.06625 0.08214285714285714
7 0.616875 0.6821428571428572 0.05625 0.10178571428571428
7 0.62625 0.9803571428571428 0.0475 0.039285714285714285
7 0.663125 0.8241071428571428 0.03375 0.06607142857142857
7 0.6625 0.7375 0.02875 0.05714285714285714