9 0.16346153846153846 0.025981524249422634 0.17 0.05196304849884527
2 0.3326923076923077 0.03175519630484989 0.06076923076923077 0.06351039260969978
7 0.125 0.10508083140877598 0.08615384615384615 0.12240184757505773
7 0.26269230769230767 0.18822170900692842 0.09384615384615384 0.12240184757505773
7 0.19692307692307692 0.22748267898383373 0.16923076923076924 0.10392609699769054
8 0.6992307692307692 0.17436489607390301 0.07538461538461538 0.05254041570438799
8 0.5907692307692308 0.16108545034642033 0.08384615384615385 0.050808314087759814
8 0.52 0.1397228637413395 0.07538461538461538 0.04157043879907621
8 0.6630769230769231 0.036374133949191687 0.06653846153846153 0.049653579676674366
11 0.5819230769230769 0.07448036951501155 0.13884615384615384 0.05369515011547344
1 0.2792307692307692 0.6934180138568129 0.26153846153846155 0.6131639722863741
1 0.1346153846153846 0.7170900692840647 0.09153846153846154 0.36027713625866054
1 0.05884615384615385 0.684757505773672 0.09846153846153846 0.41628175519630484
9 0.8753846153846154 0.8106235565819861 0.16846153846153847 0.2251732101616628
7 0.6480769230769231 0.6645496535796767 0.07538461538461538 0.10508083140877598
2 0.49615384615384617 0.34757505773672054 0.09384615384615384 0.13625866050808313