9 0.23227272727272727 0.39537037037037037 0.04181818181818182 0.09259259259259259
2 0.11409090909090909 0.30185185185185187 0.030454545454545453 0.08055555555555556
2 0.20318181818181819 0.2962962962962963 0.031363636363636364 0.08935185185185185
2 0.034545454545454546 0.37407407407407406 0.021363636363636362 0.056018518518518516
2 0.1190909090909091 0.4476851851851852 0.026818181818181817 0.09814814814814815
8 0.21863636363636363 0.49398148148148147 0.031363636363636364 0.06481481481481481
9 0.6327272727272727 0.27546296296296297 0.23227272727272727 0.3416666666666667
11 0.5713636363636364 0.49953703703703706 0.03772727272727273 0.043055555555555555
11 0.5881818181818181 0.45601851851851855 0.04772727272727273 0.0699074074074074
11 0.764090909090909 0.6199074074074075 0.06681818181818182 0.019444444444444445
7 0.7777272727272727 0.24351851851851852 0.045454545454545456 0.08287037037037037
9 0.014545454545454545 0.9574074074074074 0.02909090909090909 0.08518518518518518
9 0.18818181818181817 0.7203703703703703 0.07363636363636364 0.0712962962962963
8 0.31 0.6962962962962963 0.06727272727272728 0.06851851851851852
2 0.5890909090909091 0.8939814814814815 0.3381818181818182 0.21203703703703702