2 0.362890625 0.24947916666666667 0.09921875 0.11770833333333333
2 0.076953125 0.2671875 0.0546875 0.07291666666666667
2 0.198046875 0.4119791666666667 0.05 0.06666666666666667
2 0.011328125 0.45 0.02265625 0.06666666666666667
2 0.1984375 0.19635416666666666 0.05703125 0.08958333333333333
9 0.5375 0.5520833333333334 0.09921875 0.1
9 0.58359375 0.38645833333333335 0.1125 0.1875
9 0.434765625 0.3489583333333333 0.090625 0.09583333333333334
8 0.840625 0.3177083333333333 0.04609375 0.07395833333333333
11 0.97578125 0.3984375 0.0484375 0.12395833333333334
11 0.970703125 0.28802083333333334 0.05859375 0.11145833333333334
11 0.424609375 0.7473958333333334 0.028125 0.04375
11 0.401953125 0.7552083333333334 0.02265625 0.036458333333333336
11 0.610546875 0.8458333333333333 0.0328125 0.03854166666666667
7 0.483203125 0.9109375 0.04453125 0.053125
7 0.43203125 0.6963541666666667 0.02265625 0.028125
1 0.955859375 0.790625 0.033984375 0.03802083333333333
1 0.921484375 0.7489583333333333 0.04375 0.0296875
1 0.76640625 0.8223958333333333 0.115625 0.04583333333333333
1 0.78125 0.9041666666666667 0.11640625 0.051041666666666666
1 0.95625 0.8822916666666667 0.05625 0.03333333333333333
1 0.88359375 0.8375 0.062109375 0.035416666666666666
1 0.980859375 0.8390625 0.03828125 0.042708333333333334