9 0.238061797752809 0.18457538994800693 0.2542134831460674 0.36915077989601386
8 0.44662921348314605 0.03552859618717504 0.05898876404494382 0.07105719237435008
8 0.43258426966292135 0.17504332755632582 0.06741573033707865 0.10398613518197573
2 0.36235955056179775 0.05285961871750433 0.04353932584269663 0.09705372616984402
7 0.8890449438202247 0.3050259965337955 0.1151685393258427 0.12824956672443674
7 0.9185393258426966 0.018197573656845753 0.08146067415730338 0.036395147313691506
11 0.9705056179775281 0.13951473136915077 0.05898876404494382 0.09878682842287695
11 0.9803370786516854 0.02339688041594454 0.03932584269662921 0.04679376083188908
11 0.8075842696629213 0.0684575389948007 0.06320224719101124 0.08838821490467938
11 0.7787921348314607 0.22010398613518198 0.06460674157303371 0.1265164644714038
11 0.8742977528089888 0.17417677642980936 0.04353932584269663 0.07279029462738301
9 0.9536516853932584 0.231369150779896 0.04353932584269663 0.07972270363951472
5 0.300561797752809 0.4055459272097054 0.27247191011235955 0.07279029462738301
5 0.11376404494382023 0.4410745233968804 0.22752808988764045 0.1438474870017331
5 0.5639044943820225 0.6542461005199307 0.1699438202247191 0.14731369150779897
5 0.22542134831460675 0.6949740034662045 0.16432584269662923 0.1265164644714038
5 0.4164325842696629 0.82842287694974 0.14325842696629212 0.1022530329289428
5 0.27879213483146065 0.9376083188908145 0.11376404494382023 0.10745233968804159
5 0.05688202247191011 0.5346620450606586 0.11376404494382023 0.1022530329289428
5 0.27457865168539325 0.5823223570190641 0.10533707865168539 0.08145580589254767
5 0.32303370786516855 0.669844020797227 0.12921348314606743 0.07625649913344887
11 0.6348314606741573 0.44280762564991333 0.028089887640449437 0.0779896013864818
11 0.5379213483146067 0.5467937608318891 0.047752808988764044 0.07279029462738301
5 0.10533707865168539 0.6005199306759099 0.14185393258426968 0.09705372616984402