9 0.19444444444444445 0.26296296296296295 0.1712962962962963 0.17037037037037037
8 0.35833333333333334 0.03287037037037037 0.07037037037037037 0.06574074074074074
5 0.44722222222222224 0.28564814814814815 0.053703703703703705 0.08425925925925926
5 0.3574074074074074 0.21481481481481482 0.05740740740740741 0.07314814814814814
2 0.8300925925925926 0.35555555555555557 0.10416666666666667 0.15601851851851853
2 0.7148148148148148 0.23842592592592593 0.0824074074074074 0.13287037037037036
8 0.7736111111111111 0.2800925925925926 0.03796296296296296 0.056018518518518516
9 0.12175925925925926 0.7726851851851851 0.23796296296296296 0.16203703703703703
9 0.22268518518518518 0.950462962962963 0.16944444444444445 0.09907407407407408
2 0.37083333333333335 0.6949074074074074 0.0824074074074074 0.08055555555555556
7 0.7486111111111111 0.9282407407407407 0.07824074074074074 0.0824074074074074
7 0.9680555555555556 0.8870370370370371 0.06388888888888888 0.09583333333333334
7 0.7226851851851852 0.6620370370370371 0.06388888888888888 0.06527777777777778
7 0.5898148148148148 0.9023148148148148 0.06388888888888888 0.07083333333333333
7 0.6296296296296297 0.6638888888888889 0.05 0.05740740740740741
8 0.9199074074074074 0.6689814814814815 0.056018518518518516 0.06527777777777778
8 0.9458333333333333 0.7550925925925925 0.03796296296296296 0.04953703703703704
8 0.8097222222222222 0.6152777777777778 0.06805555555555555 0.030555555555555555
9 0.8981481481481481 0.7245370370370371 0.05416666666666667 0.08796296296296297
8 0.8078703703703703 0.6583333333333333 0.03981481481481482 0.038425925925925926