9 0.0673076923076923 0.268125 0.1346153846153846 0.17125
9 0.13205128205128205 0.21 0.04487179487179487 0.075
0 0.0955128205128205 0.416875 0.11666666666666667 0.04625
4 0.7083333333333334 0.188125 0.057692307692307696 0.049375
7 0.9551282051282052 0.313125 0.05064102564102564 0.0475
4 0.10256410256410256 0.790625 0.04294871794871795 0.0825
4 0.18012820512820513 0.685625 0.04423076923076923 0.1
4 0.2724358974358974 0.565625 0.041025641025641026 0.0825
4 0.19807692307692307 0.969375 0.04423076923076923 0.05625
4 0.10128205128205128 0.934375 0.025 0.04625
4 0.06987179487179487 0.919375 0.025 0.05125
4 0.1955128205128205 0.85 0.035897435897435895 0.076875
7 0.08333333333333333 0.984375 0.04294871794871795 0.030625
6 0.6352564102564102 0.985625 0.02435897435897436 0.028125
7 0.7961538461538461 0.74375 0.05064102564102564 0.0625
7 0.6467948717948718 0.57125 0.041025641025641026 0.05875
8 0.6807692307692308 0.85 0.03205128205128205 0.0525
7 0.5673076923076923 0.671875 0.04423076923076923 0.06375
7 0.607051282051282 0.77 0.04038461538461539 0.076875