4 0.06404320987654322 0.30357142857142855 0.05478395061728395 0.07280219780219781
4 0.14737654320987653 0.04807692307692308 0.06095679012345679 0.0782967032967033
4 0.08641975308641975 0.39903846153846156 0.06635802469135803 0.12225274725274725
4 0.22337962962962962 0.14148351648351648 0.036265432098765434 0.08516483516483517
4 0.22183641975308643 0.0521978021978022 0.05169753086419753 0.08241758241758242
4 0.10686728395061729 0.18063186813186813 0.047839506172839504 0.057692307692307696
4 0.08371913580246913 0.14697802197802198 0.04089506172839506 0.05357142857142857
5 0.05246913580246913 0.08653846153846154 0.07947530864197531 0.1346153846153846
2 0.12692901234567902 0.260989010989011 0.047839506172839504 0.0989010989010989
9 0.5736882716049383 0.4340659340659341 0.07021604938271606 0.12774725274725274
8 0.4660493827160494 0.18818681318681318 0.037037037037037035 0.057692307692307696
8 0.46026234567901236 0.4842032967032967 0.033950617283950615 0.061813186813186816
1 0.4506172839506173 0.40934065934065933 0.041666666666666664 0.07417582417582418
1 0.4386574074074074 0.510989010989011 0.017746913580246913 0.03571428571428571
7 0.7901234567901234 0.6710164835164835 0.0779320987654321 0.059752747252747256
7 0.7164351851851852 0.6744505494505495 0.04398148148148148 0.04120879120879121
9 0.7835648148148148 0.8131868131868132 0.033950617283950615 0.06318681318681318
9 0.7245370370370371 0.7376373626373627 0.0779320987654321 0.0782967032967033