9 0.349609375 0.40995607613469986 0.1708984375 0.22693997071742314
9 0.26513671875 0.19399707174231332 0.0810546875 0.13616398243045388
8 0.1875 0.527086383601757 0.09375 0.06442166910688141
8 0.15478515625 0.4465592972181552 0.1142578125 0.1259150805270864
2 0.1650390625 0.2240117130307467 0.10546875 0.20644216691068815
1 0.87109375 0.5446559297218155 0.03515625 0.029282576866764276
1 0.9580078125 0.5366032210834554 0.03515625 0.04538799414348463
1 0.8125 0.5424597364568082 0.0234375 0.03367496339677892
2 0.64697265625 0.15226939970717424 0.0634765625 0.08638360175695461
2 0.9345703125 0.2686676427525622 0.0498046875 0.10688140556368961
9 0.79931640625 0.3235724743777452 0.06640625 0.07174231332357248
2 0.6123046875 0.01903367496339678 0.06640625 0.03806734992679356
3 0.42578125 0.9282576866764275 0.126953125 0.14348462664714495
3 0.41943359375 0.6390922401171303 0.0615234375 0.06734992679355783
3 0.0302734375 0.7357247437774525 0.060546875 0.1595900439238653
3 0.06103515625 0.8689604685212299 0.1220703125 0.15373352855051245
3 0.1298828125 0.958272327964861 0.181640625 0.08345534407027819
3 0.22509765625 0.5944363103953147 0.0810546875 0.07027818448023426
3 0.32861328125 0.6178623718887262 0.1611328125 0.1171303074670571
7 0.81982421875 0.7415812591508053 0.09033203125 0.12152269399707175
7 0.7607421875 0.8667642752562226 0.06982421875 0.08199121522693997
9 0.6279296875 0.9048316251830161 0.09033203125 0.11786237188872621
1 0.87744140625 0.9304538799414348 0.04248046875 0.10102489019033675