8 0.781 0.15817091454272864 0.09 0.034482758620689655
8 0.53 0.038980509745127435 0.1625 0.05472263868065967
2 0.835 0.050974512743628186 0.1675 0.0472263868065967
2 0.5625 0.12518740629685157 0.135 0.04122938530734633
8 0.3125 0.7091454272863568 0.0275 0.07721139430284858
8 0.346 0.3740629685157421 0.0325 0.06371814092953523
8 0.377 0.3553223388305847 0.0315 0.0727136431784108
1 0.3165 0.8950524737631185 0.0455 0.09970014992503748
7 0.0375 0.5029985007496252 0.0495 0.10869565217391304
6 0.681 0.5577211394302849 0.045 0.09970014992503748
6 0.745 0.49250374812593706 0.0385 0.0704647676161919
6 0.7415 0.6266866566716641 0.0315 0.05472263868065967
6 0.7675 0.5899550224887556 0.029 0.06221889055472264
3 0.7895 0.5179910044977512 0.0575 0.09070464767616192
3 0.8505 0.6424287856071964 0.049 0.09820089955022489