1 0.29541015625 0.21516927083333334 0.05224609375 0.051432291666666664
1 0.228759765625 0.22786458333333334 0.03955078125 0.046875
1 0.2587890625 0.2913411458333333 0.03125 0.048177083333333336
1 0.45751953125 0.3756510416666667 0.064453125 0.08138020833333333
1 0.384765625 0.3665364583333333 0.06103515625 0.07552083333333333
1 0.116943359375 0.14778645833333334 0.04931640625 0.05859375
11 0.087646484375 0.4514973958333333 0.06787109375 0.0859375
11 0.286865234375 0.5319010416666666 0.06787109375 0.015625
11 0.01806640625 0.279296875 0.0361328125 0.052083333333333336
11 0.011474609375 0.19954427083333334 0.02294921875 0.08268229166666667
11 0.302490234375 0.032877604166666664 0.06591796875 0.06575520833333333
5 0.81494140625 0.20735677083333334 0.3701171875 0.4147135416666667
2 0.15185546875 0.76171875 0.076171875 0.13671875
9 0.404541015625 0.662109375 0.09814453125 0.15364583333333334
8 0.295166015625 0.6953125 0.06982421875 0.107421875
8 0.18212890625 0.5979817708333334 0.08642578125 0.10872395833333333
9 0.49609375 0.7438151041666666 0.08740234375 0.11458333333333333
7 0.278564453125 0.93359375 0.10302734375 0.1328125
7 0.4755859375 0.865234375 0.0830078125 0.12044270833333333
7 0.344482421875 0.6389973958333334 0.07568359375 0.10677083333333333
7 0.346435546875 0.9609375 0.06298828125 0.078125
7 0.41015625 0.7887369791666666 0.05224609375 0.07161458333333333
7 0.560791015625 0.9739583333333334 0.08154296875 0.052083333333333336
7 0.416748046875 0.986328125 0.04638671875 0.02734375
7 0.37158203125 0.8883463541666666 0.06103515625 0.08658854166666667
7 0.307861328125 0.58984375 0.0654296875 0.08203125
7 0.252685546875 0.6350911458333334 0.060546875 0.08203125
0 0.8994140625 0.57421875 0.0751953125 0.06901041666666667
6 0.728271484375 0.5660807291666666 0.07080078125 0.052734375
6 0.973388671875 0.9749348958333334 0.05322265625 0.050130208333333336
3 0.6494140625 0.9085286458333334 0.0390625 0.076171875
3 0.718505859375 0.7822265625 0.09326171875 0.10416666666666667
3 0.796630859375 0.8792317708333334 0.07275390625 0.099609375
3 0.8173828125 0.689453125 0.08740234375 0.13997395833333334
3 0.729736328125 0.6780598958333334 0.0634765625 0.109375
3 0.908935546875 0.9410807291666666 0.0517578125 0.07356770833333333