4 0.5145985401459854 0.3234848484848485 0.06715328467153285 0.09242424242424242
4 0.5138686131386861 0.3984848484848485 0.09635036496350365 0.04242424242424243
8 0.1145985401459854 0.6515151515151515 0.02846715328467153 0.058333333333333334
8 0.08175182481751825 0.9136363636363637 0.033576642335766425 0.04772727272727273
8 0.04817518248175182 0.9295454545454546 0.033576642335766425 0.056818181818181816
1 0.10875912408759124 0.5060606060606061 0.04744525547445255 0.07803030303030303
7 0.41021897810218977 0.8037878787878788 0.052554744525547446 0.08333333333333333
8 0.8664233576642336 0.6416666666666667 0.03941605839416058 0.05227272727272727
8 0.7693430656934307 0.8113636363636364 0.034306569343065696 0.04393939393939394
8 0.9343065693430657 0.8484848484848485 0.027737226277372264 0.038636363636363635
8 0.6715328467153284 0.4734848484848485 0.03722627737226277 0.06818181818181818
11 0.7518248175182481 0.8598484848484849 0.027737226277372264 0.019696969696969695
11 0.7408759124087592 0.8848484848484849 0.021897810218978103 0.035606060606060606
11 0.7218978102189781 0.9068181818181819 0.022627737226277374 0.038636363636363635
11 0.6948905109489051 0.9257575757575758 0.022627737226277374 0.03257575757575758
11 0.775912408759124 0.9136363636363637 0.01897810218978102 0.025757575757575757
11 0.8591240875912409 0.8704545454545455 0.020437956204379562 0.045454545454545456
11 0.8875912408759125 0.7166666666666667 0.04452554744525548 0.038636363636363635
11 0.7116788321167883 0.5878787878787879 0.027737226277372264 0.037121212121212124
11 0.7416058394160584 0.5196969696969697 0.033576642335766425 0.056818181818181816
11 0.7927007299270074 0.6287878787878788 0.029927007299270073 0.059848484848484845
11 0.9277372262773723 0.7901515151515152 0.02408759124087591 0.03409090909090909
11 0.8116788321167884 0.6977272727272728 0.042335766423357665 0.07651515151515151
11 0.5861313868613138 0.7984848484848485 0.033576642335766425 0.058333333333333334
11 0.6357664233576642 0.8484848484848485 0.0364963503649635 0.05227272727272727
11 0.6613138686131387 0.5598484848484848 0.027007299270072994 0.048484848484848485
11 0.6941605839416058 0.531060606060606 0.016788321167883213 0.037121212121212124
11 0.635036496350365 0.6992424242424242 0.043795620437956206 0.04393939393939394
11 0.9532846715328467 0.7689393939393939 0.027007299270072994 0.04696969696969697
7 0.743065693430657 0.6651515151515152 0.040145985401459854 0.038636363636363635
7 0.7226277372262774 0.7159090909090909 0.04452554744525548 0.04090909090909091
7 0.8759124087591241 0.7643939393939394 0.032116788321167884 0.04242424242424243
7 0.8364963503649635 0.75 0.016788321167883213 0.048484848484848485
0 0.5343065693430656 0.5462121212121213 0.072992700729927 0.06212121212121212
7 0.8963503649635036 0.843939393939394 0.029927007299270073 0.04242424242424243
7 0.7839416058394161 0.7636363636363637 0.029197080291970802 0.038636363636363635
7 0.8138686131386861 0.7878787878787878 0.033576642335766425 0.056818181818181816
7 0.8496350364963504 0.8401515151515152 0.027007299270072994 0.04242424242424243
7 0.9328467153284672 0.7621212121212121 0.029197080291970802 0.04242424242424243
7 0.8197080291970803 0.85 0.029927007299270073 0.038636363636363635
7 0.7408759124087592 0.828030303030303 0.04452554744525548 0.05378787878787879
7 0.654014598540146 0.806060606060606 0.032116788321167884 0.04090909090909091
7 0.5905109489051095 0.48484848484848486 0.034306569343065696 0.05227272727272727
7 0.5927007299270073 0.5424242424242425 0.03722627737226277 0.058333333333333334