10 0.286328125 0.18559322033898304 0.06796875 0.06610169491525424
11 0.8578125 0.16016949152542373 0.030859375 0.01440677966101695
11 0.78515625 0.1228813559322034 0.027734375 0.012711864406779662
11 0.750390625 0.09491525423728814 0.034765625 0.010169491525423728
11 0.78984375 0.0788135593220339 0.02578125 0.012711864406779662
11 0.808984375 0.012711864406779662 0.0234375 0.01864406779661017
7 0.819140625 0.06779661016949153 0.047265625 0.023728813559322035
2 0.24140625 0.6796610169491526 0.07109375 0.0847457627118644
2 0.4703125 0.8330508474576271 0.087109375 0.11016949152542373
7 0.340234375 0.6432203389830509 0.072265625 0.09322033898305085
7 0.420703125 0.6813559322033899 0.065625 0.06440677966101695
7 0.4546875 0.7372881355932204 0.049609375 0.06440677966101695
9 0.71953125 0.5991525423728814 0.084375 0.13983050847457626
9 0.816796875 0.5847457627118644 0.084375 0.08644067796610169
9 0.9375 0.502542372881356 0.08046875 0.09322033898305085
9 0.960546875 0.6101694915254238 0.053515625 0.09745762711864407
7 0.908203125 0.6161016949152542 0.03828125 0.07711864406779662
7 0.6546875 0.4694915254237288 0.06953125 0.10423728813559321
7 0.86875 0.2576271186440678 0.0828125 0.07796610169491526
8 0.80078125 0.4542372881355932 0.030078125 0.04576271186440678
8 0.880859375 0.35677966101694913 0.030078125 0.051694915254237285
8 0.80078125 0.35677966101694913 0.03125 0.04406779661016949
8 0.822265625 0.40847457627118644 0.023046875 0.05677966101694915
8 0.841015625 0.6457627118644068 0.028125 0.05
8 0.76171875 0.8813559322033898 0.046484375 0.07711864406779662