10 0.2112845138055222 0.22150882825040127 0.23529411764705882 0.1926163723916533
10 0.13385354141656663 0.33868378812199035 0.09843937575030012 0.09309791332263243
2 0.6320528211284514 0.2247191011235955 0.46218487394957986 0.449438202247191
1 0.8733493397358943 0.3330658105939005 0.11884753901560624 0.2664526484751204
3 0.26710684273709484 0.9590690208667737 0.12364945978391356 0.08186195826645265
3 0.31392557022809126 0.8515248796147673 0.030012004801920768 0.1781701444622793
3 0.05402160864345738 0.8571428571428571 0.0744297719087635 0.09791332263242375
3 0.15066026410564226 0.9622792937399679 0.1092436974789916 0.0754414125200642
3 0.21068427370948378 0.7006420545746388 0.09003601440576231 0.14125200642054575
3 0.0894357743097239 0.6605136436597111 0.08403361344537816 0.10914927768860354
3 0.15966386554621848 0.6163723916532905 0.13925570228091236 0.15409309791332262
3 0.22749099639855944 0.586677367576244 0.09963985594237695 0.09470304975922954
3 0.23949579831932774 0.7825040128410915 0.08763505402160865 0.10754414125200643
3 0.29591836734693877 0.7792937399678973 0.06482593037214886 0.08507223113964688
7 0.3985594237695078 0.7375601926163724 0.13925570228091236 0.15248796147672553
8 0.804921968787515 0.9542536115569823 0.08283313325330131 0.09149277688603531
11 0.5396158463385354 0.7247191011235955 0.060024009603841535 0.10112359550561797