10 0.2826086956521739 0.09397810218978102 0.24383078730904817 0.18704379562043796
10 0.32667450058754405 0.1906934306569343 0.11398354876615746 0.11222627737226278
10 0.22385428907168037 0.2937956204379562 0.15393654524089306 0.1322992700729927
6 0.1944770857814336 0.3768248175182482 0.07520564042303172 0.08302919708029197
6 0.10105757931844889 0.2563868613138686 0.06286721504112809 0.09397810218978102
7 0.7614571092831962 0.14051094890510948 0.08108108108108109 0.13686131386861314
7 0.6222091656874266 0.17335766423357665 0.05992949471210341 0.07481751824817519
7 0.9101057579318449 0.0364963503649635 0.08108108108108109 0.072992700729927
1 0.6792009400705052 0.1760948905109489 0.0282021151586369 0.06569343065693431
1 0.7062279670975323 0.22536496350364962 0.036427732079905996 0.06569343065693431
1 0.7931844888366627 0.3604014598540146 0.05170387779083431 0.08759124087591241
1 0.8425381903642774 0.38777372262773724 0.036427732079905996 0.07481751824817519
11 0.8519388954171563 0.21350364963503649 0.025851938895417155 0.07116788321167883
11 0.8243243243243243 0.21441605839416059 0.03407755581668625 0.05474452554744526
11 0.8754406580493537 0.5666058394160584 0.04700352526439483 0.06386861313868614
11 0.7203290246768508 0.2864963503649635 0.0399529964747356 0.07846715328467153
0 0.6092831962397179 0.11131386861313869 0.052878965922444184 0.08759124087591241
3 0.14512338425381904 0.7509124087591241 0.06933019976498238 0.1551094890510949
3 0.21680376028202114 0.7636861313868614 0.13396004700352526 0.18248175182481752
3 0.34782608695652173 0.7135036496350365 0.09518213866039953 0.16058394160583941
3 0.4101057579318449 0.6678832116788321 0.045828437132784956 0.12773722627737227
3 0.3495887191539365 0.968978102189781 0.16568742655699178 0.06204379562043796
3 0.48766157461809634 0.7244525547445255 0.10340775558166862 0.2518248175182482
3 0.4870740305522914 0.906934306569343 0.1045828437132785 0.18613138686131386
3 0.1498237367802585 0.885036496350365 0.09283196239717979 0.14051094890510948
11 0.6750881316098707 0.6067518248175182 0.036427732079905996 0.016423357664233577
11 0.6703877790834313 0.7217153284671532 0.057579318448883664 0.08211678832116788
11 0.5710928319623971 0.7874087591240876 0.06345475910693302 0.08211678832116788
11 0.5846063454759107 0.6450729927007299 0.07168037602820211 0.09306569343065693
11 0.7890716803760282 0.7308394160583942 0.0564042303172738 0.12043795620437957
1 0.9336075205640423 0.8987226277372263 0.045828437132784956 0.08576642335766424
1 0.6792009400705052 0.8257299270072993 0.06345475910693302 0.072992700729927