3 0.29859154929577464 0.06353135313531354 0.1267605633802817 0.08745874587458746
6 0.019014084507042252 0.3069306930693069 0.038028169014084505 0.07590759075907591
3 0.3373239436619718 0.23102310231023102 0.15070422535211267 0.11551155115511551
3 0.3112676056338028 0.1419141914191419 0.16056338028169015 0.0891089108910891
3 0.07323943661971831 0.20544554455445543 0.05352112676056338 0.04785478547854786
3 0.16901408450704225 0.13448844884488448 0.11267605633802817 0.09735973597359736
3 0.2007042253521127 0.2615511551155115 0.1056338028169014 0.10726072607260725
3 0.4267605633802817 0.2995049504950495 0.1295774647887324 0.08085808580858085
3 0.4042253521126761 0.18234323432343233 0.16056338028169015 0.12376237623762376
8 0.056338028169014086 0.5321782178217822 0.03943661971830986 0.057755775577557754
11 0.021830985915492956 0.8358085808580858 0.04366197183098591 0.06765676567656766
7 0.24507042253521127 0.39026402640264024 0.05070422535211268 0.041254125412541254
7 0.30985915492957744 0.429042904290429 0.03380281690140845 0.052805280528052806
7 0.3246478873239437 0.7945544554455446 0.035211267605633804 0.06105610561056106
4 0.2880281690140845 0.816006600660066 0.035211267605633804 0.057755775577557754
4 0.4316901408450704 0.754950495049505 0.054929577464788736 0.054455445544554455
7 0.7436619718309859 0.9727722772277227 0.09577464788732394 0.054455445544554455
8 0.7169014084507043 0.8729372937293729 0.08732394366197183 0.09570957095709572
9 0.6126760563380281 0.44636963696369636 0.056338028169014086 0.09735973597359736
9 0.6859154929577465 0.4991749174917492 0.07323943661971831 0.07755775577557755
9 0.6929577464788732 0.41336633663366334 0.07887323943661972 0.06765676567656766
0 0.8901408450704226 0.49174917491749176 0.07042253521126761 0.066006600660066
0 0.5922535211267606 0.721947194719472 0.06056338028169014 0.06105610561056106
0 0.7950704225352113 0.6031353135313532 0.06901408450704226 0.057755775577557754
0 0.7605633802816901 0.7665016501650165 0.07042253521126761 0.07755775577557755
0 0.6267605633802817 0.6567656765676567 0.0647887323943662 0.056105610561056105
0 0.576056338028169 0.8382838283828383 0.07605633802816901 0.07590759075907591