11 0.150390625 0.4343493552168816 0.18046875 0.10375146541617819
3 0.03046875 0.13980070339976552 0.0609375 0.13188745603751464
3 0.0359375 0.3159437280187573 0.071875 0.13833528722157093
11 0.676953125 0.26670574443141853 0.02890625 0.09085580304806565
11 0.762109375 0.3713364595545135 0.03046875 0.0847010550996483
1 0.79140625 0.511137162954279 0.02890625 0.0888042203985932
7 0.709375 0.37250879249706914 0.032421875 0.10375146541617819
11 0.748046875 0.22538100820633059 0.0296875 0.08264947245017586
11 0.80078125 0.6096131301289566 0.028125 0.07825322391559203
1 0.407421875 0.7781359906213364 0.046875 0.02813599062133646
4 0.172265625 0.8511137162954279 0.05234375 0.03223915592028136
4 0.19140625 0.8127198124267292 0.039453125 0.023153575615474795
4 0.24765625 0.8086166471277842 0.053515625 0.0369284876905041
4 0.2078125 0.7183470105509965 0.05234375 0.03429073856975381
4 0.14609375 0.8525791324736225 0.037109375 0.029308323563892145
4 0.2796875 0.9111957796014069 0.062109375 0.03487690504103165
8 0.057421875 0.9167643610785463 0.042578125 0.025205158264947247
8 0.059375 0.9387456037514654 0.039453125 0.02403282532239156
8 0.08984375 0.9507620164126612 0.03046875 0.019050410316529893
8 0.125390625 0.9674677608440797 0.04140625 0.026670574443141852
8 0.11875 0.917936694021102 0.040234375 0.03429073856975381
8 0.430859375 0.8127198124267292 0.039453125 0.022567409144196953
8 0.33671875 0.9536928487690504 0.056640625 0.03341148886283705
8 0.312109375 0.9873974208675264 0.03828125 0.023153575615474795
9 0.5203125 0.802168815943728 0.05546875 0.04015240328253224
11 0.39765625 0.8074443141852286 0.03046875 0.01992966002344666
11 0.454296875 0.7971864009378663 0.05 0.027256740914419694
11 0.418359375 0.7980656506447831 0.0359375 0.021101992966002344
11 0.30703125 0.8030480656506448 0.037109375 0.020515826494724502
11 0.825 0.8355803048065651 0.0390625 0.03634232121922626
11 0.903125 0.7634818288393904 0.04296875 0.028722157092614303
11 0.944140625 0.7992379835873388 0.0390625 0.023446658851113716
11 0.755859375 0.7669988276670574 0.03359375 0.02813599062133646
11 0.905078125 0.865767878077374 0.02890625 0.021688159437280186
11 0.851171875 0.9009378663540446 0.0328125 0.02579132473622509
11 0.883984375 0.8824736225087925 0.02890625 0.0246189917936694
11 0.776171875 0.847303634232122 0.03203125 0.0246189917936694
11 0.865234375 0.738862837045721 0.0375 0.029894490035169988
11 0.83046875 0.7215709261430246 0.03359375 0.02403282532239156
11 0.849609375 0.8311840562719812 0.028125 0.021101992966002344
11 0.78828125 0.9841735052754983 0.02890625 0.022860492379835874