6 0.05625 0.351875 0.03671875 0.0575
6 0.00703125 0.41375 0.0140625 0.0325
10 0.33203125 0.4025 0.059375 0.055
8 0.828125 0.2475 0.062109375 0.050625
11 0.298828125 0.801875 0.0421875 0.068125
11 0.29609375 0.974375 0.048046875 0.05125
11 0.146875 0.586875 0.073828125 0.07125
11 0.3328125 0.6825 0.080078125 0.0825
11 0.10703125 0.9375 0.066015625 0.074375
11 0.180078125 0.725 0.044140625 0.0625
7 0.503125 0.610625 0.11796875 0.15375
11 0.556640625 0.94 0.059375 0.08625
11 0.64296875 0.81125 0.075 0.09
0 0.7703125 0.699375 0.10390625 0.25375