10 0.26601423487544484 0.31376518218623484 0.3469750889679715 0.42813765182186236
11 0.7046263345195729 0.28289473684210525 0.06168446026097272 0.05212550607287449
11 0.7461447212336892 0.3157894736842105 0.042111506524317915 0.04959514170040486
11 0.6444246737841044 0.152834008097166 0.06168446026097272 0.0541497975708502
7 0.8182087781731909 0.19433198380566802 0.07087781731909845 0.07236842105263158
7 0.42437722419928825 0.923582995951417 0.09074733096085409 0.152834008097166
7 0.2722419928825623 0.632085020242915 0.06820877817319099 0.11234817813765183
7 0.17170818505338079 0.5961538461538461 0.06227758007117438 0.0931174089068826
1 0.11239620403321471 0.944331983805668 0.06405693950177936 0.09817813765182186
11 0.7636417556346382 0.6487854251012146 0.11684460260972716 0.13663967611336034
7 0.9397983392645315 0.8729757085020243 0.0711743772241993 0.08856275303643725
11 0.819988137603796 0.7196356275303644 0.0830367734282325 0.09362348178137651
11 0.7903321470937129 0.7474696356275303 0.11269276393831554 0.12196356275303644
11 0.8526097271648873 0.819331983805668 0.10290628706998814 0.12449392712550607