10 0.2540909090909091 0.050617283950617285 0.23318181818181818 0.10123456790123457
10 0.13818181818181818 0.14012345679012345 0.06318181818181819 0.06790123456790123
10 0.23636363636363636 0.15555555555555556 0.065 0.06049382716049383
10 0.25636363636363635 0.10740740740740741 0.06954545454545455 0.05123456790123457
10 0.335 0.13333333333333333 0.15272727272727274 0.11419753086419752
7 0.1781818181818182 0.6648148148148149 0.10818181818181818 0.09382716049382717
0 0.28954545454545455 0.7722222222222223 0.04818181818181818 0.03333333333333333
0 0.29045454545454547 0.5740740740740741 0.05590909090909091 0.05617283950617284
0 0.2777272727272727 0.6259259259259259 0.042727272727272725 0.02962962962962963
0 0.2690909090909091 0.8666666666666667 0.06 0.03888888888888889
11 0.0959090909090909 0.5814814814814815 0.053181818181818184 0.04567901234567901
11 0.13636363636363635 0.5925925925925926 0.026818181818181817 0.030864197530864196
11 0.12 0.7327160493827161 0.03090909090909091 0.05493827160493827
7 0.2631818181818182 0.808641975308642 0.05590909090909091 0.05925925925925926
7 0.3190909090909091 0.7382716049382716 0.05090909090909091 0.05493827160493827
7 0.13363636363636364 0.778395061728395 0.029545454545454545 0.028395061728395062
7 0.19363636363636363 0.7660493827160494 0.04 0.03888888888888889
7 0.22136363636363637 0.7432098765432099 0.026818181818181817 0.025308641975308643
7 0.19136363636363637 0.9160493827160494 0.045454545454545456 0.04197530864197531
7 0.165 0.8518518518518519 0.03318181818181818 0.028395061728395062
7 0.235 0.9148148148148149 0.05454545454545454 0.037654320987654324
7 0.6409090909090909 0.5679012345679012 0.10181818181818182 0.145679012345679
2 0.7172727272727273 0.7185185185185186 0.05909090909090909 0.09259259259259259
2 0.6054545454545455 0.6327160493827161 0.03090909090909091 0.08518518518518518
2 0.6740909090909091 0.9141975308641975 0.1290909090909091 0.17037037037037037
2 0.7918181818181819 0.9561728395061728 0.06454545454545454 0.0654320987654321
11 0.8545454545454545 0.7944444444444444 0.03909090909090909 0.06049382716049383
0 0.605909090909091 0.4580246913580247 0.031818181818181815 0.07407407407407407
11 0.8 0.7425925925925926 0.05454545454545454 0.07160493827160494