6 0.027472527472527472 0.41397849462365593 0.054945054945054944 0.05017921146953405
3 0.10989010989010989 0.33691756272401435 0.04807692307692308 0.07526881720430108
3 0.2287087912087912 0.31899641577060933 0.03983516483516483 0.05197132616487455
11 0.9478021978021978 0.22939068100358423 0.03708791208791209 0.06451612903225806
11 0.5817307692307693 0.08064516129032258 0.05357142857142857 0.05555555555555555
11 0.7506868131868132 0.11559139784946236 0.04120879120879121 0.07706093189964158
11 0.782967032967033 0.1335125448028674 0.03159340659340659 0.06272401433691756
11 0.7946428571428571 0.22580645161290322 0.054945054945054944 0.06630824372759857
11 0.8894230769230769 0.13440860215053763 0.04807692307692308 0.07885304659498207
11 0.6634615384615384 0.30824372759856633 0.050824175824175824 0.08243727598566308
11 0.6085164835164835 0.30913978494623656 0.034340659340659344 0.08602150537634409
1 0.19917582417582416 0.660394265232975 0.08241758241758242 0.11827956989247312
1 0.43956043956043955 0.6120071684587813 0.12362637362637363 0.17204301075268819
1 0.4883241758241758 0.7195340501792115 0.08104395604395605 0.12365591397849462
1 0.4072802197802198 0.717741935483871 0.13598901098901098 0.15770609318996415
1 0.4855769230769231 0.8297491039426523 0.08653846153846154 0.12186379928315412
1 0.49107142857142855 0.910394265232975 0.07554945054945054 0.10752688172043011
1 0.40453296703296704 0.8297491039426523 0.10027472527472528 0.11827956989247312
1 0.4210164835164835 0.9283154121863799 0.09203296703296704 0.12903225806451613
1 0.33447802197802196 0.6810035842293907 0.10576923076923077 0.14516129032258066
1 0.3440934065934066 0.5474910394265233 0.11538461538461539 0.13082437275985664
1 0.5027472527472527 0.6030465949820788 0.0521978021978022 0.13082437275985664
1 0.47733516483516486 0.9668458781362007 0.10302197802197802 0.06630824372759857
1 0.14697802197802198 0.7311827956989247 0.10851648351648352 0.11469534050179211
1 0.06868131868131869 0.7706093189964157 0.10576923076923077 0.12724014336917563
1 0.37293956043956045 0.9847670250896058 0.11126373626373626 0.03046594982078853
1 0.3289835164835165 0.9175627240143369 0.11263736263736264 0.14157706093189965
1 0.2603021978021978 0.742831541218638 0.12637362637362637 0.18100358422939067
11 0.7369505494505495 0.7231182795698925 0.06936813186813187 0.12455197132616487
11 0.8557692307692307 0.9274193548387096 0.06043956043956044 0.08691756272401434
11 0.6243131868131868 0.8942652329749103 0.07967032967032966 0.14516129032258066
11 0.7060439560439561 0.8387096774193549 0.05631868131868132 0.07974910394265233
11 0.9306318681318682 0.818100358422939 0.05013736263736264 0.08960573476702509
11 0.8516483516483516 0.7419354838709677 0.07554945054945054 0.12455197132616487
1 0.5913461538461539 0.7804659498207885 0.04189560439560439 0.07616487455197132
1 0.7802197802197802 0.9444444444444444 0.05425824175824176 0.1111111111111111