11 0.25164835164835164 0.10409252669039146 0.03901098901098901 0.03825622775800712
11 0.3708791208791209 0.013345195729537367 0.046153846153846156 0.026690391459074734
7 0.17197802197802198 0.050711743772241996 0.05274725274725275 0.03914590747330961
5 0.19945054945054946 0.10142348754448399 0.03461538461538462 0.03202846975088968
5 0.23956043956043957 0.03558718861209965 0.03736263736263736 0.03202846975088968
5 0.28516483516483515 0.04715302491103203 0.043406593406593405 0.04893238434163701
3 0.9241758241758242 0.27313167259786475 0.14505494505494507 0.09074733096085409
3 0.7098901098901099 0.24288256227758007 0.10989010989010989 0.1494661921708185
7 0.3489010989010989 0.9359430604982206 0.08571428571428572 0.10854092526690391
7 0.48131868131868133 0.8202846975088968 0.054945054945054944 0.0800711743772242
7 0.3934065934065934 0.8069395017793595 0.06483516483516484 0.10320284697508897
7 0.4104395604395604 0.9332740213523132 0.03736263736263736 0.08185053380782918
7 0.3252747252747253 0.8282918149466192 0.06153846153846154 0.08718861209964412
7 0.22582417582417583 0.9830960854092526 0.056043956043956046 0.033807829181494664
11 0.2692307692307692 0.9430604982206405 0.05274725274725275 0.08896797153024912
11 0.22197802197802197 0.806049822064057 0.03406593406593406 0.07473309608540925
11 0.17802197802197803 0.802491103202847 0.03076923076923077 0.05516014234875445
11 0.09615384615384616 0.8887900355871886 0.03406593406593406 0.07473309608540925
11 0.19945054945054946 0.5934163701067615 0.041758241758241756 0.06227758007117438
11 0.17362637362637362 0.44217081850533807 0.04065934065934066 0.07829181494661921
11 0.34725274725274724 0.9830960854092526 0.02857142857142857 0.033807829181494664
7 0.20274725274725275 0.7055160142348754 0.05384615384615385 0.08185053380782918
7 0.360989010989011 0.603202846975089 0.045054945054945054 0.06405693950177936
7 0.28296703296703296 0.8122775800711743 0.04725274725274725 0.0711743772241993
7 0.3153846153846154 0.7758007117437722 0.04285714285714286 0.0693950177935943
7 0.21428571428571427 0.9270462633451957 0.038461538461538464 0.060498220640569395
7 0.22802197802197802 0.8523131672597865 0.03736263736263736 0.060498220640569395
11 0.15219780219780218 0.943950177935943 0.04065934065934066 0.07295373665480427
11 0.2796703296703297 0.6948398576512456 0.03736263736263736 0.05338078291814947
11 0.2510989010989011 0.7731316725978647 0.03296703296703297 0.05516014234875445
11 0.30604395604395607 0.8843416370106761 0.045054945054945054 0.07473309608540925
11 0.46263736263736266 0.8887900355871886 0.025274725274725275 0.042704626334519574
11 0.4818681318681319 0.9688612099644128 0.035164835164835165 0.05693950177935943
11 0.35384615384615387 0.7473309608540926 0.02857142857142857 0.042704626334519574
11 0.3302197802197802 0.7330960854092526 0.03076923076923077 0.05338078291814947
11 0.35934065934065934 0.6405693950177936 0.03076923076923077 0.046263345195729534
11 0.8978021978021978 0.9234875444839857 0.046153846153846156 0.06227758007117438
11 0.8736263736263736 0.8647686832740213 0.05054945054945055 0.0800711743772242
11 0.8653846153846154 0.7820284697508897 0.04725274725274725 0.0693950177935943
11 0.6005494505494505 0.48398576512455516 0.04835164835164835 0.060498220640569395
11 0.7384615384615385 0.4483985765124555 0.05054945054945055 0.06227758007117438
11 0.9197802197802197 0.37455516014234874 0.04395604395604396 0.07473309608540925
11 0.606043956043956 0.8656583629893239 0.04725274725274725 0.08896797153024912
0 0.8043956043956044 0.5800711743772242 0.05714285714285714 0.14412811387900357
0 0.7043956043956044 0.5569395017793595 0.07912087912087912 0.09074733096085409
7 0.7565934065934066 0.8825622775800712 0.04725274725274725 0.08540925266903915
7 0.782967032967033 0.806049822064057 0.03296703296703297 0.06405693950177936
11 0.7868131868131868 0.9501779359430605 0.038461538461538464 0.05871886120996441