10 0.427978515625 0.037109375 0.10400390625 0.07421875
10 0.4150390625 0.370361328125 0.0810546875 0.07861328125
10 0.453857421875 0.168701171875 0.05224609375 0.09228515625
3 0.600830078125 0.0126953125 0.06396484375 0.025390625
3 0.672119140625 0.02294921875 0.12939453125 0.0458984375
3 0.793701171875 0.15966796875 0.16259765625 0.08544921875
3 0.803955078125 0.321533203125 0.1015625 0.0859375
3 0.79736328125 0.392333984375 0.0771484375 0.03466796875
3 0.98681640625 0.230712890625 0.0263671875 0.11083984375
3 0.948486328125 0.03173828125 0.10302734375 0.0634765625
3 0.9423828125 0.1162109375 0.115234375 0.123046875
3 0.658203125 0.2255859375 0.23681640625 0.21875
3 0.60009765625 0.063720703125 0.087890625 0.08642578125
8 0.015625 0.576904296875 0.03125 0.09814453125
8 0.2119140625 0.794189453125 0.087890625 0.10107421875
11 0.368896484375 0.452880859375 0.09423828125 0.08642578125
11 0.364501953125 0.71728515625 0.07470703125 0.07470703125
11 0.277099609375 0.777099609375 0.05908203125 0.05908203125
2 0.882080078125 0.604736328125 0.21875 0.2109375