10 0.198828125 0.12291666666666666 0.212890625 0.08680555555555555
10 0.136328125 0.2 0.06875 0.04375
8 0.66640625 0.1451388888888889 0.076953125 0.02847222222222222
8 0.747265625 0.1326388888888889 0.051171875 0.017361111111111112
8 0.756640625 0.1527777777777778 0.043359375 0.010416666666666666
8 0.741015625 0.16875 0.02734375 0.0125
8 0.703125 0.17222222222222222 0.049609375 0.014583333333333334
8 0.646484375 0.18263888888888888 0.03671875 0.016666666666666666
8 0.580078125 0.27708333333333335 0.09921875 0.02847222222222222
8 0.4640625 0.3076388888888889 0.13125 0.02361111111111111
7 0.9359375 0.0875 0.087890625 0.02638888888888889
11 0.80234375 0.03125 0.182421875 0.030555555555555555
11 0.7703125 0.06527777777777778 0.10703125 0.025
11 0.80390625 0.08333333333333333 0.03359375 0.009722222222222222
11 0.741796875 0.0875 0.044921875 0.0125
11 0.43125 0.06736111111111111 0.0640625 0.02013888888888889
8 0.72890625 0.2569444444444444 0.044921875 0.017361111111111112
8 0.809765625 0.24930555555555556 0.043359375 0.01597222222222222
8 0.77109375 0.29305555555555557 0.046484375 0.01597222222222222
8 0.588671875 0.12708333333333333 0.054296875 0.022222222222222223
8 0.608984375 0.10069444444444445 0.065625 0.024305555555555556
11 0.69921875 0.19027777777777777 0.03515625 0.014583333333333334
6 0.323046875 0.7284722222222222 0.01328125 0.0375
6 0.2796875 0.7736111111111111 0.02265625 0.04583333333333333
6 0.155078125 0.9729166666666667 0.03359375 0.05416666666666667
8 0.634375 0.7402777777777778 0.07734375 0.09097222222222222
11 0.442578125 0.8090277777777778 0.06015625 0.06597222222222222
11 0.43671875 0.4875 0.056640625 0.06597222222222222
11 0.455078125 0.6875 0.028515625 0.0375
11 0.778515625 0.5243055555555556 0.0359375 0.044444444444444446
11 0.80078125 0.6111111111111112 0.034765625 0.043055555555555555
11 0.82578125 0.6680555555555555 0.02734375 0.03888888888888889
11 0.921875 0.5201388888888889 0.048046875 0.05625
11 0.5359375 0.6701388888888888 0.0328125 0.029861111111111113
11 0.567578125 0.6958333333333333 0.037109375 0.04027777777777778
11 0.696484375 0.7513888888888889 0.026171875 0.041666666666666664
11 0.683984375 0.70625 0.026171875 0.04722222222222222
11 0.61171875 0.6118055555555556 0.04140625 0.06319444444444444
11 0.5796875 0.4527777777777778 0.0578125 0.044444444444444446
11 0.806640625 0.78125 0.0578125 0.06458333333333334
11 0.601953125 0.8277777777777777 0.04140625 0.03888888888888889
11 0.6484375 0.90625 0.0359375 0.04861111111111111
11 0.729296875 0.8256944444444444 0.06015625 0.05
7 0.738671875 0.7284722222222222 0.048046875 0.06875
7 0.784375 0.6597222222222222 0.058984375 0.075
7 0.834765625 0.5097222222222222 0.04921875 0.07361111111111111
9 0.51484375 0.5034722222222222 0.06875 0.059027777777777776
7 0.486328125 0.6673611111111111 0.053515625 0.06319444444444444
11 0.603125 0.5534722222222223 0.055859375 0.06736111111111111
11 0.722265625 0.5493055555555556 0.040234375 0.04027777777777778
9 0.475390625 0.5486111111111112 0.061328125 0.052083333333333336