1 0.132771164021164 0.01025132275132275 0.01488095238095238 0.0205026455026455
10 0.328207671957672 0.40128968253968256 0.05803571428571429 0.11408730158730158
10 0.16087962962962962 0.2648809523809524 0.03869047619047619 0.06547619047619048
6 0.16220238095238096 0.2046957671957672 0.017195767195767195 0.03505291005291005
8 0.861441798941799 0.2933201058201058 0.037533068783068786 0.059027777777777776
8 0.8283730158730159 0.12533068783068782 0.03373015873015873 0.04133597883597884
8 0.7361111111111112 0.3306878306878307 0.03505291005291005 0.06001984126984127
8 0.7551256613756614 0.226521164021164 0.032407407407407406 0.06779100529100529
8 0.6726190476190477 0.35532407407407407 0.03819444444444445 0.053075396825396824
11 0.6775793650793651 0.03042328042328042 0.037533068783068786 0.05109126984126984
11 0.6218584656084656 0.19262566137566137 0.03373015873015873 0.06580687830687831
11 0.7640542328042328 0.45849867724867727 0.036375661375661374 0.059027777777777776
11 0.62119708994709 0.3239087301587302 0.04282407407407408 0.05406746031746032
11 0.6281415343915344 0.42212301587301587 0.03439153439153439 0.059027777777777776
2 0.7215608465608465 0.2078373015873016 0.04083994708994709 0.0667989417989418
2 0.7159391534391535 0.16319444444444445 0.042162698412698416 0.07275132275132275
8 0.6736111111111112 0.1818783068783069 0.03439153439153439 0.04712301587301587
8 0.6565806878306878 0.22900132275132276 0.037533068783068786 0.049107142857142856
8 0.6663359788359788 0.29580026455026454 0.04282407407407408 0.06183862433862434
11 0.7924933862433863 0.19659391534391535 0.04348544973544974 0.06001984126984127
11 0.7974537037037037 0.45453042328042326 0.03373015873015873 0.04811507936507937
11 0.7422288359788359 0.5095899470899471 0.03373015873015873 0.04034391534391534
11 0.19146825396825398 0.7872023809523809 0.11127645502645503 0.08267195767195767
11 0.4877645502645503 0.8141534391534392 0.0851521164021164 0.08267195767195767
11 0.3862433862433862 0.7442129629629629 0.07853835978835978 0.0667989417989418
11 0.3143187830687831 0.6742724867724867 0.07853835978835978 0.07622354497354497
11 0.1506283068783069 0.7093253968253969 0.07853835978835978 0.06994047619047619
11 0.3568121693121693 0.9141865079365079 0.0851521164021164 0.07308201058201058
11 0.3551587301587302 0.8586309523809523 0.08845899470899471 0.07936507936507936
11 0.4730489417989418 0.6235119047619048 0.0818452380952381 0.07622354497354497
10 0.7283399470899471 0.6064814814814815 0.11904761904761904 0.09755291005291006