11 0.1774447949526814 0.03479381443298969 0.04258675078864353 0.06958762886597938
5 0.1253943217665615 0.00902061855670103 0.03943217665615142 0.01804123711340206
8 0.5922712933753943 0.28350515463917525 0.03943217665615142 0.06701030927835051
8 0.4116719242902208 0.39948453608247425 0.05362776025236593 0.07731958762886598
11 0.6963722397476341 0.061855670103092786 0.11514195583596215 0.12371134020618557
11 0.6348580441640379 0.13530927835051546 0.07097791798107256 0.07989690721649484
11 0.3249211356466877 0.34149484536082475 0.012618296529968454 0.06958762886597938
11 0.4518927444794953 0.19329896907216496 0.033123028391167195 0.05670103092783505
11 0.527602523659306 0.1404639175257732 0.04100946372239748 0.05670103092783505
11 0.4250788643533123 0.08376288659793814 0.055205047318611984 0.061855670103092786
11 0.3951104100946372 0.211340206185567 0.033123028391167195 0.06701030927835051
11 0.6419558359621451 0.055412371134020616 0.05993690851735016 0.10051546391752578
11 0.7996845425867508 0.06829896907216494 0.02996845425867508 0.06958762886597938
7 0.4392744479495268 0.4265463917525773 0.055205047318611984 0.023195876288659795
2 0.6340694006309149 0.41365979381443296 0.08832807570977919 0.04896907216494845
2 0.4242902208201893 0.30283505154639173 0.06782334384858044 0.13144329896907217
9 0.44242902208201895 0.42912371134020616 0.04889589905362776 0.01804123711340206
9 0.6727129337539433 0.23195876288659795 0.06782334384858044 0.08762886597938144
8 0.06309148264984227 0.9677835051546392 0.050473186119873815 0.06443298969072164
8 0.01498422712933754 0.9317010309278351 0.02996845425867508 0.08505154639175258
8 0.7910094637223974 0.8621134020618557 0.07413249211356467 0.1211340206185567
11 0.8730283911671924 0.8981958762886598 0.033123028391167195 0.07474226804123711