10 0.3635135135135135 0.06270903010033445 0.23243243243243245 0.1254180602006689
10 0.4560810810810811 0.16638795986622074 0.07297297297297298 0.07190635451505016
10 0.35743243243243245 0.16555183946488294 0.07162162162162163 0.06521739130434782
10 0.3493243243243243 0.11538461538461539 0.07432432432432433 0.05852842809364549
10 0.26756756756756755 0.12792642140468227 0.16418918918918918 0.12959866220735786
11 0.7094594594594594 0.052675585284280936 0.0891891891891892 0.10535117056856187
11 0.597972972972973 0.25501672240802675 0.03648648648648649 0.11872909698996656
11 0.9121621621621622 0.3001672240802676 0.11081081081081082 0.11036789297658862
2 0.7425675675675676 0.22324414715719063 0.1662162162162162 0.18227424749163879
7 0.2993243243243243 0.5610367892976589 0.21216216216216216 0.30267558528428096
7 0.7283783783783784 0.7249163879598662 0.08108108108108109 0.10367892976588629
7 0.8891891891891892 0.8586956521739131 0.062162162162162166 0.08361204013377926
11 0.6432432432432432 0.5652173913043478 0.05675675675675676 0.06856187290969899
11 0.6182432432432432 0.6187290969899666 0.04594594594594595 0.06020066889632107