10 0.26430976430976433 0.3169257340241796 0.2037037037037037 0.31001727115716754
1 0.4065656565656566 0.25906735751295334 0.026094276094276093 0.10449050086355786
6 0.6102693602693603 0.29360967184801384 0.28114478114478114 0.13126079447322972
6 0.5277777777777778 0.385146804835924 0.11616161616161616 0.07599309153713299
6 0.6102693602693603 0.4326424870466321 0.08417508417508418 0.07772020725388601
6 0.5631313131313131 0.5215889464594128 0.14646464646464646 0.11398963730569948
6 0.7449494949494949 0.4438687392055268 0.11616161616161616 0.17098445595854922
6 0.8215488215488216 0.15284974093264247 0.05723905723905724 0.09671848013816926
6 0.8922558922558923 0.13989637305699482 0.05555555555555555 0.08981001727115717
6 0.8787878787878788 0.28756476683937826 0.04713804713804714 0.0690846286701209
6 0.7912457912457912 0.27202072538860106 0.05387205387205387 0.0846286701208981
2 0.27946127946127947 0.6416234887737479 0.1414141414141414 0.12607944732297063
2 0.10353535353535354 0.917098445595855 0.09764309764309764 0.10362694300518134
7 0.3055555555555556 0.883419689119171 0.12626262626262627 0.10880829015544041
11 0.7129629629629629 0.8756476683937824 0.04377104377104377 0.05008635578583765
11 0.8956228956228957 0.9559585492227979 0.05218855218855219 0.05872193436960276
7 0.6464646464646465 0.9775474956822107 0.06060606060606061 0.044905008635578586
5 0.6548821548821548 0.9015544041450777 0.04040404040404041 0.04145077720207254
5 0.7314814814814815 0.9715025906735751 0.04208754208754209 0.04145077720207254
5 0.7777777777777778 0.9369602763385146 0.045454545454545456 0.06735751295336788