6 0.07947805456702253 0.152088772845953 0.09252669039145907 0.0639686684073107
6 0.17437722419928825 0.04699738903394256 0.07354685646500593 0.07571801566579635
6 0.2022538552787663 0.1671018276762402 0.07947805456702253 0.0783289817232376
6 0.3505338078291815 0.2056135770234987 0.1767497034400949 0.1031331592689295
6 0.32977461447212336 0.09399477806788512 0.21352313167259787 0.12140992167101827
4 0.7141162514827996 0.20496083550913838 0.08659549228944247 0.10574412532637076
4 0.4721233689205219 0.10704960835509138 0.066429418742586 0.08877284595300261
1 0.3914590747330961 0.529373368146214 0.09489916963226572 0.08485639686684072
1 0.2781731909845789 0.610313315926893 0.11981020166073547 0.14882506527415143
1 0.0771055753262159 0.5496083550913838 0.1542111506524318 0.15926892950391644
1 0.1494661921708185 0.9210182767624021 0.042704626334519574 0.0391644908616188
1 0.07354685646500593 0.7591383812010444 0.1423487544483986 0.21018276762402088
1 0.20462633451957296 0.6990861618798956 0.10913404507710557 0.10704960835509138
1 0.19454329774614473 0.8257180156657964 0.10083036773428232 0.1122715404699739
1 0.3457888493475682 0.5926892950391645 0.10083036773428232 0.09921671018276762
1 0.2069988137603796 0.5424281984334204 0.16963226571767498 0.1919060052219321
7 0.7479240806642942 0.7173629242819843 0.10794780545670225 0.10443864229765012
7 0.7740213523131673 0.5783289817232375 0.07236061684460261 0.13577023498694518
7 0.9228944246737841 0.672976501305483 0.099644128113879 0.11357702349869452
7 0.8867141162514828 0.9543080939947781 0.08422301304863583 0.07963446475195822
11 0.8416370106761566 0.7493472584856397 0.05338078291814947 0.0639686684073107
11 0.9952550415183867 0.9503916449086162 0.009489916963226572 0.06788511749347259
11 0.9478054567022538 0.9340731070496083 0.03202846975088968 0.048302872062663184
11 0.8837485172004745 0.8785900783289817 0.06524317912218268 0.06527415143603134