10 0.2647058823529412 0.31219903691813805 0.43937575030012005 0.12279293739967898
10 0.4135654261704682 0.1998394863563403 0.1398559423769508 0.06741573033707865
7 0.8427370948379351 0.16292134831460675 0.18127250900360145 0.20064205457463885
7 0.3943577430972389 0.6099518459069021 0.04081632653061224 0.0449438202247191
9 0.42316926770708285 0.5521669341894061 0.09723889555822329 0.06741573033707865
9 0.46038415366146457 0.7215088282504013 0.03721488595438175 0.04975922953451043
8 0.5120048019207684 0.6669341894060995 0.05282112845138055 0.048154093097913325
8 0.21428571428571427 0.9831460674157303 0.03961584633853541 0.033707865168539325
8 0.2653061224489796 0.8924558587479936 0.03961584633853541 0.04975922953451043
1 0.3847539015606242 0.8948635634028892 0.028811524609843937 0.04654895666131621
7 0.4387755102040816 0.9012841091492777 0.03841536614645858 0.06741573033707865
7 0.2262905162064826 0.6420545746388443 0.03961584633853541 0.051364365971107544
7 0.43937575030012005 0.7576243980738363 0.03961584633853541 0.04654895666131621
7 0.12364945978391356 0.8900481540930979 0.06602641056422569 0.060995184590690206
7 0.01800720288115246 0.7102728731942215 0.03601440576230492 0.04654895666131621
7 0.27911164465786314 0.9373996789727127 0.05282112845138055 0.052969502407704656
7 0.32292917166866747 0.5995184590690209 0.03361344537815126 0.0593900481540931
7 0.22509003601440578 0.5754414125200642 0.04921968787515006 0.04975922953451043
7 0.5054021608643458 0.71669341894061 0.03481392557022809 0.04975922953451043
7 0.5942376950780313 0.5609951845906902 0.03961584633853541 0.048154093097913325
7 0.5078031212484994 0.9390048154093098 0.03961584633853541 0.04333868378812199
7 0.3697478991596639 0.8362760834670947 0.03481392557022809 0.052969502407704656
7 0.8505402160864346 0.6268057784911717 0.07202881152460984 0.09149277688603531
7 0.8727490996398559 0.5369181380417335 0.08403361344537816 0.03691813804173355
7 0.9447779111644657 0.5762439807383628 0.06722689075630252 0.05778491171749599
7 0.7605042016806722 0.7985553772070626 0.14285714285714285 0.13001605136436598