3 0.35370879120879123 0.03727144866385373 0.05631868131868132 0.06469760900140648
3 0.4498626373626374 0.11040787623066103 0.04395604395604396 0.0450070323488045
7 0.7252747252747253 0.18143459915611815 0.03365384615384615 0.0639943741209564
7 0.728021978021978 0.10970464135021098 0.026785714285714284 0.06258790436005626
7 0.8461538461538461 0.4008438818565401 0.03021978021978022 0.05625879043600562
1 0.9244505494505495 0.1371308016877637 0.038461538461538464 0.07032348804500703
1 0.9230769230769231 0.2158931082981716 0.030906593406593408 0.052742616033755275
7 0.46153846153846156 0.7869198312236287 0.0989010989010989 0.10267229254571027
7 0.30288461538461536 0.7510548523206751 0.16758241758241757 0.17580872011251758
5 0.3949175824175824 0.5471167369901547 0.3090659340659341 0.23628691983122363
5 0.2184065934065934 0.6139240506329114 0.08653846153846154 0.10829817158931083
5 0.17101648351648352 0.5161744022503516 0.06868131868131869 0.06188466947960619
5 0.20947802197802198 0.46905766526019693 0.09752747252747253 0.08016877637130802
11 0.3626373626373626 0.9852320675105485 0.06868131868131869 0.029535864978902954
8 0.742445054945055 0.47749648382559773 0.03502747252747253 0.0710267229254571
8 0.7657967032967034 0.5471167369901547 0.02403846153846154 0.06891701828410689
7 0.885989010989011 0.7067510548523207 0.05837912087912088 0.09563994374120956
7 0.8221153846153846 0.59985935302391 0.03296703296703297 0.0829817158931083
7 0.7980769230769231 0.5639943741209564 0.03021978021978022 0.07243319268635724
7 0.7115384615384616 0.7805907172995781 0.04739010989010989 0.12728551336146274
7 0.9333791208791209 0.6518987341772152 0.04532967032967033 0.10970464135021098
11 0.717032967032967 0.5872011251758087 0.02403846153846154 0.05485232067510549
11 0.9024725274725275 0.9620253164556962 0.03571428571428571 0.0759493670886076
11 0.967032967032967 0.8354430379746836 0.0260989010989011 0.05625879043600562
1 0.7678571428571429 0.8347398030942335 0.03159340659340659 0.06540084388185655