6 0.403125 0.19722222222222222 0.04296875 0.0763888888888889
6 0.381640625 0.09097222222222222 0.01953125 0.041666666666666664
6 0.348828125 0.024305555555555556 0.02890625 0.04861111111111111
3 0.662109375 0.17569444444444443 0.1015625 0.1597222222222222
3 0.68359375 0.0875 0.04609375 0.08055555555555556
3 0.60390625 0.07152777777777777 0.07578125 0.11388888888888889
10 0.672265625 0.35833333333333334 0.08515625 0.19444444444444445
8 0.81328125 0.2638888888888889 0.04609375 0.08055555555555556
8 0.56640625 0.9361111111111111 0.083984375 0.06041666666666667
11 0.321484375 0.64375 0.0765625 0.06805555555555555
6 0.09375 0.8791666666666667 0.073046875 0.06597222222222222
6 0.22578125 0.9152777777777777 0.1 0.07569444444444444
6 0.14921875 0.7819444444444444 0.074609375 0.06805555555555555
3 0.251171875 0.5666666666666667 0.10234375 0.03333333333333333
7 0.73046875 0.8597222222222223 0.021875 0.08611111111111111
7 0.847265625 0.9402777777777778 0.0390625 0.0763888888888889
7 0.925390625 0.6652777777777777 0.040625 0.075
7 0.872265625 0.8131944444444444 0.03671875 0.07222222222222222
8 0.880859375 0.6972222222222222 0.03203125 0.058333333333333334
7 0.81328125 0.9020833333333333 0.03828125 0.06527777777777778
7 0.835546875 0.7590277777777777 0.05390625 0.10555555555555556