6 0.15307692307692308 0.05353535353535353 0.3 0.10707070707070707
6 0.19 0.3838383838383838 0.12153846153846154 0.08888888888888889
6 0.07 0.28484848484848485 0.14 0.23434343434343435
4 0.5592307692307692 0.2202020202020202 0.18 0.32727272727272727
4 0.9438461538461539 0.30808080808080807 0.1123076923076923 0.2404040404040404
3 0.45 0.7353535353535353 0.038461538461538464 0.12121212121212122
3 0.40615384615384614 0.9050505050505051 0.11538461538461539 0.13535353535353536
8 0.7438461538461538 0.9666666666666667 0.05384615384615385 0.06666666666666667
11 0.6646153846153846 0.9868686868686869 0.06461538461538462 0.026262626262626262
11 0.72 0.8808080808080808 0.04 0.05454545454545454
11 0.5984615384615385 0.8292929292929293 0.036923076923076927 0.044444444444444446
11 0.6446153846153846 0.7404040404040404 0.04 0.052525252525252523
7 0.7930769230769231 0.9939393939393939 0.047692307692307694 0.012121212121212121