10 0.49080664294187426 0.3309716599190283 0.1963226571767497 0.13765182186234817
7 0.9564056939501779 0.32388663967611336 0.028766310794780547 0.043522267206477734
0 0.9080664294187426 0.1680161943319838 0.021352313167259787 0.025809716599190284
0 0.8923487544483986 0.1847165991902834 0.028766310794780547 0.057186234817813764
0 0.8434163701067615 0.10475708502024292 0.03173190984578885 0.039473684210526314
0 0.8493475682087782 0.14524291497975708 0.027283511269276393 0.026821862348178137
8 0.3748517200474496 0.6325910931174089 0.060201660735468565 0.0931174089068826
8 0.5649466192170819 0.916497975708502 0.02461447212336892 0.032388663967611336
11 0.4389086595492289 0.6032388663967612 0.026986951364175563 0.05516194331983806
11 0.3884934756820878 0.45951417004048584 0.03944246737841044 0.08147773279352227
7 0.8244365361803084 0.694331983805668 0.0800711743772242 0.17408906882591094