10 0.29453125 0.3625 0.2328125 0.475
10 0.119921875 0.2375 0.23984375 0.41875
7 0.966015625 0.38046875 0.06796875 0.2421875
7 0.684765625 0.18828125 0.0765625 0.1390625
7 0.553125 0.2625 0.0640625 0.153125
1 0.252734375 0.91015625 0.02734375 0.02578125
1 0.1796875 0.80078125 0.030078125 0.02734375
9 0.190234375 0.7234375 0.041796875 0.0359375
7 0.186328125 0.9640625 0.034765625 0.0453125
7 0.292578125 0.9265625 0.024609375 0.034375
7 0.266796875 0.878125 0.03203125 0.0265625
0 0.221484375 0.634375 0.021875 0.02421875
0 0.261328125 0.66640625 0.028125 0.03828125
0 0.17734375 0.6875 0.035546875 0.034375
10 0.5671875 0.6203125 0.0640625 0.040625
6 0.5546875 0.70078125 0.0265625 0.0515625