10 0.17838541666666666 0.19 0.3567708333333333 0.348
7 0.6575520833333334 0.222 0.11197916666666667 0.132
11 0.65234375 0.012 0.059895833333333336 0.024
11 0.5364583333333334 0.604 0.057291666666666664 0.032
0 0.6666666666666666 0.47 0.08333333333333333 0.116
7 0.010416666666666666 0.806 0.020833333333333332 0.244
7 0.3502604166666667 0.904 0.08072916666666667 0.048
7 0.13541666666666666 0.986 0.078125 0.028
7 0.22135416666666666 0.694 0.0625 0.108
4 0.4388020833333333 0.918 0.044270833333333336 0.084
4 0.3736979166666667 0.982 0.049479166666666664 0.036
8 0.07942708333333333 0.866 0.0390625 0.084
4 0.5390625 0.868 0.0625 0.136
4 0.8268229166666666 0.838 0.13802083333333334 0.196