3 0.22312556458897922 0.30428571428571427 0.12240289069557363 0.08714285714285715
6 0.4150858175248419 0.07642857142857143 0.045167118337850046 0.060714285714285714
3 0.16034327009936766 0.195 0.14769647696476965 0.11214285714285714
3 0.1978319783197832 0.25214285714285717 0.15176151761517614 0.09571428571428571
3 0.3875338753387534 0.15857142857142856 0.05374887082204156 0.04428571428571428
3 0.3188798554652213 0.22785714285714287 0.11246612466124661 0.09214285714285714
3 0.27009936766034326 0.1457142857142857 0.10749774164408311 0.09642857142857143
3 0.07271906052393858 0.165 0.12330623306233063 0.08357142857142857
3 0.11246612466124661 0.24285714285714285 0.15763324299909665 0.11928571428571429
3 0.8166214995483289 0.02642857142857143 0.08852755194218609 0.05285714285714286
3 0.8703703703703703 0.1 0.06865401987353206 0.09
1 0.7299006323396567 0.06571428571428571 0.04607046070460705 0.08571428571428572
1 0.7682926829268293 0.05142857142857143 0.037940379403794036 0.07714285714285714
11 0.8432700993676604 0.22428571428571428 0.03974706413730804 0.08428571428571428
11 0.7696476964769647 0.2757142857142857 0.04968383017163505 0.05142857142857143
11 0.8039747064137308 0.33 0.036133694670280034 0.037142857142857144
6 0.23170731707317074 0.5021428571428571 0.13143631436314362 0.2857142857142857
6 0.3206865401987353 0.6371428571428571 0.045618789521228546 0.10142857142857142
6 0.2705510388437218 0.7242857142857143 0.06413730803974707 0.14714285714285713
6 0.17073170731707318 0.8357142857142857 0.04923215898825655 0.08857142857142856
6 0.23215898825654924 0.8228571428571428 0.03884372177055104 0.08
6 0.3238482384823848 0.9264285714285714 0.05013550135501355 0.07357142857142857
6 0.37985546522131886 0.7114285714285714 0.03523035230352303 0.06714285714285714
6 0.13775971093044265 0.49214285714285716 0.07181571815718157 0.1492857142857143
6 0.07588075880758807 0.4857142857142857 0.037488708220415536 0.07142857142857142
6 0.026648599819331528 0.54 0.03432700993676603 0.065
6 0.12782294489611562 0.635 0.07091237579042457 0.12571428571428572
1 0.928635953026197 0.7385714285714285 0.043812104787714544 0.11214285714285714
1 0.7393857271906052 0.9628571428571429 0.04019873532068654 0.07357142857142857
1 0.8387533875338753 0.5692857142857143 0.027551942186088526 0.07
1 0.5239385727190605 0.6842857142857143 0.06594399277326106 0.19785714285714287
1 0.5772357723577236 0.5557142857142857 0.043812104787714544 0.12428571428571429
1 0.9539295392953929 0.5557142857142857 0.06052393857271906 0.155
1 0.8121047877145439 0.4107142857142857 0.07136404697380307 0.12428571428571429
11 0.6955736224028907 0.5692857142857143 0.0971093044263776 0.14357142857142857
11 0.7470641373080398 0.6607142857142857 0.1007226738934056 0.19357142857142856
11 0.6883468834688347 0.8292857142857143 0.17434507678410116 0.1707142857142857
11 0.8093947606142728 0.6492857142857142 0.06413730803974707 0.12
1 0.8956639566395664 0.7728571428571429 0.03477868112014453 0.07
11 0.6571815718157181 0.7228571428571429 0.0971093044263776 0.17857142857142858