10 0.6053435114503817 0.09540034071550256 0.06870229007633588 0.19080068143100512
10 0.5480916030534351 0.19250425894378195 0.0549618320610687 0.059625212947189095
10 0.5931297709923664 0.2836456558773424 0.06564885496183206 0.06984667802385008
10 0.45114503816793894 0.2683134582623509 0.08244274809160305 0.09028960817717206
10 0.06183206106870229 0.15332197614991483 0.12366412213740458 0.11243611584327087
7 0.7923664122137405 0.007666098807495741 0.0732824427480916 0.015332197614991482
1 0.7053435114503817 0.013628620102214651 0.024427480916030534 0.027257240204429302
11 0.7358778625954199 0.03236797274275979 0.04580152671755725 0.06473594548551959
7 0.6511450381679389 0.05792163543441227 0.022900763358778626 0.04088586030664395
11 0.34961832061068704 0.469335604770017 0.116793893129771 0.15928449744463374
7 0.055725190839694655 0.6081771720613288 0.06717557251908397 0.11243611584327087
11 0.2564885496183206 0.5110732538330494 0.083206106870229 0.10902896081771721
11 0.2748091603053435 0.5741056218057922 0.116793893129771 0.13373083475298125
11 0.17404580152671756 0.6124361158432708 0.1 0.1524701873935264
8 0.6625954198473283 0.4301533219761499 0.04580152671755725 0.10051107325383304
8 0.6679389312977099 0.6754684838160137 0.05648854961832061 0.07325383304940375
11 0.8946564885496183 0.6328790459965928 0.03206106870229008 0.06984667802385008
7 0.9595419847328245 0.6643952299829642 0.08091603053435115 0.07495741056218058
7 0.8656488549618321 0.8952299829642248 0.09312977099236641 0.05792163543441227
7 0.832824427480916 0.637137989778535 0.07938931297709924 0.0817717206132879
8 0.7557251908396947 0.4906303236797274 0.09770992366412214 0.09540034071550256