10 0.03 0.23359375 0.06 0.2453125
10 0.048125 0.371875 0.0475 0.059375
6 0.751875 0.16171875 0.06125 0.06875
6 0.95375 0.259375 0.05125 0.0625
6 0.9775 0.38515625 0.045 0.0640625
6 0.841875 0.3234375 0.07625 0.090625
6 0.89125 0.06328125 0.05625 0.0859375
10 0.42625 0.76484375 0.3925 0.4703125
10 0.19625 0.60234375 0.3925 0.3671875
3 0.90375 0.58203125 0.040625 0.20625
3 0.835 0.56015625 0.05 0.09453125
3 0.819375 0.66328125 0.05 0.1015625
3 0.839375 0.91953125 0.05875 0.1609375
3 0.721875 0.83515625 0.055 0.109375
3 0.8625 0.79765625 0.041875 0.128125