10 0.21726755218216318 0.15343915343915343 0.43453510436432635 0.1763668430335097
10 0.36242884250474383 0.2962962962962963 0.14990512333965844 0.09171075837742504
7 0.8633776091081594 0.21075837742504408 0.06261859582542695 0.0564373897707231
7 0.8282732447817837 0.05026455026455026 0.058823529411764705 0.059964726631393295
7 0.896584440227704 0.09876543209876543 0.051233396584440226 0.05291005291005291
1 0.36527514231499053 0.8597883597883598 0.05502846299810247 0.05291005291005291
1 0.22296015180265655 0.6252204585537919 0.06072106261859583 0.0564373897707231
7 0.2239089184060721 0.9611992945326279 0.0683111954459203 0.07760141093474426
7 0.4478178368121442 0.8959435626102292 0.04933586337760911 0.07231040564373897
7 0.39753320683111953 0.7936507936507936 0.06451612903225806 0.054673721340388004
9 0.7827324478178368 0.9841269841269841 0.0967741935483871 0.031746031746031744
7 0.7239089184060721 0.7495590828924162 0.09297912713472485 0.08818342151675485