10 0.31648936170212766 0.09284497444633731 0.261968085106383 0.14310051107325383
6 0.47273936170212766 0.3850085178875639 0.05053191489361702 0.06814310051107325
7 0.7553191489361702 0.3577512776831346 0.0199468085106383 0.09880749574105621
0 0.824468085106383 0.14395229982964225 0.03789893617021277 0.062180579216354344
0 0.8045212765957447 0.06303236797274275 0.030585106382978722 0.05281090289608177
7 0.125 0.924190800681431 0.06981382978723404 0.022998296422487224
7 0.24867021276595744 0.8977853492333902 0.08909574468085106 0.026405451448040886
1 0.21675531914893617 0.9207836456558773 0.0339095744680851 0.019591141396933562
1 0.1456117021276596 0.883304940374787 0.028590425531914893 0.017035775127768313
1 0.5950797872340425 0.7776831345826235 0.06449468085106383 0.028960817717206135
11 0.18550531914893617 0.8756388415672913 0.05518617021276596 0.026405451448040886
7 0.08045212765957446 0.8603066439522998 0.03590425531914894 0.015332197614991482
11 0.7007978723404256 0.6294718909710392 0.023936170212765957 0.022146507666098807
11 0.706781914893617 0.9684838160136287 0.034574468085106384 0.06132879045996593
11 0.7393617021276596 0.7495741056218058 0.034574468085106384 0.056218057921635436
7 0.773936170212766 0.9812606473594548 0.061170212765957445 0.03747870528109029
8 0.7679521276595744 0.696763202725724 0.057180851063829786 0.07836456558773425