10 0.41204819277108434 0.24024960998439937 0.4530120481927711 0.15600624024961
10 0.27710843373493976 0.3666146645865835 0.19036144578313252 0.0811232449297972
7 0.7228915662650602 0.5070202808112324 0.1686746987951807 0.1029641185647426
11 0.7156626506024096 0.038221528861154444 0.05542168674698795 0.07020280811232449
11 0.744578313253012 0.1357254290171607 0.0963855421686747 0.07644305772230889
11 0.808433734939759 0.19890795631825273 0.04819277108433735 0.0327613104524181
11 0.7204819277108434 0.22854914196567863 0.06265060240963856 0.0358814352574103
11 0.7325301204819277 0.3159126365054602 0.06987951807228916 0.0499219968798752
11 0.7578313253012048 0.35101404056162244 0.0963855421686747 0.0390015600624025
11 0.863855421686747 0.38533541341653665 0.11566265060240964 0.0452418096723869
7 0.9253012048192771 0.5413416536661466 0.1493975903614458 0.0343213728549142
11 0.5084337349397591 0.6911076443057722 0.0963855421686747 0.0514820592823713
11 0.40963855421686746 0.7051482059282371 0.05060240963855422 0.059282371294851796
8 0.7409638554216867 0.7784711388455539 0.11325301204819277 0.07020280811232449
7 0.936144578313253 0.9368174726989079 0.12771084337349398 0.10764430577223089
7 0.7542168674698795 0.9726989079563183 0.11566265060240964 0.054602184087363496