10 0.33474936278674594 0.3634639696586599 0.04927782497875956 0.0897597977243995
10 0.33007646559048426 0.26548672566371684 0.05862361937128292 0.09608091024020228
10 0.2536108751062022 0.3893805309734513 0.06117247238742566 0.07206068268015171
10 0.25573491928632114 0.29077117572692796 0.09260832625318606 0.1213653603034134
10 0.33135089209855567 0.18584070796460178 0.056074766355140186 0.11125158027812895
8 0.7680543755310111 0.2920353982300885 0.08156329651656755 0.07585335018963338
11 0.5569243840271878 0.42288242730720604 0.037383177570093455 0.04361567635903919
1 0.8300764655904843 0.07269279393173199 0.04672897196261682 0.042351453855878636
6 0.5365335598980459 0.18900126422250316 0.048428207306711976 0.03982300884955752
7 0.8933729821580288 0.25410872313527183 0.12192013593882753 0.11188369152970923
8 0.8296516567544605 0.42035398230088494 0.08581138487680544 0.07395701643489254
7 0.25573491928632114 0.881795195954488 0.06117247238742566 0.11757269279393173
7 0.11512319456244689 0.7218710493046776 0.0475785896346644 0.07332490518331226
8 0.12489379779099405 0.5979772439949431 0.041631265930331354 0.06700379266750948
11 0.3462192013593883 0.9355246523388117 0.026338147833474938 0.0606826801517067
11 0.16482582837723025 0.8963337547408344 0.03228547153780799 0.05436156763590392
11 0.23279524214103653 0.7522123893805309 0.038232795242141036 0.051833122629582805
11 0.01826677994902294 0.927307206068268 0.025488530161427356 0.035398230088495575
11 0.10492778249787596 0.8982300884955752 0.03993203058623619 0.0606826801517067
11 0.033984706881903144 0.611251580278129 0.045029736618521665 0.06826801517067003
11 0.3415463041631266 0.8780025284450064 0.0356839422259983 0.07458912768647281
11 0.2629566694987256 0.9753476611883691 0.062022090059473234 0.0493046776232617
9 0.30756159728122345 0.8805309734513275 0.03143585386576041 0.0606826801517067
1 0.16100254885301615 0.6321112515802781 0.03313508920985556 0.05562579013906448
7 0.2931180968564146 0.7591656131479141 0.041631265930331354 0.051833122629582805
7 0.3449447748513169 0.7958280657395702 0.02888700084961767 0.08217446270543616
7 0.34069668649107904 0.7243994943109987 0.037383177570093455 0.05056890012642225
0 0.7612574341546304 0.7768647281921618 0.06159728122344945 0.10240202275600506
0 0.6214953271028038 0.7149178255372945 0.059048428207306713 0.07838179519595449
0 0.43033135089209856 0.6201011378002529 0.03228547153780799 0.04993678887484197
11 0.840696686491079 0.8520859671302149 0.02506372132540357 0.03350189633375474
11 0.8279524214103653 0.8027812895069533 0.028462192013593884 0.04361567635903919
11 0.47111299915038235 0.6005056890012642 0.03313508920985556 0.03350189633375474
11 0.6282922684791844 0.5847029077117573 0.0356839422259983 0.04361567635903919
0 0.5378079864061173 0.5910240202275601 0.0632965165675446 0.07079646017699115
0 0.49872557349192864 0.5897597977243995 0.04672897196261682 0.09481668773704172