10 0.28116343490304707 0.30144404332129965 0.2742382271468144 0.2563176895306859
3 0.7943213296398892 0.27075812274368233 0.08448753462603878 0.22111913357400723
2 0.3767313019390582 0.851985559566787 0.09764542936288088 0.09927797833935018
2 0.3303324099722992 0.7229241877256317 0.06509695290858726 0.07851985559566788
2 0.12465373961218837 0.8303249097472925 0.05193905817174515 0.06227436823104693
8 0.015235457063711912 0.8564981949458483 0.030470914127423823 0.052346570397111915
7 0.40581717451523547 0.7951263537906137 0.07825484764542937 0.07581227436823104
11 0.8795013850415513 0.6164259927797834 0.06786703601108034 0.09386281588447654
11 0.6052631578947368 0.9323104693140795 0.05263157894736842 0.06859205776173286
11 0.6987534626038782 0.8312274368231047 0.05817174515235457 0.06498194945848375
11 0.7278393351800554 0.5974729241877257 0.06509695290858726 0.10288808664259928
7 0.907202216066482 0.5216606498194946 0.09695290858725762 0.04332129963898917