11 0.15390749601275916 0.1453382084095064 0.04146730462519936 0.05301645338208409
11 0.3038277511961722 0.022851919561243144 0.049441786283891544 0.04570383912248629
7 0.07017543859649122 0.054844606946983544 0.05741626794258373 0.05301645338208409
5 0.094896331738437 0.13345521023765997 0.03827751196172249 0.043875685557586835
5 0.14912280701754385 0.04204753199268738 0.03987240829346093 0.043875685557586835
5 0.20015948963317384 0.06489945155393052 0.0430622009569378 0.0712979890310786
7 0.9059011164274322 0.2376599634369287 0.05741626794258373 0.10237659963436929
0 0.7081339712918661 0.03930530164533821 0.10366826156299841 0.06946983546617916
8 0.14513556618819776 0.706581352833638 0.09090909090909091 0.08957952468007313
7 0.7121212121212122 0.8308957952468007 0.11164274322169059 0.12248628884826325
7 0.5167464114832536 0.5676416819012797 0.09569377990430622 0.12614259597806216
7 0.8261562998405104 0.7038391224862889 0.0861244019138756 0.13528336380255943
8 0.75518341307815 0.8976234003656307 0.06060606060606061 0.0712979890310786