10 0.011941848390446522 0.3853211009174312 0.023883696780893044 0.12110091743119267
10 0.2834890965732087 0.46605504587155966 0.1557632398753894 0.08440366972477065
7 0.8130841121495327 0.3174311926605505 0.08618899273104881 0.14495412844036698
7 0.7642782969885774 0.4926605504587156 0.05192107995846314 0.031192660550458717
7 0.8733125649013499 0.4798165137614679 0.05399792315680166 0.05688073394495413
7 0.8868120456905504 0.10366972477064221 0.032191069574247146 0.047706422018348627
7 0.9724818276220145 0.39541284403669724 0.055036344755970926 0.11192660550458716
11 0.7829698857736241 0.03302752293577982 0.037383177570093455 0.06605504587155964
11 0.6879543094496365 0.10091743119266056 0.024922118380062305 0.05137614678899083
11 0.7030114226375909 0.15321100917431194 0.024922118380062305 0.05504587155963303
11 0.7107995846313603 0.2724770642201835 0.04776739356178609 0.09541284403669725
11 0.5835929387331257 0.3357798165137615 0.0529595015576324 0.08256880733944955
11 0.8836967808930426 0.3623853211009174 0.04569055036344756 0.08073394495412844
11 0.9470404984423676 0.12844036697247707 0.036344755970924195 0.06972477064220184
1 0.9880581516095535 0.48623853211009177 0.023883696780893044 0.044036697247706424
8 0.6479750778816199 0.15504587155963304 0.055036344755970926 0.09724770642201835
9 0.7497403946002077 0.12568807339449542 0.07892004153686397 0.1577981651376147
9 0.2019730010384216 0.6559633027522935 0.059190031152647975 0.10091743119266056
9 0.23104880581516096 0.7853211009174312 0.08099688473520249 0.15045871559633028
9 0.11786085150571132 0.6376146788990825 0.08618899273104881 0.12660550458715597
9 0.2715472481827622 0.6412844036697247 0.07165109034267912 0.11192660550458716
8 0.3317757009345794 0.7724770642201835 0.05711318795430945 0.10275229357798166
8 0.17082035306334373 0.7064220183486238 0.04672897196261682 0.09174311926605505
9 0.8753894080996885 0.5752293577981651 0.07892004153686397 0.13394495412844037
9 0.6490134994807892 0.6403669724770642 0.10695742471443406 0.15229357798165138
9 0.9631360332294912 0.7522935779816514 0.07372793354101766 0.12844036697247707
8 0.9797507788161994 0.5844036697247706 0.040498442367601244 0.11559633027522936
8 0.48390446521287644 0.7110091743119266 0.07476635514018691 0.13577981651376148
8 0.4885773624091381 0.5678899082568807 0.06438213914849429 0.11559633027522936
7 0.6656282450674974 0.7935779816513762 0.07268951194184839 0.14678899082568808
7 0.5939771547248183 0.7128440366972477 0.08307372793354102 0.13394495412844037