10 0.1861777150916784 0.09792027729636049 0.22849083215796898 0.18717504332755633
10 0.1777150916784203 0.21490467937608318 0.10648801128349789 0.09878682842287695
10 0.29901269393511987 0.25909878682842286 0.14527503526093088 0.11438474870017332
6 0.34908321579689705 0.31802426343154244 0.07122708039492243 0.07538994800693241
6 0.39774330042313116 0.1707105719237435 0.057122708039492244 0.08492201039861352
2 0.6057827926657263 0.5407279029462738 0.05218617771509168 0.05545927209705372
2 0.652327221438646 0.4826689774696707 0.06205923836389281 0.07625649913344887
3 0.3215796897038082 0.9324090121317158 0.1368124118476728 0.09792027729636049
6 0.018335684062059238 0.7616984402079723 0.036671368124118475 0.07365684575389948
3 0.33779971791255287 0.7772963604852686 0.16502115655853314 0.12738301559792028
3 0.3236953455571227 0.8604852686308492 0.17066290550070523 0.1048526863084922
3 0.07968970380818054 0.8431542461005199 0.05923836389280677 0.05199306759098787
3 0.18406205923836388 0.889948006932409 0.12411847672778561 0.1048526863084922
3 0.19816643159379407 0.7720970537261699 0.11847672778561354 0.11265164644714037
3 0.41678420310296194 0.7019064124783362 0.13963328631875882 0.0927209705372617
3 0.4104372355430183 0.8093587521663779 0.17489421720733428 0.1360485268630849
3 0.6692524682651622 0.5866551126516465 0.14809590973201692 0.036395147313691506