10 0.244375 0.12706043956043955 0.2325 0.1813186813186813
7 0.924375 0.13255494505494506 0.06125 0.0673076923076923
7 0.66125 0.23076923076923078 0.06625 0.059065934065934064
11 0.970625 0.026785714285714284 0.04375 0.05357142857142857
11 0.770625 0.2445054945054945 0.05375 0.054945054945054944
11 0.52625 0.01510989010989011 0.06 0.03021978021978022
5 0.396875 0.5343406593406593 0.10625 0.15934065934065933
5 0.33375 0.9038461538461539 0.19125 0.1304945054945055
5 0.305625 0.7843406593406593 0.22125 0.15934065934065933
5 0.168125 0.853021978021978 0.13125 0.13186813186813187
5 0.085 0.6696428571428571 0.155 0.11675824175824176
5 0.25125 0.635989010989011 0.16875 0.14972527472527472
1 0.981875 0.5982142857142857 0.03625 0.07554945054945054
1 0.5675 0.5336538461538461 0.07125 0.07142857142857142
1 0.7825 0.7843406593406593 0.09 0.08241758241758242
7 0.464375 0.8983516483516484 0.02875 0.08241758241758242
7 0.77375 0.8928571428571429 0.06875 0.08928571428571429
11 0.71125 0.7266483516483516 0.0675 0.08379120879120878
11 0.87 0.8152472527472527 0.06375 0.07554945054945054