3 0.29354838709677417 0.06887298747763863 0.13225806451612904 0.13774597495527727
3 0.2725806451612903 0.24865831842576028 0.17419354838709677 0.18962432915921287
3 0.27580645161290324 0.14669051878354203 0.16774193548387098 0.16815742397137745
3 0.028225806451612902 0.09123434704830054 0.056451612903225805 0.07513416815742398
3 0.14758064516129032 0.07245080500894455 0.15645161290322582 0.1449016100178891
3 0.13225806451612904 0.2110912343470483 0.15161290322580645 0.1592128801431127
3 0.3161290322580645 0.3434704830053667 0.08709677419354839 0.11091234347048301
3 0.31451612903225806 0.23255813953488372 0.09032258064516129 0.2039355992844365
11 0.5838709677419355 0.05366726296958855 0.06774193548387097 0.04830053667262969
11 0.6395161290322581 0.017889087656529516 0.06774193548387097 0.03488372093023256
11 0.6830645161290323 0.01073345259391771 0.07903225806451612 0.02146690518783542
11 0.7951612903225806 0.029516994633273702 0.09435483870967742 0.046511627906976744
11 0.6741935483870968 0.11717352415026834 0.05806451612903226 0.04830053667262969
8 0.016935483870967744 0.7504472271914132 0.03387096774193549 0.09481216457960644
8 0.05403225806451613 0.6055456171735242 0.08548387096774193 0.09481216457960644
8 0.037096774193548385 0.5178890876565295 0.07419354838709677 0.09838998211091235
11 0.03387096774193549 0.778175313059034 0.06774193548387097 0.07155635062611806
11 0.19032258064516128 0.7584973166368515 0.07741935483870968 0.10196779964221825
1 0.5153225806451613 0.47584973166368516 0.2854838709677419 0.15384615384615385
1 0.6774193548387096 0.6565295169946332 0.20967741935483872 0.24508050089445438
1 0.9129032258064517 0.7584973166368515 0.17419354838709677 0.3470483005366726
1 0.8467741935483871 0.9042933810375671 0.2645161290322581 0.19141323792486584
1 0.7193548387096774 0.8148479427549195 0.17903225806451614 0.18962432915921287
1 0.6620967741935484 0.9409660107334525 0.17258064516129032 0.11806797853309481
1 0.6048387096774194 0.590339892665474 0.16612903225806452 0.17531305903398928
1 0.8008064516129032 0.6198568872987478 0.2903225806451613 0.32558139534883723