6 0.09271978021978022 0.3103448275862069 0.11950549450549451 0.12341197822141561
6 0.1504120879120879 0.11796733212341198 0.10164835164835165 0.1306715063520871
6 0.23008241758241757 0.2558983666061706 0.10989010989010989 0.13611615245009073
6 0.40796703296703296 0.2150635208711434 0.22802197802197802 0.21415607985480944
6 0.33516483516483514 0.10617059891107078 0.2664835164835165 0.21234119782214156
11 0.679945054945055 0.10163339382940109 0.07280219780219781 0.08166969147005444
0 0.7300824175824175 0.3892921960072595 0.12774725274725274 0.11796733212341198
0 0.5748626373626373 0.22232304900181488 0.07005494505494506 0.10707803992740472
2 0.27197802197802196 0.8602540834845736 0.2664835164835165 0.279491833030853
6 0.8138736263736264 0.47549909255898365 0.07005494505494506 0.0544464609800363
3 0.7699175824175825 0.5961887477313974 0.054945054945054944 0.08348457350272233
3 0.6723901098901099 0.6887477313974592 0.04395604395604396 0.05807622504537205