10 0.3861271676300578 0.21157167530224524 0.3982658959537572 0.16580310880829016
10 0.21965317919075145 0.1614853195164076 0.1375722543352601 0.07081174438687392
7 0.7982658959537572 0.23229706390328153 0.055491329479768786 0.08117443868739206
7 0.7936416184971098 0.0613126079447323 0.03930635838150289 0.06563039723661486
7 0.6763005780346821 0.02072538860103627 0.046242774566473986 0.04145077720207254
2 0.8317919075144509 0.3704663212435233 0.047398843930635835 0.018998272884283247
11 0.9219653179190751 0.009499136442141624 0.047398843930635835 0.018998272884283247
1 0.7473988439306358 0.37219343696027635 0.024277456647398842 0.015544041450777202
1 0.7508670520231214 0.3385146804835924 0.04046242774566474 0.05181347150259067
7 0.7346820809248555 0.2392055267702936 0.046242774566473986 0.07081174438687392
3 0.1115606936416185 0.6968911917098446 0.06358381502890173 0.09671848013816926
3 0.1722543352601156 0.7599309153713298 0.07630057803468208 0.08290155440414508
3 0.40346820809248557 0.6424870466321243 0.1283236994219653 0.14507772020725387
9 0.3017341040462428 0.7694300518134715 0.09595375722543352 0.12780656303972365
11 0.5861271676300578 0.6606217616580311 0.027745664739884393 0.09844559585492228
11 0.2971098265895954 0.41968911917098445 0.07167630057803469 0.07944732297063903
11 0.4595375722543353 0.4386873920552677 0.09595375722543352 0.11744386873920552
11 0.661849710982659 0.7564766839378239 0.06473988439306358 0.0846286701208981
11 0.6260115606936416 0.6588946459412781 0.05202312138728324 0.1157167530224525
11 0.6942196531791908 0.646804835924007 0.05086705202312139 0.07426597582037997
11 0.6820809248554913 0.5863557858376511 0.048554913294797684 0.06390328151986183
11 0.6208092485549133 0.4473229706390328 0.04161849710982659 0.09326424870466321
11 0.7364161849710983 0.5259067357512953 0.07514450867052024 0.09671848013816926
11 0.9052023121387284 0.540587219343696 0.07167630057803469 0.09326424870466321
11 0.930635838150289 0.917098445595855 0.07167630057803469 0.08808290155440414
11 0.7167630057803468 0.8678756476683938 0.09132947976878612 0.13126079447322972