10 0.38203125 0.3888888888888889 0.2546875 0.16835016835016836
6 0.25234375 0.08417508417508418 0.0640625 0.0723905723905724
8 0.90390625 0.14562289562289563 0.0921875 0.09764309764309764
8 0.77265625 0.13383838383838384 0.09375 0.06397306397306397
8 0.8453125 0.3930976430976431 0.059375 0.06565656565656566
8 0.91171875 0.4553872053872054 0.065625 0.07575757575757576
7 0.6296875 0.5488215488215489 0.09375 0.06060606060606061
7 0.96640625 0.25925925925925924 0.0671875 0.07744107744107744
8 0.4125 0.867003367003367 0.0625 0.07912457912457913
10 0.82734375 0.6321548821548821 0.2296875 0.10606060606060606
10 0.8375 0.7087542087542088 0.10625 0.08417508417508418
10 0.71640625 0.75 0.146875 0.09764309764309764
6 0.66640625 0.8021885521885522 0.0703125 0.06397306397306397
6 0.61484375 0.6750841750841751 0.05625 0.07407407407407407