10 0.16814946619217083 0.02783400809716599 0.18801897983392646 0.05566801619433198
11 0.8460854092526691 0.15890688259109312 0.018979833926453145 0.05263157894736842
11 0.7633451957295374 0.05060728744939271 0.02224199288256228 0.062246963562753034
7 0.8813760379596679 0.04757085020242915 0.026986951364175563 0.05060728744939271
5 0.8745551601423488 0.13562753036437247 0.01749703440094899 0.045040485829959516
5 0.8413404507710558 0.04959514170040486 0.018979833926453145 0.0430161943319838
5 0.8179122182680901 0.0840080971659919 0.018979833926453145 0.07236842105263158
9 0.3620996441281139 0.6710526315789473 0.051304863582443655 0.06680161943319839
7 0.2891459074733096 0.6108299595141701 0.042408066429418745 0.046052631578947366
11 0.7277580071174378 0.7115384615384616 0.051008303677342826 0.09463562753036438
11 0.8469750889679716 0.5774291497975709 0.05249110320284697 0.0860323886639676
11 0.9240806642941874 0.8162955465587044 0.039739027283511266 0.07945344129554656
11 0.9356465005931198 0.7338056680161943 0.05249110320284697 0.07489878542510121
11 0.9673784104389087 0.8755060728744939 0.03262158956109134 0.09665991902834008
9 0.8137603795966786 0.7899797570850202 0.039739027283511266 0.11234817813765183