6 0.5077751196172249 0.34290271132376393 0.07416267942583732 0.08452950558213716
6 0.56877990430622 0.3668261562998405 0.04904306220095694 0.07017543859649122
6 0.48504784688995217 0.2543859649122807 0.0861244019138756 0.09090909090909091
6 0.55622009569378 0.22567783094098884 0.03708133971291866 0.049441786283891544
6 0.59688995215311 0.21770334928229665 0.023923444976076555 0.06220095693779904
6 0.30801435406698563 0.028708133971291867 0.08971291866028708 0.05741626794258373
6 0.27212918660287083 0.1634768740031898 0.11842105263157894 0.1419457735247209
6 0.43600478468899523 0.10685805422647528 0.09210526315789473 0.13078149920255183
6 0.41327751196172247 0.023125996810207338 0.08014354066985646 0.046251993620414676
6 0.3738038277511962 0.24162679425837322 0.03588516746411483 0.05582137161084529
6 0.3361244019138756 0.08692185007974482 0.04066985645933014 0.05422647527910686
7 0.9826555023923444 0.3373205741626794 0.034688995215311005 0.09409888357256778
7 0.6261961722488039 0.18261562998405104 0.034688995215311005 0.13556618819776714
2 0.7505980861244019 0.4449760765550239 0.07057416267942583 0.14992025518341306
11 0.6519138755980861 0.48883572567783096 0.06698564593301436 0.06220095693779904
11 0.8415071770334929 0.5 0.08014354066985646 0.03987240829346093
11 0.6686602870813397 0.24242424242424243 0.05502392344497608 0.044657097288676235
8 0.23684210526315788 0.7073365231259968 0.06818181818181818 0.07575757575757576
8 0.3839712918660287 0.6953748006379585 0.04784688995215311 0.0733652312599681
7 0.5334928229665071 0.6754385964912281 0.04366028708133971 0.058213716108452954
9 0.3283492822966507 0.689792663476874 0.07236842105263158 0.06937799043062201
3 0.8205741626794258 0.8923444976076556 0.1686602870813397 0.17065390749601275
3 0.812799043062201 0.6650717703349283 0.2452153110047847 0.21610845295055822