8 0.6833791208791209 0.26666666666666666 0.0673076923076923 0.07424242424242425
11 0.7568681318681318 0.2545454545454545 0.03021978021978022 0.04393939393939394
7 0.3475274725274725 0.9363636363636364 0.13186813186813187 0.12727272727272726
11 0.41483516483516486 0.9446969696969697 0.03983516483516483 0.06060606060606061
11 0.46291208791208793 0.9257575757575758 0.042582417582417584 0.05303030303030303
11 0.5041208791208791 0.8787878787878788 0.04945054945054945 0.09090909090909091
0 0.3427197802197802 0.6181818181818182 0.1936813186813187 0.25
0 0.49244505494505497 0.7507575757575757 0.07280219780219781 0.15303030303030302
7 0.7850274725274725 0.8409090909090909 0.06868131868131869 0.1
7 0.8035714285714286 0.6318181818181818 0.07005494505494506 0.07424242424242425
7 0.9739010989010989 0.821969696969697 0.0521978021978022 0.07121212121212121
11 0.8372252747252747 0.8545454545454545 0.042582417582417584 0.07121212121212121
8 0.8956043956043956 0.9022727272727272 0.0673076923076923 0.07272727272727272
1 0.9244505494505495 0.8356060606060606 0.06318681318681318 0.07272727272727272