10 0.2225 0.43671875 0.335 0.5453125
7 0.548125 0.56796875 0.13375 0.1609375
2 0.63125 0.35625 0.0675 0.10625
2 0.484375 0.4984375 0.05125 0.0984375
2 0.53875 0.125 0.15625 0.1859375
2 0.690625 0.03828125 0.08125 0.0671875
11 0.80375 0.22109375 0.045 0.06875
0 0.40375 0.671875 0.0275 0.075
0 0.511875 0.6921875 0.06375 0.034375
11 0.73875 0.3015625 0.06625 0.078125
7 0.2175 0.74375 0.1275 0.06875
7 0.328125 0.725 0.08375 0.03125
7 0.14625 0.7890625 0.04 0.046875
7 0.22125 0.79609375 0.0575 0.0390625
7 0.13375 0.72890625 0.035 0.0390625
9 0.6575 0.78984375 0.11375 0.128125
7 0.541875 0.76015625 0.07 0.0765625
7 0.584375 0.94375 0.065 0.071875
7 0.775 0.99296875 0.055 0.0140625