10 0.2851351351351351 0.19574036511156187 0.08648648648648649 0.22920892494929007
10 0.012162162162162163 0.20588235294117646 0.024324324324324326 0.07099391480730223
7 0.1635135135135135 0.22413793103448276 0.052702702702702706 0.08924949290060852
10 0.057432432432432436 0.1795131845841785 0.09594594594594595 0.09533468559837728
10 0.3858108108108108 0.033468559837728194 0.07972972972972973 0.06693711967545639
10 0.4101351351351351 0.08417849898580122 0.13243243243243244 0.10344827586206896
10 0.5020270270270271 0.08113590263691683 0.13648648648648648 0.10953346855983773
10 0.3216216216216216 0.28600405679513186 0.11621621621621622 0.0973630831643002
7 0.8844594594594595 0.385395537525355 0.06891891891891892 0.10547667342799188
7 0.7 0.29817444219066935 0.051351351351351354 0.08924949290060852
8 0.5655405405405406 0.9685598377281948 0.0472972972972973 0.06288032454361055
8 0.552027027027027 0.8722109533468559 0.060810810810810814 0.10141987829614604
8 0.42905405405405406 0.652129817444219 0.041891891891891894 0.06288032454361055
8 0.40743243243243243 0.5425963488843814 0.052702702702702706 0.09127789046653144
8 0.041891891891891894 0.46754563894523327 0.032432432432432434 0.058823529411764705
8 0.16148648648648647 0.5547667342799188 0.0445945945945946 0.060851926977687626
7 0.3689189189189189 0.847870182555781 0.04594594594594595 0.07099391480730223
11 0.34054054054054056 0.7768762677484787 0.062162162162162166 0.07099391480730223
11 0.16216216216216217 0.7119675456389453 0.0445945945945946 0.08519269776876268
11 0.025 0.6997971602434077 0.05 0.08316430020283976
11 0.3162162162162162 0.6876267748478702 0.03513513513513514 0.06490872210953347
11 0.41824324324324325 0.9695740365111561 0.05540540540540541 0.060851926977687626
11 0.40540540540540543 0.8468559837728195 0.031081081081081083 0.07910750507099391
11 0.5527027027027027 0.7606490872210954 0.04594594594594595 0.06896551724137931
11 0.5466216216216216 0.6835699797160243 0.043243243243243246 0.05273833671399594
11 0.4337837837837838 0.7464503042596349 0.03918918918918919 0.07302231237322515
7 0.6229729729729729 0.48580121703853957 0.06756756756756757 0.09533468559837728