6 0.494140625 0.17291666666666666 0.0375 0.06666666666666667
6 0.530078125 0.2652777777777778 0.015625 0.03888888888888889
3 0.247265625 0.31319444444444444 0.09375 0.13194444444444445
3 0.30390625 0.5375 0.059375 0.06666666666666667
3 0.5 0.5597222222222222 0.04296875 0.0625
3 0.2390625 0.4083333333333333 0.04140625 0.06805555555555555
3 0.31875 0.38680555555555557 0.07109375 0.09166666666666666
3 0.423828125 0.5381944444444444 0.06875 0.10972222222222222
10 0.210546875 0.14166666666666666 0.0640625 0.1875
1 0.112109375 0.21180555555555555 0.03046875 0.0763888888888889
1 0.076171875 0.2847222222222222 0.02421875 0.04583333333333333
1 0.043359375 0.37777777777777777 0.02265625 0.05694444444444444
1 0.10625 0.33125 0.02734375 0.05138888888888889
1 0.109375 0.43333333333333335 0.02421875 0.05694444444444444
9 0.709765625 0.2604166666666667 0.054296875 0.09513888888888888
0 0.6875 0.47430555555555554 0.055078125 0.10486111111111111
8 0.987890625 0.14166666666666666 0.02421875 0.07777777777777778
7 0.137890625 0.6881944444444444 0.06484375 0.04236111111111111
7 0.31640625 0.8819444444444444 0.0390625 0.035416666666666666
7 0.17578125 0.8402777777777778 0.051171875 0.05138888888888889
7 0.244921875 0.8659722222222223 0.05703125 0.05486111111111111
7 0.075 0.9305555555555556 0.048046875 0.04652777777777778
8 0.3765625 0.7826388888888889 0.044921875 0.04652777777777778
0 0.223828125 0.7611111111111111 0.0640625 0.04027777777777778
0 0.180078125 0.7333333333333333 0.055859375 0.03888888888888889
2 0.8984375 0.70625 0.06875 0.13472222222222222
2 0.7796875 0.8895833333333333 0.04765625 0.08611111111111111
7 0.873828125 0.9131944444444444 0.0609375 0.09166666666666666