10 0.3040078201368524 0.1425 0.3304007820136852 0.285
8 0.8352883675464321 0.2975 0.06744868035190615 0.0875
8 0.6080156402737048 0.1025 0.0469208211143695 0.06
8 0.5879765395894428 0.01875 0.03225806451612903 0.0375
7 0.6427174975562072 0.2 0.043010752688172046 0.065
7 0.9271749755620723 0.24125 0.06158357771260997 0.0775
7 0.7414467253176931 0.196875 0.07233626588465299 0.085
11 0.9286412512218963 0.31875 0.09286412512218964 0.11375
11 0.9301075268817204 0.11125 0.08895405669599218 0.0925
11 0.7961876832844574 0.37125 0.07331378299120235 0.0175
11 0.782991202346041 0.144375 0.05083088954056696 0.06375
11 0.7179863147605083 0.085625 0.04398826979472141 0.06375
11 0.8010752688172043 0.045625 0.043010752688172046 0.0525
11 0.7355816226783969 0.005625 0.047898338220918865 0.01125
11 0.604594330400782 0.331875 0.03519061583577713 0.0525
11 0.9750733137829912 0.18375 0.0469208211143695 0.06
11 0.9247311827956989 0.175625 0.03225806451612903 0.055
11 0.9916911045943304 0.251875 0.016617790811339198 0.08125
11 0.7678396871945259 0.26875 0.06060606060606061 0.0725
11 0.5381231671554252 0.033125 0.06940371456500488 0.06625
11 0.5679374389051809 0.35375 0.03714565004887586 0.0525
11 0.5742913000977518 0.274375 0.03714565004887586 0.0425
11 0.6036168132942327 0.21125 0.04007820136852395 0.05875
11 0.666177908113392 0.3175 0.05083088954056696 0.065
11 0.8279569892473119 0.22 0.06256109481915934 0.07375
11 0.9872922776148583 0.03 0.02541544477028348 0.0575
9 0.9305962854349951 0.031875 0.039100684261974585 0.06125
9 0.135386119257087 0.574375 0.25513196480938416 0.25
9 0.2727272727272727 0.83875 0.1906158357771261 0.2425
2 0.3841642228739003 0.430625 0.09188660801564028 0.10125
9 0.9120234604105572 0.548125 0.17595307917888564 0.27375
7 0.6793743890518084 0.774375 0.10459433040078202 0.1275