7 0.56125 0.1966216216216216 0.0875 0.04121621621621622
11 0.694375 0.07162162162162163 0.04625 0.04121621621621622
11 0.44 0.27297297297297296 0.07625 0.041891891891891894
11 0.851875 0.1608108108108108 0.053125 0.03310810810810811
11 0.9125 0.25067567567567567 0.0475 0.03445945945945946
7 0.070625 0.5155405405405405 0.1275 0.12162162162162163
8 0.823125 0.6081081081081081 0.10125 0.12567567567567567
11 0.5625 0.904054054054054 0.04375 0.07567567567567568
6 0.463125 0.4831081081081081 0.06125 0.06486486486486487
7 0.956875 0.504054054054054 0.08625 0.1837837837837838
8 0.946875 0.825 0.10625 0.12027027027027028