10 0.528076171875 0.1650390625 0.06298828125 0.146484375
10 0.391357421875 0.342529296875 0.115234375 0.087890625
10 0.411376953125 0.0244140625 0.08837890625 0.048828125
10 0.52294921875 0.08203125 0.0732421875 0.1083984375
10 0.45849609375 0.21484375 0.11962890625 0.10107421875
11 0.660888671875 0.653564453125 0.076171875 0.064453125
11 0.58740234375 0.6591796875 0.0556640625 0.0615234375
11 0.60302734375 0.54541015625 0.0869140625 0.08203125
11 0.726806640625 0.50732421875 0.06884765625 0.07958984375
11 0.880615234375 0.4150390625 0.06005859375 0.10205078125
11 0.93603515625 0.30810546875 0.0634765625 0.07275390625
7 0.763916015625 0.1376953125 0.1484375 0.158203125
0 0.72607421875 0.2685546875 0.11669921875 0.10986328125
11 0.732177734375 0.3974609375 0.111328125 0.1171875
7 0.61279296875 0.75390625 0.1064453125 0.0478515625