10 0.20249221183800623 0.06534653465346535 0.19470404984423675 0.1297029702970297
10 0.3307372793354102 0.10594059405940594 0.055036344755970926 0.08217821782178218
10 0.26479750778816197 0.16534653465346535 0.055036344755970926 0.07326732673267326
10 0.2284527518172378 0.12376237623762376 0.05867082035306334 0.06435643564356436
10 0.1822429906542056 0.18613861386138614 0.1308411214953271 0.14257425742574256
11 0.8650051921079959 0.2396039603960396 0.06074766355140187 0.04356435643564356
11 0.907061266874351 0.299009900990099 0.07580477673935618 0.061386138613861385
11 0.8255451713395638 0.297029702970297 0.046209761163032194 0.039603960396039604
11 0.832294911734164 0.3326732673267327 0.046209761163032194 0.032673267326732675
11 0.8956386292834891 0.4168316831683168 0.06905503634475597 0.047524752475247525
11 0.7751817237798546 0.3594059405940594 0.07009345794392523 0.0504950495049505
11 0.612668743509865 0.3346534653465347 0.06645898234683281 0.048514851485148516
11 0.6074766355140186 0.46732673267326735 0.04984423676012461 0.04356435643564356
11 0.5664589823468328 0.05841584158415842 0.04984423676012461 0.048514851485148516
11 0.6469366562824507 0.04950495049504951 0.07424714434060228 0.06930693069306931
11 0.618380062305296 0.12178217821782178 0.06905503634475597 0.04455445544554455
11 0.8219106957424714 0.1712871287128713 0.08463136033229492 0.06831683168316832
9 0.0763239875389408 0.5673267326732673 0.07165109034267912 0.15643564356435644
9 0.21910695742471442 0.6079207920792079 0.0893042575285566 0.12079207920792079
11 0.8333333333333334 0.5217821782178218 0.04880581516095535 0.06534653465346535
11 0.8489096573208723 0.598019801980198 0.04569055036344756 0.07920792079207921
11 0.9922118380062306 0.9524752475247524 0.01557632398753894 0.08316831683168317
11 0.6100726895119418 0.7346534653465346 0.04569055036344756 0.09900990099009901
0 0.8535825545171339 0.8475247524752475 0.056074766355140186 0.16237623762376238
0 0.7767393561786086 0.9504950495049505 0.07476635514018691 0.09900990099009901
7 0.731048805815161 0.5900990099009901 0.04569055036344756 0.09702970297029703
7 0.7736240913811008 0.6435643564356436 0.03115264797507788 0.07326732673267326
11 0.7372793354101765 0.5108910891089109 0.037383177570093455 0.04356435643564356