3 0.20865533230293662 0.5497427101200686 0.08887171561051005 0.120926243567753
6 0.01313755795981453 0.23413379073756432 0.02627511591962906 0.10120068610634649
3 0.23338485316846985 0.32675814751286447 0.10510046367851623 0.15780445969125215
3 0.21638330757341576 0.44596912521440824 0.11205564142194745 0.12264150943396226
3 0.05100463678516229 0.36792452830188677 0.03786707882534776 0.0660377358490566
3 0.11823802163833076 0.4588336192109777 0.07882534775888717 0.1312178387650086
3 0.1391035548686244 0.2890222984562607 0.07418856259659969 0.14493996569468268
3 0.294435857805255 0.2332761578044597 0.09041731066460587 0.11149228130360206
3 0.2797527047913447 0.38850771869639794 0.11205564142194745 0.16895368782161235
2 0.9853168469860897 0.44082332761578047 0.02936630602782071 0.07890222984562607
9 0.49690880989180836 0.023156089193825044 0.10046367851622875 0.04631217838765009
9 0.6097372488408037 0.029159519725557463 0.08809891808346214 0.058319039451114926
9 0.9675425038639877 0.23413379073756432 0.06491499227202473 0.060034305317324184
9 0.8948995363214838 0.5025728987993139 0.1205564142194745 0.058319039451114926
9 0.5579598145285936 0.40051457975986277 0.05564142194744977 0.06689536878216124
9 0.41499227202472955 0.05660377358490566 0.07882534775888717 0.11320754716981132
9 0.500772797527048 0.12778730703259006 0.05255023183925812 0.058319039451114926
9 0.8330757341576507 0.4502572898799314 0.0633693972179289 0.0548885077186964
11 0.8740340030911901 0.018867924528301886 0.02936630602782071 0.03773584905660377
11 0.8516228748068007 0.0711835334476844 0.03554868624420402 0.04974271012006861
11 0.9853168469860897 0.07204116638078903 0.02936630602782071 0.048027444253859346
11 0.7704791344667697 0.19382504288164665 0.03709428129829984 0.048027444253859346
11 0.5432766615146831 0.313893653516295 0.05564142194744977 0.03773584905660377
11 0.6615146831530139 0.27615780445969124 0.04636785162287481 0.04288164665523156
7 0.6190108191653787 0.4716981132075472 0.06800618238021638 0.0686106346483705
7 0.7697063369397218 0.3490566037735849 0.06646058732612056 0.0686106346483705
7 0.9041731066460588 0.2564322469982847 0.08500772797527048 0.10806174957118353
7 0.6081916537867079 0.5411663807890223 0.06491499227202473 0.0548885077186964
7 0.44899536321483774 0.4974271012006861 0.04791344667697063 0.051457975986277875
9 0.1723338485316847 0.9331046312178388 0.08964451313755796 0.07204116638078903
11 0.04636785162287481 0.885934819897084 0.06491499227202473 0.0634648370497427
11 0.18238021638330756 0.6740994854202401 0.04636785162287481 0.0634648370497427
11 0.28052550231839257 0.8567753001715266 0.0633693972179289 0.04631217838765009
11 0.2596599690880989 0.6749571183533448 0.06491499227202473 0.05660377358490566
7 0.28516228748068007 0.9605488850771869 0.08500772797527048 0.07890222984562607
8 0.015455950540958269 0.8096054888507719 0.030911901081916538 0.07890222984562607
11 0.33075734157650694 0.7632933104631218 0.05564142194744977 0.06174957118353345
11 0.8508500772797527 0.8610634648370498 0.05795981452859351 0.03945111492281304
11 0.874806800618238 0.9777015437392796 0.06723338485316847 0.0411663807890223
11 0.5749613601236476 0.7469982847341338 0.11205564142194745 0.03945111492281304
11 0.884853168469861 0.7830188679245284 0.11901081916537867 0.04716981132075472
11 0.5672333848531684 0.9699828473413379 0.09969088098918083 0.0411663807890223
11 0.6491499227202473 0.8284734133790738 0.06414219474497682 0.036020583190394515