6 0.46319663512092535 0.42131147540983604 0.05152471083070452 0.08852459016393442
6 0.24079915878023134 0.10655737704918032 0.1892744479495268 0.21311475409836064
6 0.4116719242902208 0.5409836065573771 0.0683491062039958 0.036065573770491806
6 0.37066246056782337 0.4319672131147541 0.07360672975814932 0.10491803278688525
6 0.2323869610935857 0.4204918032786885 0.167192429022082 0.14590163934426228
6 0.2697160883280757 0.5131147540983606 0.19453207150368035 0.09180327868852459
4 0.6288117770767613 0.10737704918032787 0.10094637223974763 0.15737704918032788
4 0.7450052576235542 0.5270491803278688 0.10620399579390116 0.06393442622950819
1 0.2996845425867508 0.9860655737704918 0.054679284963196635 0.027868852459016394
1 0.2797055730809674 0.8590163934426229 0.03995793901156677 0.07868852459016394
1 0.20977917981072555 0.8909836065573771 0.07676130389064142 0.08688524590163935
1 0.12039957939011567 0.6188524590163934 0.03785488958990536 0.05901639344262295
1 0.052050473186119876 0.7114754098360656 0.03680336487907466 0.06557377049180328
1 0.0341745531019979 0.6295081967213115 0.030494216614090432 0.07868852459016394
1 0.21608832807570977 0.9762295081967213 0.03470031545741325 0.047540983606557376
7 0.22607781282860148 0.7557377049180328 0.07570977917981073 0.09180327868852459
7 0.14090431125131442 0.9491803278688524 0.06519453207150368 0.10163934426229508
7 0.3943217665615142 0.9860655737704918 0.07781282860147214 0.027868852459016394
3 0.8007360672975815 0.9327868852459016 0.13354363827549948 0.09672131147540984
6 0.5063091482649842 0.7467213114754099 0.03470031545741325 0.07377049180327869
3 0.8217665615141956 0.7745901639344263 0.1598317560462671 0.12540983606557377
3 0.8054679284963197 0.8598360655737705 0.16666666666666666 0.10081967213114754
3 0.5662460567823344 0.8327868852459016 0.056782334384858045 0.05
3 0.6666666666666666 0.8852459016393442 0.12092534174553102 0.10245901639344263
3 0.6845425867507886 0.7647540983606558 0.11409043112513144 0.11147540983606558
3 0.9022082018927445 0.7016393442622951 0.13459516298633017 0.09098360655737706
3 0.8922187171398528 0.8106557377049181 0.16929547844374343 0.13278688524590163