11 0.137890625 0.23153575615474795 0.17109375 0.07971864009378664
11 0.736328125 0.04630715123094959 0.02265625 0.03399765533411489
11 0.3828125 0.12368112543962485 0.02265625 0.03575615474794842
11 0.577734375 0.11488862837045721 0.025 0.027842907385697536
11 0.654296875 0.0738569753810082 0.026171875 0.026963657678780773
11 0.608984375 0.10697538100820633 0.026953125 0.03048065650644783
11 0.65625 0.25 0.018359375 0.026963657678780773
7 0.73125 0.10433763188745604 0.029296875 0.022860492379835874
7 0.703125 0.06301289566236812 0.034375 0.045427901524032824
7 0.79296875 0.13071512309495897 0.028515625 0.03487690504103165
1 0.6078125 0.27432590855803046 0.0234375 0.03399765533411489
1 0.690625 0.23622508792497068 0.02421875 0.022860492379835874
1 0.787109375 0.24208675263774912 0.02265625 0.025205158264947247
1 0.812109375 0.2130715123094959 0.030078125 0.021101992966002344
0 0.592578125 0.06330597889800703 0.041796875 0.028722157092614303
0 0.6765625 0.021101992966002344 0.04609375 0.04191090269636577
4 0.249609375 0.8250293083235639 0.03515625 0.09261430246189918
4 0.34609375 0.7233294255568582 0.046484375 0.08177022274325908
4 0.1015625 0.8423212192262602 0.0265625 0.11400937866354044
7 0.266015625 0.36400937866354044 0.046875 0.06887456037514654
7 0.211328125 0.37719812426729193 0.041015625 0.08177022274325908
7 0.201171875 0.46072684642438455 0.039453125 0.08616647127784291
7 0.166796875 0.36723329425556855 0.033984375 0.07532239155920281
1 0.60390625 0.5530480656506448 0.04375 0.08147713950762016
1 0.931640625 0.36107854630715125 0.071875 0.06330597889800703
8 0.725 0.7810668229777257 0.037890625 0.08763188745603752
7 0.72890625 0.5407385697538101 0.037890625 0.06946072684642439
7 0.690234375 0.7916178194607268 0.05078125 0.1025791324736225
7 0.69609375 0.9545720984759671 0.039453125 0.06946072684642439
7 0.769921875 0.7160023446658851 0.0421875 0.09056271981242672