10 0.3075326215895611 0.583502024291498 0.16429418742586002 0.19331983805668015
10 0.3253262158956109 0.6604251012145749 0.12870699881376038 0.057692307692307696
10 0.3472716488730724 0.032388663967611336 0.08481613285883749 0.06477732793522267
10 0.27105575326215897 0.010121457489878543 0.08185053380782918 0.020242914979757085
10 0.6456109134045077 0.28846153846153844 0.06465005931198102 0.1680161943319838
10 0.8511269276393831 0.31376518218623484 0.1651838671411625 0.13360323886639677
10 0.8276986951364176 0.16143724696356276 0.0673190984578885 0.06174089068825911
6 0.9306049822064056 0.3395748987854251 0.03232502965599051 0.05161943319838057
6 0.9317912218268091 0.527834008097166 0.042704626334519574 0.07034412955465587
7 0.7123368920521945 0.22317813765182187 0.036476868327402136 0.0673076923076923
10 0.7817319098457889 0.2125506072874494 0.06287069988137604 0.07742914979757085
10 0.6106168446026097 0.43724696356275305 0.0527876631079478 0.06325910931174089
10 0.5883748517200474 0.409919028340081 0.08600237247924081 0.08906882591093117
10 0.5346975088967971 0.44635627530364375 0.08867141162514829 0.0931174089068826
10 0.6100237247924081 0.242914979757085 0.07562277580071175 0.08198380566801619
10 0.8481613285883749 0.36690283400809715 0.07829181494661921 0.07591093117408906
2 0.2111506524317912 0.9438259109311741 0.04833926453143535 0.02479757085020243
2 0.1465005931198102 0.8922064777327935 0.045670225385527875 0.02783400809716599
2 0.152135231316726 0.930668016194332 0.042111506524317915 0.02834008097165992
7 0.2677935943060498 0.819838056680162 0.051897983392645314 0.02834008097165992
7 0.26186239620403323 0.882085020242915 0.04655990510083037 0.026821862348178137
8 0.20937129300118623 0.7798582995951417 0.03766310794780545 0.02631578947368421
8 0.3265124555160142 0.8228744939271255 0.04655990510083037 0.025303643724696356
9 0.14294187425860025 0.8577935222672065 0.04833926453143535 0.025303643724696356
3 0.779655990510083 0.7454453441295547 0.08570581257413998 0.11133603238866396
3 0.6601423487544484 0.7687246963562753 0.09282325029655991 0.05566801619433198
3 0.6639976275207592 0.8279352226720648 0.09282325029655991 0.0597165991902834
3 0.7731316725978647 0.9458502024291497 0.11476868327402136 0.0931174089068826
3 0.5536773428232503 0.9605263157894737 0.10379596678529063 0.06325910931174089
3 0.7749110320284698 0.8719635627530364 0.08185053380782918 0.07135627530364372