11 0.13924050632911392 0.37094155844155846 0.017179023508137433 0.056006493506493504
11 0.21338155515370705 0.48538961038961037 0.019891500904159132 0.06574675324675325
7 0.10759493670886076 0.48863636363636365 0.024412296564195298 0.05357142857142857
5 0.11301989150090416 0.3952922077922078 0.0162748643761302 0.04788961038961039
5 0.14285714285714285 0.4862012987012987 0.017179023508137433 0.045454545454545456
5 0.16455696202531644 0.450487012987013 0.017179023508137433 0.0762987012987013
7 0.6021699819168174 0.15665584415584416 0.0867992766726944 0.0698051948051948
7 0.538878842676311 0.2159090909090909 0.10849909584086799 0.09253246753246754
7 0.5090415913200723 0.3068181818181818 0.09041591320072333 0.06818181818181818
7 0.31645569620253167 0.14853896103896103 0.054249547920433995 0.08928571428571429
7 0.6211573236889693 0.44805194805194803 0.22603978300180833 0.18181818181818182
7 0.7667269439421338 0.37987012987012986 0.06329113924050633 0.0762987012987013
11 0.6401446654611211 0.5316558441558441 0.014466546112115732 0.012987012987012988
11 0.8417721518987342 0.5227272727272727 0.0379746835443038 0.032467532467532464
7 0.9873417721518988 0.5121753246753247 0.02531645569620253 0.05357142857142857
7 0.32640144665461124 0.36363636363636365 0.07414104882459313 0.10064935064935066
7 0.8924050632911392 0.4107142857142857 0.05244122965641953 0.06168831168831169
7 0.4168173598553345 0.013798701298701298 0.11392405063291139 0.027597402597402596
7 0.08499095840867993 0.7662337662337663 0.10126582278481013 0.08116883116883117
0 0.25678119349005424 0.7410714285714286 0.0650994575045208 0.07954545454545454
0 0.1735985533453888 0.8555194805194806 0.081374321880651 0.056818181818181816
9 0.7432188065099458 0.8944805194805194 0.2314647377938517 0.17694805194805194