1 0.4453125 0.24355216881594371 0.013671875 0.021981242672919107
10 0.186328125 0.17848769050410315 0.052734375 0.08440797186400938
10 0.353515625 0.1011137162954279 0.0359375 0.04660023446658851
6 0.369140625 0.1421453692848769 0.015234375 0.026963657678780773
7 0.609765625 0.21951934349355218 0.02421875 0.03839390386869871
7 0.946875 0.305978898007034 0.027734375 0.0369284876905041
7 0.90390625 0.32327080890973037 0.01953125 0.03399765533411489
7 0.873046875 0.3637162954279015 0.014453125 0.021688159437280186
7 0.78203125 0.13862837045720985 0.024609375 0.02608440797186401
7 0.678125 0.1611957796014068 0.03984375 0.03780773739742087
7 0.718359375 0.3801289566236811 0.031640625 0.03223915592028136
7 0.709765625 0.33177022274325907 0.02734375 0.029894490035169988
7 0.684375 0.3267878077373974 0.0265625 0.0369284876905041
7 0.684375 0.24912075029308323 0.032421875 0.04015240328253224
7 0.78203125 0.2502930832356389 0.032421875 0.03604923798358734
7 0.749609375 0.30773739742086753 0.0234375 0.04073856975381008
7 0.680078125 0.3733880422039859 0.021484375 0.03780773739742087
8 0.912109375 0.12162954279015241 0.039453125 0.05070339976553341
8 0.799609375 0.21951934349355218 0.022265625 0.0246189917936694
8 0.751953125 0.23300117233294257 0.021484375 0.02608440797186401
8 0.83828125 0.1450762016412661 0.03046875 0.03311840562719812
8 0.891015625 0.09232121922626026 0.024609375 0.029894490035169988
8 0.850390625 0.18259085580304807 0.01953125 0.029894490035169988
8 0.886328125 0.1943141852286049 0.01953125 0.029308323563892145
8 0.936328125 0.2309495896834701 0.029296875 0.031652989449003514
8 0.580078125 0.23300117233294257 0.0171875 0.023739742086752638
8 0.734375 0.10844079718640094 0.017578125 0.03223915592028136
8 0.851953125 0.03898007033997655 0.025390625 0.0354630715123095
8 0.72890625 0.13862837045720985 0.02734375 0.023739742086752638
8 0.9265625 0.17702227432590856 0.0203125 0.021688159437280186
8 0.90234375 0.179073856975381 0.0171875 0.021688159437280186
9 0.7046875 0.22596717467760843 0.024609375 0.04865181711606096
9 0.722265625 0.20046893317702227 0.027734375 0.057737397420867524
7 0.25859375 0.7435521688159438 0.124609375 0.10961313012895663
7 0.363671875 0.7564478311840562 0.087890625 0.10961313012895663
7 0.287109375 0.8352872215709262 0.08203125 0.09583821805392731
7 0.199609375 0.8478898007033998 0.062890625 0.08352872215709262
7 0.1859375 0.7124853458382181 0.0421875 0.05568581477139507
7 0.25234375 0.6869871043376319 0.055859375 0.050996483001172335
7 0.1859375 0.7813599062133646 0.038671875 0.06037514654161782
11 0.549609375 0.7288980070339977 0.03984375 0.09085580304806565