10 0.01394169835234474 0.18455743879472694 0.02788339670468948 0.2222222222222222
10 0.08808618504435994 0.3154425612052731 0.07858048162230671 0.0847457627118644
10 0.10456273764258556 0.2598870056497175 0.12801013941698353 0.12052730696798493
10 0.18948035487959441 0.24199623352165725 0.13181242078580482 0.128060263653484
10 0.029784537389100127 0.09322033898305085 0.059569074778200254 0.1111111111111111
4 0.688212927756654 0.3097928436911488 0.062103929024081114 0.0903954802259887
4 0.6223067173637515 0.17419962335216574 0.045627376425855515 0.060263653483992465
4 0.7610899873257287 0.2504708097928437 0.030418250950570342 0.064030131826742
11 0.3314321926489227 0.736346516007533 0.036755386565272496 0.1544256120527307
11 0.30925221799746516 0.8898305084745762 0.08111533586818757 0.15254237288135594
11 0.26108998732572875 0.6252354048964218 0.07984790874524715 0.096045197740113
11 0.26869455006337134 0.7203389830508474 0.05576679340937896 0.09416195856873823
11 0.1641318124207858 0.935969868173258 0.050697084917617236 0.11864406779661017
8 0.20532319391634982 0.7890772128060264 0.06463878326996197 0.0847457627118644
11 0.051330798479087454 0.8822975517890772 0.06337135614702155 0.08286252354048965
3 0.6749049429657795 0.5348399246704332 0.10012674271229405 0.030131826741996232
3 0.48098859315589354 0.564030131826742 0.08491761723700887 0.08851224105461393
3 0.40304182509505704 0.6534839924670434 0.10646387832699619 0.2335216572504708
3 0.5196451204055766 0.7975517890772128 0.10012674271229405 0.15630885122410546
3 0.5785804816223067 0.7467043314500942 0.10392902408111533 0.10357815442561205
3 0.785171102661597 0.5499058380414312 0.062103929024081114 0.060263653483992465
3 0.7325728770595691 0.6139359698681732 0.07858048162230671 0.1393596986817326
3 0.5716096324461344 0.6732580037664784 0.046894803548795945 0.07909604519774012
3 0.6444866920152091 0.6977401129943502 0.04055766793409379 0.05649717514124294
11 0.8130544993662865 0.672316384180791 0.043092522179974654 0.06779661016949153
11 0.6197718631178707 0.5480225988700564 0.031685678073510776 0.04896421845574388
11 0.7579214195183777 0.7523540489642184 0.060836501901140684 0.07156308851224105
11 0.6749049429657795 0.6026365348399246 0.030418250950570342 0.047080979284369114
11 0.7262357414448669 0.8691148775894538 0.044359949302915085 0.064030131826742
11 0.8073510773130546 0.8192090395480226 0.030418250950570342 0.04519774011299435
3 0.6318124207858048 0.9105461393596986 0.09632446134347275 0.11864406779661017
3 0.8377693282636248 0.6412429378531074 0.10646387832699619 0.10734463276836158
3 0.5874524714828897 0.53954802259887 0.09252217997465145 0.03954802259887006
3 0.37389100126742714 0.9209039548022598 0.046894803548795945 0.0583804143126177
11 0.5652724968314322 0.5781544256120528 0.062103929024081114 0.07909604519774012
11 0.688212927756654 0.963276836158192 0.051964512040557666 0.07344632768361582
11 0.664765525982256 0.7617702448210922 0.04055766793409379 0.0583804143126177
11 0.6134347275031685 0.5772128060263654 0.04055766793409379 0.05649717514124294
11 0.7686945500633714 0.6092278719397364 0.053231939163498096 0.07532956685499058