6 0.2169230769230769 0.08663366336633663 0.2953846153846154 0.17326732673267325
6 0.27153846153846156 0.4034653465346535 0.11846153846153847 0.07095709570957096
6 0.10846153846153846 0.3316831683168317 0.2169230769230769 0.18151815181518152
6 0.11923076923076924 0.4051155115511551 0.23846153846153847 0.06765676567656766
7 0.6730769230769231 0.06518151815181518 0.10307692307692308 0.12376237623762376
7 0.8715384615384615 0.03712871287128713 0.08461538461538462 0.07425742574257425
7 0.7692307692307693 0.0231023102310231 0.07384615384615385 0.0462046204620462
8 0.5392307692307692 0.15676567656765678 0.06 0.07590759075907591
8 0.5492307692307692 0.040429042904290426 0.08 0.08085808580858085
8 0.6246153846153846 0.034653465346534656 0.07692307692307693 0.06930693069306931
8 0.5915384615384616 0.11798679867986799 0.1076923076923077 0.11716171617161716
8 0.31846153846153846 0.466996699669967 0.11692307692307692 0.056105610561056105
9 0.1 0.8127062706270627 0.08461538461538462 0.11221122112211221
9 0.19076923076923077 0.7854785478547854 0.09692307692307692 0.09900990099009901
9 0.17615384615384616 0.8696369636963697 0.1 0.09075907590759076
0 0.40307692307692305 0.858085808580858 0.09076923076923077 0.0858085808580858
0 0.14923076923076922 0.5404290429042904 0.08 0.07755775577557755
0 0.33153846153846156 0.7202970297029703 0.0876923076923077 0.07755775577557755
0 0.3376923076923077 0.551980198019802 0.09384615384615384 0.09735973597359736
0 0.16923076923076924 0.6146864686468647 0.08307692307692308 0.07425742574257425
0 0.16230769230769232 0.45544554455445546 0.1 0.033003300330033
7 0.7515384615384615 0.6592409240924092 0.11076923076923077 0.0924092409240924
7 0.9484615384615385 0.6955445544554455 0.07538461538461538 0.08085808580858085
7 0.5323076923076923 0.8061056105610561 0.046153846153846156 0.09735973597359736
7 0.5930769230769231 0.4900990099009901 0.10923076923076923 0.10231023102310231
7 0.8215384615384616 0.9331683168316832 0.12153846153846154 0.1188118811881188
9 0.5761538461538461 0.5627062706270627 0.09692307692307692 0.11056105610561057