6 0.2046070460704607 0.07785714285714286 0.03884372177055104 0.055714285714285716
3 0.24751580849141824 0.17857142857142858 0.027551942186088526 0.06571428571428571
3 0.31842818428184283 0.22785714285714287 0.023486901535682024 0.04428571428571428
3 0.3017163504968383 0.8778571428571429 0.11743450767841011 0.15
3 0.16621499548328816 0.795 0.0957542908762421 0.10428571428571429
3 0.4146341463414634 0.9621428571428572 0.11382113821138211 0.07571428571428572
3 0.5849141824751581 0.8857142857142857 0.08310749774164408 0.10428571428571429
11 0.7244805781391147 0.9921428571428571 0.032520325203252036 0.015714285714285715
11 0.6761517615176151 0.8364285714285714 0.04065040650406504 0.07857142857142857
11 0.9317976513098465 0.97 0.028003613369467027 0.06
11 0.8405600722673894 0.97 0.031616982836495035 0.06
11 0.8486901535682023 0.7021428571428572 0.04245709123757904 0.10285714285714286
11 0.7565492321589883 0.6614285714285715 0.031616982836495035 0.07571428571428572
11 0.975609756097561 0.9914285714285714 0.02168021680216802 0.017142857142857144
11 0.9317976513098465 0.8635714285714285 0.022583559168925023 0.054285714285714284
11 0.7854561878952123 0.9842857142857143 0.03342366757000903 0.03142857142857143
11 0.7267389340560072 0.8757142857142857 0.037037037037037035 0.06571428571428571