3 0.09375 0.40125 0.09041666666666667 0.11333333333333333
3 0.345 0.37666666666666665 0.10708333333333334 0.10458333333333333
11 0.79 0.28958333333333336 0.021666666666666667 0.041666666666666664
11 0.62375 0.40541666666666665 0.03625 0.03875
11 0.6445833333333333 0.16958333333333334 0.03166666666666667 0.03875
5 0.7304166666666667 0.16166666666666665 0.04375 0.04666666666666667
5 0.9291666666666667 0.39375 0.04041666666666666 0.06208333333333333
5 0.9033333333333333 0.3375 0.032916666666666664 0.0425
5 0.7291666666666666 0.3275 0.027083333333333334 0.057916666666666665
9 0.54125 0.25833333333333336 0.015833333333333335 0.03333333333333333
9 0.8454166666666667 0.4058333333333333 0.06583333333333333 0.09041666666666667
9 0.9125 0.04041666666666666 0.05125 0.060833333333333336
9 0.84375 0.01875 0.04625 0.0375
9 0.7841666666666667 0.04875 0.05458333333333333 0.051666666666666666
5 0.59125 0.060833333333333336 0.045 0.05458333333333333
5 0.6204166666666666 0.22166666666666668 0.04375 0.05458333333333333
5 0.5729166666666666 0.23833333333333334 0.06333333333333334 0.07625
5 0.64625 0.2945833333333333 0.041666666666666664 0.04875
5 0.6229166666666667 0.36541666666666667 0.050833333333333335 0.05875
5 0.7325 0.23541666666666666 0.059583333333333335 0.05583333333333333
9 0.7529166666666667 0.15708333333333332 0.023333333333333334 0.07291666666666667
9 0.73 0.06 0.03625 0.04375
9 0.7595833333333334 0.32208333333333333 0.04 0.06375
7 0.8170833333333334 0.21041666666666667 0.022083333333333333 0.030416666666666668
7 0.8066666666666666 0.18125 0.020416666666666666 0.03666666666666667
9 0.7816666666666666 0.16083333333333333 0.025833333333333333 0.0375
9 0.7825 0.11916666666666667 0.020416666666666666 0.03875
7 0.9458333333333333 0.19791666666666666 0.03166666666666667 0.041666666666666664
7 0.4895833333333333 0.4554166666666667 0.022916666666666665 0.04583333333333333
7 0.4920833333333333 0.2995833333333333 0.021666666666666667 0.03958333333333333
7 0.52625 0.32 0.0325 0.044583333333333336
7 0.5029166666666667 0.4970833333333333 0.024166666666666666 0.034583333333333334
9 0.5854166666666667 0.41041666666666665 0.03916666666666667 0.04958333333333333
9 0.8141666666666667 0.33625 0.050833333333333335 0.05583333333333333
9 0.8620833333333333 0.2995833333333333 0.04416666666666667 0.05291666666666667
9 0.5833333333333334 0.32375 0.04416666666666667 0.044583333333333336
9 0.6845833333333333 0.3408333333333333 0.03166666666666667 0.04666666666666667
9 0.7120833333333333 0.28 0.032916666666666664 0.056666666666666664
3 0.24958333333333332 0.895 0.18625 0.14166666666666666
3 0.22083333333333333 0.6920833333333334 0.2725 0.17833333333333334
6 0.53875 0.90875 0.10416666666666667 0.09416666666666666
6 0.8216666666666667 0.94875 0.1175 0.08333333333333333
6 0.47333333333333333 0.7704166666666666 0.06666666666666667 0.18416666666666667
6 0.65125 0.9233333333333333 0.07583333333333334 0.14166666666666666
6 0.9204166666666667 0.8216666666666667 0.10666666666666667 0.14166666666666666
6 0.8995833333333333 0.68625 0.20083333333333334 0.13416666666666666