10 0.3178368121442125 0.37326732673267327 0.2618595825426945 0.401980198019802
1 0.4905123339658444 0.46534653465346537 0.03795066413662239 0.11782178217821782
1 0.7314990512333965 0.5792079207920792 0.06261859582542695 0.06732673267326733
1 0.6793168880455408 0.28217821782178215 0.07020872865275142 0.07326732673267326
9 0.7618595825426945 0.1198019801980198 0.0967741935483871 0.09702970297029703
7 0.7969639468690702 0.6158415841584158 0.06072106261859583 0.027722772277227723
7 0.784629981024668 0.5198019801980198 0.07210626185958255 0.07128712871287128
0 0.9459203036053131 0.04950495049504951 0.07020872865275142 0.09702970297029703
0 0.7647058823529411 0.03861386138613861 0.08349146110056926 0.07722772277227723
11 0.33111954459203036 0.7960396039603961 0.08064516129032258 0.053465346534653464
11 0.357685009487666 0.8772277227722772 0.0777988614800759 0.062376237623762376
11 0.2874762808349146 0.9524752475247524 0.18975332068311196 0.09405940594059406
11 0.12333965844402277 0.9356435643564357 0.13377609108159394 0.08514851485148515
11 0.058823529411764705 0.8376237623762376 0.10910815939278938 0.08316831683168317
11 0.23529411764705882 0.6554455445544555 0.1461100569259962 0.05148514851485148
7 0.20398481973434535 0.7792079207920792 0.10246679316888045 0.07623762376237624
11 0.9848197343453511 0.7970297029702971 0.030360531309297913 0.08118811881188119
11 0.9724857685009488 0.8653465346534653 0.05502846299810247 0.06732673267326733
11 0.8738140417457305 0.8633663366336634 0.11764705882352941 0.10297029702970296
11 0.6612903225806451 0.6772277227722773 0.11195445920303605 0.09504950495049505