10 0.25206611570247933 0.06578947368421052 0.24297520661157024 0.13157894736842105
10 0.2892561983471074 0.14802631578947367 0.11239669421487604 0.08223684210526316
10 0.1768595041322314 0.22203947368421054 0.15537190082644628 0.09539473684210527
6 0.1396694214876033 0.28618421052631576 0.0743801652892562 0.0625
6 0.05371900826446281 0.18092105263157895 0.05950413223140496 0.07236842105263158
7 0.09421487603305785 0.8758223684210527 0.11239669421487604 0.09703947368421052
7 0.1578512396694215 0.9144736842105263 0.10082644628099173 0.09703947368421052
7 0.771900826446281 0.4777960526315789 0.08264462809917356 0.018092105263157895
1 0.868595041322314 0.47944078947368424 0.02809917355371901 0.02138157894736842
1 0.5338842975206611 0.805921052631579 0.0628099173553719 0.07730263157894737
11 0.8380165289256198 0.49835526315789475 0.05289256198347107 0.05921052631578947
7 0.9347107438016529 0.515625 0.03471074380165289 0.04111842105263158