10 0.3046875 0.046610169491525424 0.0671875 0.09322033898305085
6 0.27734375 0.13898305084745763 0.02890625 0.061016949152542375
7 0.78984375 0.07033898305084746 0.057421875 0.04067796610169491
7 0.69609375 0.09491525423728814 0.083203125 0.04406779661016949
7 0.655078125 0.05677966101694915 0.06328125 0.036440677966101696
7 0.6875 0.13559322033898305 0.058984375 0.03389830508474576
7 0.691796875 0.16779661016949152 0.067578125 0.03983050847457627
11 0.37109375 0.8728813559322034 0.048828125 0.08220338983050847
11 0.33515625 0.9516949152542373 0.053515625 0.05593220338983051
11 0.303515625 0.9779661016949153 0.06171875 0.043220338983050846
11 0.208203125 0.964406779661017 0.07265625 0.0711864406779661
11 0.283984375 0.7771186440677966 0.0375 0.08728813559322034
4 0.907421875 0.5440677966101695 0.092578125 0.07033898305084746
4 0.87578125 0.7067796610169491 0.052734375 0.061016949152542375
4 0.826171875 0.8288135593220339 0.07578125 0.06694915254237288
4 0.705078125 0.5847457627118644 0.06953125 0.06864406779661017
4 0.591015625 0.6872881355932203 0.05703125 0.05593220338983051
4 0.641796875 0.7279661016949153 0.06328125 0.061016949152542375
4 0.641796875 0.6567796610169492 0.073828125 0.051694915254237285