6 0.02877697841726619 0.2751937984496124 0.05755395683453238 0.12015503875968993
6 0.3539568345323741 0.5484496124031008 0.2733812949640288 0.20155038759689922
6 0.07194244604316546 0.08042635658914729 0.10215827338129496 0.13178294573643412
6 0.14316546762589927 0.23837209302325582 0.1093525179856115 0.1375968992248062
6 0.33237410071942447 0.22093023255813954 0.23597122302158274 0.20348837209302326
6 0.2669064748201439 0.09689922480620156 0.27482014388489207 0.1937984496124031
7 0.9273381294964029 0.26841085271317827 0.10071942446043165 0.10271317829457365
11 0.9007194244604316 0.11724806201550388 0.060431654676258995 0.1182170542635659
11 0.8172661870503597 0.311046511627907 0.041726618705035974 0.050387596899224806
11 0.758273381294964 0.29748062015503873 0.04316546762589928 0.05813953488372093
9 0.437410071942446 0.7441860465116279 0.08345323741007195 0.11434108527131782
8 0.258273381294964 0.8866279069767442 0.05755395683453238 0.08139534883720931
8 0.3129496402877698 0.8071705426356589 0.06618705035971223 0.09302325581395349
7 0.046762589928057555 0.7325581395348837 0.08920863309352518 0.0872093023255814
7 0.39568345323741005 0.9854651162790697 0.09496402877697842 0.029069767441860465
7 0.7201438848920864 0.9176356589147286 0.08345323741007195 0.12403100775193798
0 0.8424460431654677 0.876937984496124 0.10647482014388489 0.19767441860465115