10 0.294189453125 0.414306640625 0.11083984375 0.03076171875
7 0.81591796875 0.26416015625 0.08349609375 0.08203125
9 0.53369140625 0.519775390625 0.0625 0.0576171875
11 0.266845703125 0.941650390625 0.0673828125 0.07373046875
11 0.357421875 0.88916015625 0.05908203125 0.0615234375
11 0.30615234375 0.82177734375 0.046875 0.064453125
7 0.454345703125 0.589111328125 0.1005859375 0.10986328125
7 0.694580078125 0.80419921875 0.07666015625 0.115234375
7 0.72900390625 0.915283203125 0.021484375 0.07861328125
7 0.395263671875 0.72216796875 0.08251953125 0.08544921875
7 0.53125 0.966796875 0.0927734375 0.06640625
7 0.28955078125 0.7353515625 0.0732421875 0.07470703125
7 0.23681640625 0.802001953125 0.0849609375 0.091796875
7 0.289306640625 0.980224609375 0.05517578125 0.03955078125
7 0.418701171875 0.854248046875 0.05517578125 0.05615234375
7 0.517333984375 0.81591796875 0.0673828125 0.0673828125
6 0.927978515625 0.5751953125 0.14404296875 0.291015625
6 0.871337890625 0.783203125 0.09375 0.115234375
6 0.9736328125 0.832763671875 0.052734375 0.16455078125
6 0.783935546875 0.914306640625 0.07275390625 0.0751953125