10 0.154375 0.21666666666666667 0.30875 0.43333333333333335
10 0.3525 0.3282608695652174 0.395 0.26231884057971017
2 0.799375 0.06159420289855073 0.07 0.07536231884057971
9 0.74875 0.23115942028985506 0.06 0.057971014492753624
9 0.91125 0.18985507246376812 0.0725 0.06956521739130435
9 0.921875 0.01956521739130435 0.09375 0.0391304347826087
9 0.711875 0.014492753623188406 0.10125 0.028985507246376812
9 0.880625 0.30289855072463767 0.11125 0.12608695652173912
9 0.6575 0.034057971014492754 0.055 0.05217391304347826
8 0.82875 0.16884057971014493 0.0675 0.06231884057971015
11 0.65125 0.41231884057971013 0.02875 0.059420289855072465
11 0.639375 0.35434782608695653 0.0325 0.0463768115942029
11 0.766875 0.3710144927536232 0.06875 0.04927536231884058
11 0.584375 0.2427536231884058 0.035 0.04492753623188406
7 0.598125 0.11231884057971014 0.05875 0.06376811594202898
7 0.6975 0.20507246376811594 0.0775 0.1
11 0.24 0.722463768115942 0.04875 0.08405797101449275
11 0.398125 0.8601449275362318 0.06125 0.059420289855072465
11 0.44375 0.7557971014492754 0.0575 0.0463768115942029
11 0.168125 0.9181159420289855 0.045 0.06231884057971015
11 0.34875 0.6144927536231884 0.04125 0.0463768115942029
11 0.246875 0.553623188405797 0.045 0.05507246376811594
11 0.3075 0.5833333333333334 0.03875 0.05507246376811594
11 0.15875 0.7159420289855073 0.04375 0.0536231884057971
11 0.3525 0.936231884057971 0.05 0.06521739130434782
11 0.3075 0.9840579710144928 0.0475 0.03188405797101449
11 0.280625 0.7217391304347827 0.04 0.0463768115942029
7 0.764375 0.696376811594203 0.0525 0.07536231884057971
9 0.7725 0.6072463768115942 0.07 0.1289855072463768
9 0.885625 0.7159420289855073 0.0475 0.09710144927536232
9 0.974375 0.5992753623188406 0.05125 0.1
8 0.85875 0.4826086956521739 0.0675 0.0463768115942029