10 0.24964028776978417 0.15572390572390574 0.24244604316546764 0.1978114478114478
1 0.0776978417266187 0.13468013468013468 0.03093525179856115 0.0664983164983165
2 0.8071942446043165 0.058922558922558925 0.06906474820143885 0.08249158249158249
7 0.5748201438848921 0.19107744107744107 0.030215827338129497 0.08249158249158249
7 0.6194244604316547 0.02441077441077441 0.07050359712230216 0.04882154882154882
8 0.5992805755395684 0.3409090909090909 0.05611510791366906 0.05555555555555555
9 0.7784172661870503 0.16498316498316498 0.07338129496402877 0.0723905723905724
8 0.22877697841726619 0.9823232323232324 0.04892086330935252 0.03535353535353535
8 0.4 0.6077441077441077 0.0618705035971223 0.10437710437710437
8 0.27266187050359714 0.5496632996632996 0.04748201438848921 0.08080808080808081
9 0.14172661870503597 0.5883838383838383 0.11223021582733812 0.12289562289562289
11 0.32805755395683456 0.7045454545454546 0.0618705035971223 0.06734006734006734
7 0.7798561151079136 0.49663299663299665 0.020863309352517987 0.09343434343434344
7 0.8525179856115108 0.6043771043771043 0.041726618705035974 0.08417508417508418
7 0.6618705035971223 0.7432659932659933 0.017266187050359712 0.10185185185185185
7 0.6338129496402878 0.734006734006734 0.033093525179856115 0.11531986531986532
11 0.858273381294964 0.45875420875420875 0.02302158273381295 0.10606060606060606
11 0.902158273381295 0.6279461279461279 0.017266187050359712 0.04377104377104377
11 0.9273381294964029 0.6052188552188552 0.017985611510791366 0.05134680134680135
11 0.7014388489208633 0.8602693602693603 0.03237410071942446 0.06734006734006734
11 0.7079136690647482 0.9267676767676768 0.01870503597122302 0.04208754208754209
11 0.6848920863309352 0.8939393939393939 0.015107913669064749 0.045454545454545456
11 0.7237410071942446 0.5959595959595959 0.017985611510791366 0.0361952861952862
11 0.6863309352517986 0.6641414141414141 0.01223021582733813 0.05134680134680135
1 0.7561151079136691 0.9141414141414141 0.017985611510791366 0.07323232323232323
9 0.8071942446043165 0.9528619528619529 0.050359712230215826 0.09090909090909091
9 0.8115107913669065 0.8518518518518519 0.045323741007194246 0.09343434343434344