10 0.292578125 0.26610169491525426 0.10546875 0.14576271186440679
7 0.786328125 0.17796610169491525 0.082421875 0.0635593220338983
11 0.241796875 0.688135593220339 0.04609375 0.07627118644067797
11 0.149609375 0.8389830508474576 0.05078125 0.06016949152542373
11 0.101171875 0.7635593220338983 0.04609375 0.04915254237288136
11 0.3234375 0.8313559322033899 0.03984375 0.05847457627118644
11 0.147265625 0.6245762711864407 0.033984375 0.04576271186440678
11 0.2109375 0.5508474576271186 0.038671875 0.05423728813559322
11 0.172265625 0.5898305084745763 0.033984375 0.051694915254237285
11 0.299609375 0.6635593220338983 0.037890625 0.051694915254237285
11 0.194140625 0.8898305084745762 0.044140625 0.06271186440677966
11 0.235546875 0.926271186440678 0.03984375 0.05
11 0.212890625 0.6974576271186441 0.033203125 0.04406779661016949
11 0.28515625 0.3771186440677966 0.033984375 0.04745762711864407
11 0.962890625 0.8703389830508474 0.034375 0.07796610169491526
11 0.974609375 0.6440677966101694 0.04453125 0.10847457627118644
11 0.784375 0.9364406779661016 0.03203125 0.08305084745762711
11 0.659765625 0.9457627118644067 0.07109375 0.10847457627118644
11 0.861328125 0.8983050847457628 0.0375 0.10508474576271186
11 0.810546875 0.5864406779661017 0.05 0.13389830508474576
11 0.880078125 0.48983050847457626 0.03671875 0.09830508474576272
11 0.755078125 0.985593220338983 0.02734375 0.0288135593220339
11 0.767578125 0.8152542372881356 0.0265625 0.0711864406779661
11 0.92890625 0.9228813559322034 0.03359375 0.09152542372881356
11 0.908984375 0.8796610169491526 0.03359375 0.06610169491525424
11 0.939453125 0.7169491525423729 0.0390625 0.09152542372881356