6 0.31287246722288437 0.45055821371610844 0.05363528009535161 0.05422647527910686
3 0.24135876042908225 0.36762360446570974 0.03814064362336114 0.06379585326953748
3 0.1394517282479142 0.34210526315789475 0.03218116805721097 0.0430622009569378
7 0.8420738974970202 0.32137161084529503 0.07032181168057211 0.13237639553429026
7 0.9505363528009535 0.3524720893141946 0.05601907032181168 0.0733652312599681
7 0.9362336114421931 0.45614035087719296 0.06555423122765197 0.06698564593301436
7 0.8754469606674613 0.39473684210526316 0.060786650774731825 0.0685805422647528
11 0.8599523241954709 0.0733652312599681 0.07032181168057211 0.08133971291866028
7 0.466030989272944 0.1076555023923445 0.033373063170441 0.05582137161084529
7 0.5053635280095352 0.051834130781499205 0.04767580452920143 0.06060606060606061
7 0.5297973778307509 0.007974481658692184 0.04648390941597139 0.01594896331738437
7 0.5637663885578069 0.09888357256778309 0.05601907032181168 0.06698564593301436
7 0.8945172824791419 0.17543859649122806 0.066746126340882 0.07655502392344497
7 0.8933253873659118 0.012759170653907496 0.03218116805721097 0.025518341307814992
7 0.9731823599523242 0.09090909090909091 0.03933253873659118 0.05263157894736842
8 0.398688915375447 0.8548644338118022 0.07508939213349225 0.11802232854864433
8 0.1471990464839094 0.8732057416267942 0.07508939213349225 0.10207336523125997
4 0.5882002383790227 0.5462519936204147 0.08939213349225268 0.11323763955342903
4 0.9761620977353993 0.5558213716108453 0.04767580452920143 0.13237639553429026