10 0.21388888888888888 0.26666666666666666 0.20333333333333334 0.35388888888888886
2 0.5772222222222222 0.32944444444444443 0.26222222222222225 0.2733333333333333
2 0.8316666666666667 0.1438888888888889 0.17 0.16111111111111112
7 0.44055555555555553 0.4111111111111111 0.04111111111111111 0.08444444444444445
9 0.7338888888888889 0.4083333333333333 0.1411111111111111 0.2088888888888889
8 0.10388888888888889 0.8183333333333334 0.034444444444444444 0.03888888888888889
1 0.058333333333333334 0.8977777777777778 0.05444444444444444 0.05333333333333334
7 0.4072222222222222 0.8677777777777778 0.025555555555555557 0.057777777777777775
7 0.9216666666666666 0.7655555555555555 0.051111111111111114 0.051111111111111114
7 0.7577777777777778 0.8833333333333333 0.10111111111111111 0.1
2 0.5783333333333334 0.7094444444444444 0.10555555555555556 0.07888888888888888
9 0.7894444444444444 0.7355555555555555 0.08888888888888889 0.08444444444444445
9 0.8377777777777777 0.8138888888888889 0.06 0.057777777777777775
9 0.705 0.6927777777777778 0.05444444444444444 0.04555555555555556
11 0.6594444444444445 0.8411111111111111 0.06222222222222222 0.051111111111111114
11 0.6794444444444444 0.7916666666666666 0.024444444444444446 0.03111111111111111
11 0.6033333333333334 0.7888888888888889 0.044444444444444446 0.043333333333333335
11 0.6705555555555556 0.9433333333333334 0.035555555555555556 0.04111111111111111