6 0.4135714285714286 0.290625 0.04857142857142857 0.086875
6 0.4514285714285714 0.263125 0.0325 0.070625
6 0.4010714285714286 0.380625 0.05607142857142857 0.094375
6 0.4471428571428571 0.403125 0.024285714285714285 0.050625
6 0.4767857142857143 0.4075 0.022857142857142857 0.063125
6 0.2960714285714286 0.63625 0.05892857142857143 0.106875
6 0.2689285714285714 0.484375 0.07714285714285714 0.14625
6 0.37392857142857144 0.52875 0.06142857142857143 0.13375
6 0.3625 0.6275 0.052142857142857144 0.080625
6 0.3314285714285714 0.4 0.024285714285714285 0.056875
6 0.31142857142857144 0.55625 0.02642857142857143 0.055
6 0.7007142857142857 0.139375 0.07857142857142857 0.14
6 0.6867857142857143 0.605625 0.09714285714285714 0.13875
1 0.6010714285714286 0.645625 0.02214285714285714 0.08875
1 0.4517857142857143 0.81 0.10607142857142857 0.063125
1 0.31357142857142856 0.7975 0.05071428571428571 0.03375
1 0.11178571428571428 0.82375 0.15892857142857142 0.08375
1 0.10035714285714285 0.895 0.07607142857142857 0.075625
1 0.26285714285714284 0.873125 0.08071428571428571 0.055
1 0.3192857142857143 0.97125 0.05285714285714286 0.05625
1 0.4425 0.958125 0.15892857142857142 0.064375
0 0.4425 0.725 0.17964285714285713 0.069375
8 0.7664285714285715 0.855 0.039285714285714285 0.0475
8 0.9121428571428571 0.836875 0.027142857142857142 0.0425
8 0.6721428571428572 0.811875 0.027142857142857142 0.03
8 0.6825 0.835 0.027142857142857142 0.028125
8 0.9217857142857143 0.784375 0.026071428571428572 0.040625
9 0.8753571428571428 0.9575 0.04428571428571428 0.05875
9 0.9621428571428572 0.804375 0.053214285714285714 0.084375
9 0.8425 0.81125 0.04107142857142857 0.065625
0 0.8439285714285715 0.924375 0.039285714285714285 0.048125
0 0.7953571428571429 0.835 0.036071428571428574 0.044375
0 0.6160714285714286 0.783125 0.05 0.05125
0 0.7582142857142857 0.93375 0.039285714285714285 0.03625
0 0.6703571428571429 0.73625 0.029642857142857144 0.04375
0 0.8339285714285715 0.730625 0.02214285714285714 0.0325
0 0.8871428571428571 0.84875 0.027142857142857142 0.041875