10 0.09440993788819876 0.06058158319870759 0.18633540372670807 0.12116316639741519
10 0.011801242236024845 0.16962843295638125 0.02360248447204969 0.0840064620355412
10 0.0782608695652174 0.19063004846526657 0.05093167701863354 0.07592891760904685
10 0.09503105590062112 0.13004846526655897 0.055900621118012424 0.06462035541195477
10 0.1577639751552795 0.16397415185783523 0.12173913043478261 0.1421647819063005
8 0.6043478260869565 0.24717285945072698 0.055900621118012424 0.0791599353796446
8 0.639751552795031 0.3222940226171244 0.05962732919254658 0.09369951534733441
8 0.6341614906832298 0.1147011308562197 0.058385093167701865 0.08723747980613894
7 0.7136645962732919 0.22213247172859452 0.06335403726708075 0.1050080775444265
11 0.5204968944099378 0.07996768982229402 0.0782608695652174 0.07754442649434572
9 0.7975155279503106 0.03231017770597738 0.06956521739130435 0.06462035541195477
0 0.8372670807453416 0.265751211631664 0.07701863354037267 0.09046849757673667
0 0.7223602484472049 0.11712439418416801 0.12173913043478261 0.12439418416801293
11 0.02608695652173913 0.9119547657512116 0.05217391304347826 0.08562197092084006
11 0.12422360248447205 0.9555735056542811 0.03850931677018633 0.061389337641357025
11 0.15838509316770186 0.931340872374798 0.037267080745341616 0.0630048465266559
11 0.2577639751552795 0.9725363489499192 0.05341614906832298 0.05492730210016155
11 0.6304347826086957 0.77140549273021 0.10124223602484472 0.1122778675282714
11 0.8478260869565217 0.8804523424878837 0.08944099378881988 0.0791599353796446
11 0.5273291925465838 0.9515347334410339 0.11614906832298137 0.09693053311793215
11 0.6211180124223602 0.8820678513731826 0.08074534161490683 0.06946688206785137
11 0.9167701863354037 0.752827140549273 0.07453416149068323 0.0815831987075929
11 0.7869565217391304 0.7302100161550888 0.11055900621118013 0.1122778675282714
1 0.4496894409937888 0.8893376413570274 0.06273291925465839 0.06946688206785137
1 0.7527950310559006 0.9345718901453958 0.08074534161490683 0.10339256865912763