11 0.04921875 0.24941383352872215 0.0984375 0.07561547479484174
3 0.0578125 0.5697538100820633 0.115625 0.11371629542790153
7 0.497265625 0.3364595545134818 0.101953125 0.0723915592028136
7 0.629296875 0.03399765533411489 0.09140625 0.06770222743259086
7 0.1828125 0.7286049237983587 0.045703125 0.035169988276670575
7 0.176171875 0.8836459554513482 0.02421875 0.02579132473622509
7 0.121484375 0.9065064478311841 0.025 0.029015240328253224
7 0.104296875 0.9287807737397421 0.016015625 0.031066822977725676
9 0.1515625 0.8795427901524033 0.029296875 0.029015240328253224
8 0.230078125 0.8930246189917936 0.02265625 0.031066822977725676
7 0.258984375 0.7098475967174678 0.028125 0.021101992966002344
7 0.16640625 0.671746776084408 0.057421875 0.0246189917936694
9 0.650390625 0.9062133645955451 0.099609375 0.06477139507620164
9 0.713671875 0.854337631887456 0.11640625 0.0615474794841735
9 0.632421875 0.7288980070339977 0.13125 0.07678780773739742
9 0.466015625 0.7142438452520515 0.088671875 0.06359906213364595
9 0.812890625 0.8818874560375146 0.123828125 0.06535756154747949
11 0.74375 0.9287807737397421 0.053515625 0.025205158264947247
11 0.79375 0.9747948417350527 0.05234375 0.02813599062133646
9 0.58359375 0.7913247362250879 0.088671875 0.046014067995310666