10 0.2808641975308642 0.31666666666666665 0.22376543209876543 0.11363636363636363
10 0.8094135802469136 0.030303030303030304 0.22993827160493827 0.06060606060606061
10 0.933641975308642 0.1053030303030303 0.05864197530864197 0.07727272727272727
10 0.8364197530864198 0.1303030303030303 0.06018518518518518 0.06818181818181818
10 0.8125 0.075 0.06635802469135803 0.05757575757575758
10 0.7361111111111112 0.11060606060606061 0.14660493827160495 0.12727272727272726
6 0.30478395061728397 0.7431818181818182 0.06635802469135803 0.06666666666666667
6 0.3942901234567901 0.831060606060606 0.07407407407407407 0.06363636363636363
6 0.36651234567901236 0.7681818181818182 0.06172839506172839 0.05909090909090909
6 0.2013888888888889 0.7136363636363636 0.08024691358024691 0.05909090909090909
6 0.13503086419753085 0.7825757575757576 0.06172839506172839 0.06363636363636363
6 0.4112654320987654 0.6666666666666666 0.05246913580246913 0.048484848484848485
6 0.4583333333333333 0.8787878787878788 0.08796296296296297 0.06818181818181818
6 0.15123456790123457 0.75 0.06018518518518518 0.045454545454545456
6 0.019290123456790122 0.7856060606060606 0.038580246913580245 0.06212121212121212
6 0.023148148148148147 0.8356060606060606 0.046296296296296294 0.06818181818181818
6 0.13348765432098766 0.8613636363636363 0.13580246913580246 0.09242424242424242
6 0.21219135802469136 0.7840909090909091 0.1095679012345679 0.07878787878787878
6 0.25462962962962965 0.7166666666666667 0.08333333333333333 0.06363636363636363
6 0.3726851851851852 0.9553030303030303 0.05092592592592592 0.045454545454545456
7 0.7885802469135802 0.4803030303030303 0.1404320987654321 0.12878787878787878
11 0.8634259259259259 0.47045454545454546 0.040123456790123455 0.05909090909090909
11 0.9189814814814815 0.48484848484848486 0.044753086419753084 0.05
11 0.9722222222222222 0.5257575757575758 0.05555555555555555 0.08787878787878788
0 0.8117283950617284 0.8022727272727272 0.2021604938271605 0.23787878787878788
0 0.966820987654321 0.6537878787878788 0.06635802469135803 0.14696969696969697