10 0.31166666666666665 0.28289473684210525 0.29 0.26052631578947366
1 0.9266666666666666 0.09342105263157895 0.06166666666666667 0.09210526315789473
1 0.9383333333333334 0.19736842105263158 0.05333333333333334 0.08157894736842106
1 0.6225 0.5105263157894737 0.051666666666666666 0.05789473684210526
0 0.86 0.1986842105263158 0.04666666666666667 0.14210526315789473
0 0.9183333333333333 0.31842105263157894 0.056666666666666664 0.13157894736842105
0 0.96 0.4355263157894737 0.08 0.17105263157894737
0 0.9858333333333333 0.29342105263157897 0.028333333333333332 0.14473684210526316
0 0.8075 0.4934210526315789 0.08166666666666667 0.09210526315789473
0 0.845 0.37105263157894736 0.075 0.12368421052631579
0 0.6633333333333333 0.36578947368421055 0.06166666666666667 0.10789473684210527
0 0.6925 0.2118421052631579 0.055 0.09473684210526316
9 0.49083333333333334 0.9328947368421052 0.07166666666666667 0.13421052631578947
9 0.5725 0.9644736842105263 0.035 0.07105263157894737
9 0.40166666666666667 0.9407894736842105 0.09 0.11842105263157894
1 0.07583333333333334 0.8802631578947369 0.07 0.14210526315789473
1 0.19083333333333333 0.6039473684210527 0.058333333333333334 0.11578947368421053
1 0.275 0.6302631578947369 0.06833333333333333 0.12631578947368421
8 0.5141666666666667 0.7223684210526315 0.058333333333333334 0.0868421052631579
7 0.4116666666666667 0.6434210526315789 0.056666666666666664 0.08421052631578947
0 0.5575 0.8671052631578947 0.065 0.11842105263157894
8 0.8375 0.7934210526315789 0.03916666666666667 0.075