11 0.4583333333333333 0.15257352941176472 0.11496913580246913 0.08823529411764706
11 0.7260802469135802 0.0625 0.11496913580246913 0.08088235294117647
11 0.8317901234567902 0.2849264705882353 0.08950617283950617 0.07261029411764706
11 0.8719135802469136 0.21691176470588236 0.11496913580246913 0.07077205882352941
11 0.9066358024691358 0.34558823529411764 0.0779320987654321 0.08639705882352941
9 0.6149691358024691 0.23897058823529413 0.09259259259259259 0.10202205882352941
7 0.14969135802469136 0.8042279411764706 0.06018518518518518 0.08823529411764706
7 0.09259259259259259 0.8373161764705882 0.07098765432098765 0.09191176470588236
7 0.2777777777777778 0.7472426470588235 0.06172839506172839 0.08272058823529412
8 0.21450617283950618 0.7159926470588235 0.08024691358024691 0.10294117647058823
1 0.6844135802469136 0.7720588235294118 0.11496913580246913 0.15073529411764705
1 0.8094135802469136 0.6268382352941176 0.13503086419753085 0.16819852941176472
1 0.5354938271604939 0.7683823529411765 0.06790123456790123 0.08547794117647059
1 0.9251543209876543 0.5551470588235294 0.09799382716049383 0.15349264705882354
1 0.9861111111111112 0.5974264705882353 0.027777777777777776 0.1323529411764706
1 0.7947530864197531 0.8336397058823529 0.08256172839506173 0.11213235294117647