10 0.33053892215568864 0.40637720488466755 0.2275449101796407 0.12686567164179105
10 0.3526946107784431 0.3093622795115332 0.10479041916167664 0.06987788331071913
10 0.23053892215568864 0.25508819538670285 0.14550898203592813 0.0780189959294437
6 0.18502994011976048 0.19810040705563092 0.0688622754491018 0.05563093622795115
6 0.11676646706586827 0.31343283582089554 0.052095808383233536 0.06648575305291723
3 0.98562874251497 0.15264586160108548 0.02874251497005988 0.052917232021709636
3 0.8892215568862275 0.1865671641791045 0.029940119760479042 0.033921302578018994
7 0.40778443113772456 0.567842605156038 0.046706586826347304 0.031207598371777476
7 0.4287425149700599 0.5047489823609227 0.033532934131736525 0.037991858887381276
7 0.5005988023952096 0.9742198100407056 0.058682634730538925 0.04748982360922659
7 0.1 0.9681139755766621 0.05389221556886228 0.06377204884667571
7 0.19700598802395208 0.7700135685210312 0.041916167664670656 0.04206241519674356
7 0.411377245508982 0.7042062415196744 0.07065868263473053 0.1112618724559023
8 0.03952095808383234 0.6383989145183175 0.045508982035928146 0.04477611940298507
8 0.47305389221556887 0.6478968792401628 0.06107784431137724 0.05563093622795115
1 0.33053892215568864 0.5685210312075983 0.031137724550898204 0.031207598371777476
0 0.5395209580838324 0.8880597014925373 0.02035928143712575 0.11804613297150611
0 0.4467065868263473 0.9145183175033921 0.09101796407185629 0.06105834464043419
0 0.18742514970059881 0.6981004070556309 0.08502994011976048 0.10719131614654002
7 0.5856287425149701 0.94640434192673 0.059880239520958084 0.08955223880597014
7 0.6389221556886228 0.6668928086838535 0.1784431137724551 0.19402985074626866