8 0.9175824175824175 0.38530465949820786 0.06799450549450549 0.056451612903225805
11 0.5652472527472527 0.1693548387096774 0.05631868131868132 0.07526881720430108
6 0.5 0.5716845878136201 0.050824175824175824 0.07347670250896057
6 0.6277472527472527 0.5448028673835126 0.07967032967032966 0.07347670250896057
6 0.4958791208791209 0.4265232974910394 0.050824175824175824 0.07706093189964158
3 0.4581043956043956 0.08691756272401434 0.0782967032967033 0.08154121863799284
7 0.017857142857142856 0.7795698924731183 0.03571428571428571 0.035842293906810034
7 0.057692307692307696 0.9032258064516129 0.042582417582417584 0.08960573476702509
11 0.17857142857142858 0.7168458781362007 0.07005494505494506 0.06093189964157706
11 0.27541208791208793 0.6424731182795699 0.04807692307692308 0.06630824372759857
11 0.22321428571428573 0.9704301075268817 0.04807692307692308 0.05913978494623656
1 0.7788461538461539 0.7849462365591398 0.04945054945054945 0.042114695340501794
1 0.8276098901098901 0.6890681003584229 0.0673076923076923 0.042114695340501794
11 0.6634615384615384 0.6272401433691757 0.09821428571428571 0.035842293906810034
1 0.6366758241758241 0.8593189964157706 0.08035714285714286 0.04659498207885305
1 0.7747252747252747 0.8772401433691757 0.09546703296703296 0.06003584229390681
11 0.7190934065934066 0.7580645161290323 0.046703296703296704 0.05017921146953405
10 0.6311813186813187 0.9283154121863799 0.05425824175824176 0.07616487455197132