6 0.09412861136999068 0.20350241545893719 0.05591798695246971 0.06159420289855073
6 0.045200372786579686 0.21014492753623187 0.03727865796831314 0.050724637681159424
6 0.1211556383970177 0.14070048309178743 0.06523765144454799 0.06642512077294686
6 0.06896551724137931 0.1068840579710145 0.027958993476234855 0.036231884057971016
6 0.03401677539608574 0.09359903381642512 0.0260950605778192 0.04710144927536232
6 0.28191985088536814 0.012681159420289856 0.06803355079217148 0.025362318840579712
6 0.293569431500466 0.1105072463768116 0.08946877912395154 0.10386473429951691
6 0.17381174277726003 0.044082125603864736 0.06989748369058714 0.08816425120772947
6 0.20736253494874185 0.15096618357487923 0.02702702702702703 0.04106280193236715
6 0.25256290773532153 0.042270531400966184 0.03075489282385834 0.03985507246376811
7 0.6724137931034483 0.30676328502415456 0.06057781919850885 0.07125603864734299
7 0.7562907735321528 0.16183574879227053 0.06337371854613234 0.06884057971014493
7 0.8005591798695247 0.08152173913043478 0.04007455731593663 0.0893719806763285
7 0.7889095992544268 0.267512077294686 0.033550792171481825 0.0785024154589372
7 0.5661696178937559 0.17753623188405798 0.013979496738117428 0.07729468599033816
9 0.5945945945945946 0.2530193236714976 0.06523765144454799 0.16666666666666666
11 0.798695246971109 0.46859903381642515 0.04287045666356011 0.049516908212560384
11 0.84762348555452 0.5084541062801933 0.034482758620689655 0.051932367149758456
11 0.7558247903075489 0.7481884057971014 0.035414725069897485 0.0640096618357488
11 0.7106244175209693 0.4776570048309179 0.05032618825722274 0.06280193236714976
7 0.7576887232059646 0.6032608695652174 0.036346691519105315 0.059178743961352656
7 0.5838769804287046 0.6660628019323671 0.046598322460391424 0.07004830917874397
7 0.9095992544268406 0.623792270531401 0.046598322460391424 0.03985507246376811
7 0.869524697110904 0.7282608695652174 0.0260950605778192 0.030193236714975844
7 0.8928238583410997 0.5247584541062802 0.034482758620689655 0.04710144927536232