10 0.10256410256410256 0.109375 0.20512820512820512 0.21875
6 0.2865761689291101 0.39375 0.06485671191553545 0.09166666666666666
7 0.861236802413273 0.34375 0.06485671191553545 0.0875
7 0.8838612368024132 0.13854166666666667 0.043740573152337855 0.07291666666666667
7 0.7428355957767723 0.036458333333333336 0.05279034690799397 0.07291666666666667
7 0.8273001508295625 0.5822916666666667 0.06485671191553545 0.052083333333333336
2 0.8748114630467572 0.5572916666666666 0.05279034690799397 0.09583333333333334
1 0.770739064856712 0.5041666666666667 0.02865761689291101 0.041666666666666664
1 0.7828054298642534 0.45208333333333334 0.048265460030165915 0.05416666666666667
7 0.7782805429864253 0.32916666666666666 0.05429864253393665 0.07708333333333334
7 0.8137254901960784 0.5479166666666667 0.0889894419306184 0.08541666666666667
0 0.13273001508295626 0.8791666666666667 0.05429864253393665 0.09791666666666667
0 0.3453996983408748 0.8072916666666666 0.06787330316742081 0.10833333333333334
0 0.3861236802413273 0.934375 0.06033182503770739 0.11041666666666666
0 0.1455505279034691 0.9833333333333333 0.058823529411764705 0.03333333333333333
7 0.3951734539969834 0.7197916666666667 0.058823529411764705 0.09375
7 0.9879336349924586 0.7322916666666667 0.024132730015082957 0.14375