3 0.17857142857142858 0.07568238213399504 0.17109634551495018 0.1513647642679901
6 0.40448504983388706 0.5285359801488834 0.0681063122923588 0.05955334987593052
3 0.09053156146179402 0.2630272952853598 0.18106312292358803 0.2531017369727047
3 0.1378737541528239 0.15384615384615385 0.20930232558139536 0.22332506203473945
3 0.3795681063122924 0.3870967741935484 0.07641196013289037 0.09925558312655088
3 0.29817275747508304 0.228287841191067 0.15780730897009967 0.20595533498759305
3 0.21926910299003322 0.38957816377171217 0.15448504983388706 0.21588089330024815
3 0.020764119601328904 0.3052109181141439 0.04152823920265781 0.1935483870967742
3 0.06561461794019934 0.15508684863523572 0.13122923588039867 0.2704714640198511
7 0.7242524916943521 0.2841191066997519 0.0664451827242525 0.09181141439205956
7 0.6121262458471761 0.3610421836228288 0.04817275747508306 0.08684863523573201
7 0.48255813953488375 0.23945409429280398 0.05647840531561462 0.09925558312655088
7 0.5730897009966778 0.38957816377171217 0.07475083056478406 0.12158808933002481
11 0.7732558139534884 0.38461538461538464 0.08139534883720931 0.10421836228287841
11 0.9210963455149501 0.5359801488833746 0.04152823920265781 0.04466501240694789
11 0.8795681063122923 0.49007444168734493 0.06312292358803986 0.10421836228287841
11 0.8895348837209303 0.3163771712158809 0.044850498338870434 0.07692307692307693
11 0.5406976744186046 0.18362282878411912 0.0681063122923588 0.09925558312655088
3 0.10299003322259136 0.673697270471464 0.2059800664451827 0.23076923076923078
3 0.43106312292358806 0.7766749379652605 0.03488372093023256 0.12903225806451613
3 0.18106312292358803 0.9826302729528535 0.11295681063122924 0.034739454094292806
8 0.7101328903654485 0.913151364764268 0.054817275747508304 0.08933002481389578
8 0.696843853820598 0.8449131513647643 0.07142857142857142 0.12158808933002481
7 0.5290697674418605 0.7419354838709677 0.061461794019933555 0.10173697270471464
7 0.7259136212624585 0.6141439205955335 0.05813953488372093 0.10173697270471464
11 0.4958471760797342 0.674937965260546 0.06478405315614617 0.10173697270471464
11 0.4717607973421927 0.9578163771712159 0.046511627906976744 0.08436724565756824
11 0.6403654485049833 0.6290322580645161 0.05813953488372093 0.10421836228287841
7 0.6810631229235881 0.9689826302729528 0.06312292358803986 0.062034739454094295
11 0.4900332225913621 0.7667493796526055 0.0664451827242525 0.09181141439205956
7 0.6088039867109635 0.966501240694789 0.07142857142857142 0.06699751861042183