10 0.2846034214618974 0.29372937293729373 0.23483670295489892 0.4752475247524752
1 0.4393468118195957 0.18151815181518152 0.034992223950233284 0.13613861386138615
7 0.7916018662519441 0.5379537953795379 0.1321928460342146 0.14356435643564355
8 0.9696734059097978 0.6188118811881188 0.060653188180404355 0.10561056105610561
8 0.7853810264385692 0.40264026402640263 0.1181959564541213 0.12046204620462046
9 0.7208398133748056 0.041254125412541254 0.09797822706065319 0.08250825082508251
11 0.7231726283048211 0.6394389438943895 0.07465007776049767 0.09405940594059406
0 0.5342146189735615 0.0924092409240924 0.029548989113530325 0.0858085808580858
0 0.8786936236391913 0.21782178217821782 0.08087091757387248 0.07755775577557755
0 0.6329704510108864 0.16914191419141913 0.08864696734059098 0.07755775577557755
0 0.7115085536547434 0.31435643564356436 0.09486780715396578 0.09735973597359736
0 0.9564541213063764 0.6922442244224423 0.08709175738724728 0.07425742574257425
0 0.8250388802488335 0.16584158415841585 0.08398133748055987 0.07425742574257425
0 0.9261275272161742 0.32425742574257427 0.10108864696734059 0.09735973597359736
3 0.041990668740279936 0.9389438943894389 0.08398133748055987 0.10561056105610561
8 0.6967340590979783 0.7788778877887789 0.041990668740279936 0.0462046204620462
8 0.7737169517884914 0.91996699669967 0.05754276827371695 0.056105610561056105
8 0.5707620528771384 0.933993399339934 0.05754276827371695 0.066006600660066
8 0.6734059097978227 0.9694719471947195 0.049766718506998445 0.06105610561056106
11 0.5489891135303266 0.7912541254125413 0.03576982892690513 0.037953795379537955
11 0.6010886469673405 0.7376237623762376 0.041990668740279936 0.0165016501650165
7 0.6080870917573873 0.9504950495049505 0.05754276827371695 0.06105610561056106
2 0.7783825816485226 0.8564356435643564 0.09175738724727839 0.08745874587458746
2 0.5544323483670296 0.8671617161716172 0.06998444790046657 0.08745874587458746
9 0.9805598755832037 0.9496699669966997 0.038880248833592534 0.06765676567656766
9 0.6135303265940902 0.9513201320132013 0.05287713841368585 0.06105610561056106
9 0.755054432348367 0.735973597359736 0.06998444790046657 0.013201320132013201