3 0.20336134453781513 0.28599221789883267 0.18067226890756302 0.10311284046692606
6 0.6109243697478992 0.2140077821011673 0.05546218487394958 0.0651750972762646
3 0.22857142857142856 0.1575875486381323 0.2184873949579832 0.1303501945525292
3 0.22100840336134453 0.22762645914396887 0.2184873949579832 0.11575875486381323
3 0.5168067226890757 0.26556420233463035 0.07983193277310924 0.05155642023346303
3 0.37899159663865545 0.2821011673151751 0.16806722689075632 0.10603112840466926
3 0.3957983193277311 0.18385214007782102 0.16302521008403362 0.10992217898832685
3 0.1546218487394958 0.07976653696498054 0.18067226890756302 0.10019455252918288
3 0.1319327731092437 0.16828793774319067 0.23277310924369748 0.14007782101167315
0 0.7184873949579832 0.23443579766536965 0.0957983193277311 0.09533073929961089
0 0.8689075630252101 0.26264591439688717 0.1781512605042017 0.1614785992217899
9 0.17478991596638654 0.7645914396887159 0.10084033613445378 0.1245136186770428
7 0.23949579831932774 0.8998054474708171 0.07899159663865546 0.08949416342412451
7 0.7226890756302521 0.8365758754863813 0.11932773109243698 0.12840466926070038
7 0.9260504201680673 0.4464980544747082 0.06890756302521009 0.08560311284046693
9 0.9638655462184874 0.4892996108949416 0.07226890756302522 0.09922178988326848
8 0.8285714285714286 0.38229571984435795 0.07058823529411765 0.04474708171206226
7 0.6949579831932773 0.9747081712062257 0.11260504201680673 0.05058365758754864