10 0.21750212404418012 0.18331226295828065 0.059473237043330504 0.07585335018963338
10 0.21920135938827529 0.2838179519595449 0.10620220900594732 0.07079646017699115
10 0.13211554800339848 0.13463969658659924 0.056074766355140186 0.05941845764854614
10 0.12276975361087511 0.23261694058154236 0.08326253186066271 0.10366624525916561
10 0.2740016992353441 0.14096080910240202 0.029736618521665252 0.04424778761061947
10 0.20730671197960918 0.36030341340075855 0.09260832625318606 0.0897597977243995
8 0.8143585386576041 0.1738305941845765 0.04630416312659303 0.0461441213653603
8 0.7225998300764656 0.3672566371681416 0.04078164825828377 0.03982300884955752
8 0.9345794392523364 0.35145385587863465 0.03313508920985556 0.0347661188369153
8 0.5441801189464741 0.07458912768647281 0.04248088360237893 0.0638432364096081
11 0.7085811384876806 0.42098609355246525 0.034409515717926935 0.014538558786346398
11 0.699660152931181 0.4469026548672566 0.02506372132540357 0.0316055625790139
11 0.6805437553101105 0.4740834386852086 0.026338147833474938 0.0347661188369153
11 0.6486830926083262 0.5012642225031606 0.027612574341546302 0.028445006321112517
11 0.7476635514018691 0.4646017699115044 0.022514868309260833 0.02402022756005057
11 0.8440951571792693 0.39570164348925413 0.022514868309260833 0.04298356510745891
11 0.8534409515717927 0.23893805309734514 0.055649957519116396 0.0316055625790139
11 0.6134239592183517 0.17193426042983564 0.03313508920985556 0.0316055625790139
11 0.6389124893797791 0.09734513274336283 0.038232795242141036 0.05120101137800253
11 0.7213254035683943 0.1845764854614412 0.034409515717926935 0.05562579013906448
11 0.9163126593033135 0.2970922882427307 0.027612574341546302 0.03034134007585335
11 0.756159728122345 0.24525916561314792 0.04885301614273577 0.07016434892541087
11 0.491928632115548 0.4134007585335019 0.038232795242141036 0.05246523388116309
11 0.5620220900594732 0.44627054361567636 0.04248088360237893 0.0461441213653603
11 0.5454545454545454 0.15992414664981036 0.03058623619371283 0.04487989886219975
11 0.5811384876805438 0.12262958280657396 0.018691588785046728 0.0347661188369153
11 0.5365335598980459 0.3027812895069532 0.052676295666949875 0.03666245259165613
11 0.9443500424808836 0.2686472819216182 0.03058623619371283 0.04298356510745891
7 0.6652506372132541 0.23577749683944374 0.04885301614273577 0.03350189633375474
7 0.6478334749362786 0.29077117572692796 0.055649957519116396 0.03350189633375474
7 0.8474936278674596 0.28824273072060685 0.038232795242141036 0.03666245259165613
7 0.7952421410365336 0.28697850821744625 0.016992353440951572 0.0461441213653603
0 0.3853016142735769 0.18900126422250316 0.08836023789294817 0.0493046776232617
7 0.8857264231096007 0.3577749683944374 0.0356839422259983 0.03666245259165613
7 0.7323704333050127 0.31605562579013907 0.034409515717926935 0.03350189633375474
7 0.7740016992353441 0.3305941845764855 0.038232795242141036 0.05120101137800253
7 0.8275276125743416 0.3691529709228824 0.0318606627017842 0.038558786346396964
7 0.9167374681393373 0.2686472819216182 0.034409515717926935 0.03666245259165613
7 0.7918436703483432 0.38811630847029077 0.0356839422259983 0.03350189633375474
7 0.68946474086661 0.3919089759797724 0.052676295666949875 0.0461441213653603
7 0.5781648258283772 0.3994943109987358 0.038232795242141036 0.0347661188369153
7 0.4443500424808836 0.11125158027812895 0.0395072217502124 0.0461441213653603
7 0.4570943075615973 0.16561314791403287 0.045029736618521665 0.05246523388116309
6 0.13636363636363635 0.9329962073324906 0.09260832625318606 0.09987357774968394
6 0.03653355989804588 0.8653603034134008 0.07306711979609176 0.061946902654867256
10 0.021240441801189464 0.8211125158027813 0.04078164825828377 0.056890012642225034
10 0.1745964316057774 0.8280657395701644 0.045879354290569246 0.05562579013906448
10 0.09388275276125743 0.8438685208596713 0.06881903143585387 0.0606826801517067
11 0.6414613423959218 0.6283185840707964 0.05862361937128292 0.02654867256637168
11 0.7132540356839422 0.6264222503160556 0.045454545454545456 0.02654867256637168
11 0.776125743415463 0.6005056890012642 0.021240441801189464 0.02465233881163085
11 0.8360237892948174 0.6245259165613148 0.03993203058623619 0.03034134007585335
11 0.45497026338147833 0.7225031605562579 0.03610875106202209 0.030973451327433628
11 0.6665250637213254 0.6978508217446271 0.04672897196261682 0.042351453855878636
11 0.5730671197960917 0.6972187104930467 0.04290569243840272 0.0347661188369153
11 0.8423959218351742 0.5752212389380531 0.045029736618521665 0.012642225031605562
8 0.5446049277824979 0.6510745891276865 0.044604927782497875 0.025284450063211124
7 0.832625318606627 0.8565107458912768 0.03908241291418862 0.04298356510745891