11 0.32402912621359226 0.415016501650165 0.03762135922330097 0.06518151815181518
11 0.17597087378640777 0.5701320132013201 0.043689320388349516 0.07673267326732673
7 0.39927184466019416 0.5379537953795379 0.05339805825242718 0.0627062706270627
5 0.37985436893203883 0.43481848184818483 0.032766990291262135 0.05363036303630363
5 0.32402912621359226 0.5478547854785478 0.03640776699029126 0.05363036303630363
5 0.2766990291262136 0.514026402640264 0.03762135922330097 0.08828382838283828
1 0.6735436893203883 0.485973597359736 0.025485436893203883 0.09818481848184818
1 0.8252427184466019 0.570957095709571 0.025485436893203883 0.057755775577557754
1 0.7172330097087378 0.28052805280528054 0.015776699029126214 0.06188118811881188
1 0.941747572815534 0.1905940594059406 0.03762135922330097 0.1740924092409241
1 0.8919902912621359 0.10891089108910891 0.025485436893203883 0.10478547854785479
1 0.6383495145631068 0.33910891089108913 0.03519417475728155 0.13448844884488448
1 0.7160194174757282 0.10148514851485149 0.04247572815533981 0.1485148514851485
11 0.8143203883495146 0.19389438943894388 0.06553398058252427 0.10478547854785479
11 0.7888349514563107 0.3061056105610561 0.06432038834951456 0.15594059405940594
11 0.845873786407767 0.4207920792079208 0.12135922330097088 0.10148514851485149
11 0.7451456310679612 0.3333333333333333 0.0412621359223301 0.09405940594059406
1 0.7002427184466019 0.4966996699669967 0.021844660194174758 0.057755775577557754
11 0.8555825242718447 0.3061056105610561 0.06310679611650485 0.14521452145214522
10 0.21601941747572814 0.679042904290429 0.3470873786407767 0.14026402640264027
10 0.19053398058252427 0.778052805280528 0.16019417475728157 0.07590759075907591
10 0.375 0.8267326732673267 0.220873786407767 0.0858085808580858
6 0.44660194174757284 0.8820132013201321 0.10436893203883495 0.0594059405940594
6 0.5388349514563107 0.7615511551155115 0.0825242718446602 0.06930693069306931
7 0.837378640776699 0.6823432343234324 0.17718446601941748 0.1254125412541254
8 0.8046116504854369 0.816006600660066 0.16019417475728157 0.10231023102310231
11 0.962378640776699 0.6245874587458746 0.07524271844660194 0.03135313531353135
0 0.6347087378640777 0.971947194719472 0.050970873786407765 0.056105610561056105
0 0.8907766990291263 0.9183168316831684 0.12864077669902912 0.08250825082508251