10 0.25709779179810727 0.23604465709728867 0.5141955835962145 0.3062200956937799
9 0.7644584647739222 0.10287081339712918 0.10620399579390116 0.10845295055821372
9 0.7465825446898002 0.19856459330143542 0.09884332281808622 0.08532695374800638
9 0.6729758149316509 0.25199362041467305 0.04468980021030494 0.1339712918660287
9 0.905888538380652 0.36921850079744817 0.05152471083070452 0.03987240829346093
2 0.8638275499474237 0.19617224880382775 0.07676130389064142 0.0773524720893142
9 0.34437434279705575 0.6076555023923444 0.06309148264984227 0.08692185007974482
9 0.471608832807571 0.7511961722488039 0.04942166140904311 0.10127591706539076
9 0.18769716088328076 0.8915470494417863 0.04942166140904311 0.08213716108452951
9 0.21556256572029442 0.6331738437001595 0.05362776025236593 0.12759170653907495
9 0.16246056782334384 0.569377990430622 0.0341745531019979 0.058213716108452954
8 0.501577287066246 0.5845295055821371 0.030494216614090432 0.05342902711323764
8 0.20872765509989485 0.7934609250398724 0.04258675078864353 0.058213716108452954
8 0.2618296529968454 0.8819776714513556 0.026288117770767613 0.05582137161084529
8 0.24973711882229233 0.9529505582137161 0.031545741324921134 0.07017543859649122
8 0.25341745531019977 0.6451355661881978 0.022082018927444796 0.06539074960127592
8 0.32965299684542587 0.5390749601275917 0.026288117770767613 0.04864433811802233
8 0.3922187171398528 0.9202551834130781 0.028916929547844375 0.07974481658692185
8 0.30021030494216616 0.8636363636363636 0.02365930599369085 0.051036682615629984
1 0.2891692954784437 0.6610845295055822 0.027339642481598318 0.058213716108452954
8 0.2676130389064143 0.7376395534290271 0.028916929547844375 0.0430622009569378
8 0.29863301787592006 0.6100478468899522 0.031545741324921134 0.04864433811802233
9 0.4637223974763407 0.8421052631578947 0.028916929547844375 0.04864433811802233
9 0.37907465825446895 0.8189792663476874 0.06624605678233439 0.11562998405103668
7 0.4679284963196635 0.48484848484848486 0.04679284963196635 0.10845295055821372
7 0.44532071503680337 0.5765550239234449 0.04258675078864353 0.06299840510366826
7 0.4316508937960042 0.8189792663476874 0.028916929547844375 0.05582137161084529
9 0.28180862250262884 0.41706539074960125 0.048370136698212406 0.05582137161084529
7 0.18401682439537329 0.5350877192982456 0.03995793901156677 0.051036682615629984
7 0.7076761303890642 0.6586921850079744 0.08307045215562565 0.09888357256778309
2 0.9400630914826499 0.539872408293461 0.06624605678233439 0.19776714513556617
11 0.8606729758149316 0.48724082934609253 0.07150368033648791 0.07814992025518341
11 0.991062039957939 0.7703349282296651 0.017875920084121977 0.04784688995215311