3 0.3627450980392157 0.041598694942903754 0.050980392156862744 0.0734094616639478
3 0.2679738562091503 0.12071778140293637 0.04183006535947712 0.052202283849918436
7 0.7111111111111111 0.32381729200652526 0.09411764705882353 0.14518760195758565
7 0.807843137254902 0.3694942903752039 0.09281045751633987 0.10929853181076672
0 0.9143790849673202 0.10766721044045677 0.17124183006535948 0.21533442088091354
3 0.07647058823529412 0.9502446982055465 0.11372549019607843 0.09951060358890701
3 0.18496732026143792 0.9282218597063622 0.06143790849673202 0.09787928221859707
3 0.1607843137254902 0.7797716150081566 0.09673202614379085 0.10766721044045677
7 0.8986928104575164 0.48694942903752036 0.06013071895424837 0.0766721044045677
7 0.8954248366013072 0.7969004893964111 0.0718954248366013 0.08156606851549755
11 0.8006535947712419 0.4796084828711256 0.06143790849673202 0.08156606851549755
1 0.6398692810457516 0.8849918433931484 0.036601307189542485 0.04241435562805873
1 0.7620915032679738 0.598694942903752 0.05751633986928104 0.07830342577487764
1 0.8503267973856209 0.6924959216965743 0.05359477124183006 0.08319738988580751
1 0.6790849673202615 0.6402936378466558 0.050980392156862744 0.07177814029363784
1 0.642483660130719 0.5848287112561175 0.04967320261437908 0.06525285481239804
11 0.5790849673202615 0.767536704730832 0.04967320261437908 0.05546492659053834
11 0.5594771241830065 0.664763458401305 0.02091503267973856 0.0636215334420881
11 0.6496732026143791 0.8442088091353996 0.05228758169934641 0.0701468189233279
11 0.7326797385620915 0.8393148450244698 0.07320261437908497 0.08156606851549755
11 0.8470588235294118 0.6068515497553018 0.05359477124183006 0.06035889070146819
11 0.5993464052287582 0.6517128874388255 0.04967320261437908 0.0636215334420881
11 0.7189542483660131 0.634584013050571 0.04967320261437908 0.05872756933115824
11 0.696078431372549 0.7014681892332789 0.047058823529411764 0.05057096247960848
11 0.6522875816993464 0.7088091353996737 0.0718954248366013 0.07830342577487764
11 0.6823529411764706 0.7218597063621534 0.00392156862745098 0.004893964110929853
11 0.7006535947712418 0.7903752039151712 0.06405228758169934 0.07830342577487764
11 0.5699346405228758 0.9110929853181077 0.04183006535947712 0.06688417618270799
11 0.9196078431372549 0.45921696574225124 0.06666666666666667 0.040783034257748776