10 0.2040169133192389 0.2592891760904685 0.19978858350951373 0.3392568659127625
1 0.06448202959830866 0.2172859450726979 0.02536997885835095 0.11147011308562198
0 0.5613107822410148 0.327140549273021 0.023255813953488372 0.07269789983844911
0 0.5771670190274841 0.24798061389337642 0.02748414376321353 0.07027463651050081
0 0.9312896405919662 0.29159935379644586 0.02959830866807611 0.061389337641357025
0 0.572938689217759 0.13570274636510501 0.02854122621564482 0.0791599353796446
0 0.9534883720930233 0.1631663974151858 0.040169133192389 0.0654281098546042
0 0.9513742071881607 0.23990306946688206 0.035940803382663845 0.04361873990306947
1 0.5285412262156448 0.03150242326332795 0.03382663847780127 0.0630048465266559
7 0.6649048625792812 0.5638126009693053 0.02959830866807611 0.0815831987075929
7 0.1014799154334038 0.6453957996768982 0.14376321353065538 0.05331179321486268
11 0.5602536997885835 0.7269789983844911 0.08879492600422834 0.0840064620355412
11 0.726215644820296 0.6768982229402262 0.0613107822410148 0.05977382875605816
11 0.7854122621564482 0.6987075928917609 0.0613107822410148 0.061389337641357025
11 0.9503171247357294 0.6470113085621971 0.08668076109936575 0.05654281098546042