10 0.1443217665615142 0.2504816955684008 0.10883280757097792 0.038535645472061654
10 0.26813880126182965 0.22447013487475914 0.14826498422712933 0.0905587668593449
6 0.32018927444794953 0.17822736030828518 0.07255520504731862 0.07514450867052024
8 0.8280757097791798 0.019267822736030827 0.08832807570977919 0.038535645472061654
8 0.9100946372239748 0.20520231213872833 0.07886435331230283 0.12909441233140656
7 0.6774447949526814 0.052986512524084775 0.08675078864353312 0.10597302504816955
7 0.8264984227129337 0.11175337186897881 0.07728706624605679 0.09248554913294797
8 0.18848580441640378 0.546242774566474 0.016561514195583597 0.051059730250481696
8 0.19873817034700317 0.9123314065510597 0.02365930599369085 0.07418111753371869
8 0.1995268138801262 0.9701348747591522 0.011041009463722398 0.04238921001926782
8 0.16167192429022081 0.7235067437379576 0.02444794952681388 0.0626204238921002
8 0.25157728706624605 0.7090558766859345 0.02365930599369085 0.07225433526011561
8 0.2082018927444795 0.7764932562620424 0.01892744479495268 0.08959537572254335
8 0.12145110410094637 0.9344894026974951 0.03391167192429022 0.05491329479768786
8 0.2578864353312303 0.8516377649325626 0.021293375394321766 0.07032755298651253
11 0.16482649842271294 0.34104046242774566 0.050473186119873815 0.10308285163776493
11 0.1829652996845426 0.4229287090558767 0.030757097791798107 0.05876685934489403
11 0.30126182965299686 0.7032755298651252 0.02050473186119874 0.052986512524084775
11 0.2539432176656151 0.5385356454720617 0.014195583596214511 0.04238921001926782
11 0.2279179810725552 0.4701348747591522 0.018138801261829655 0.04046242774566474
11 0.2744479495268139 0.4701348747591522 0.02444794952681388 0.04720616570327553
11 0.27602523659305994 0.5732177263969171 0.014195583596214511 0.049132947976878616
11 0.3249211356466877 0.5789980732177264 0.02444794952681388 0.05491329479768786
11 0.18690851735015773 0.3631984585741811 0.026025236593059938 0.07610789980732177
11 0.12066246056782334 0.30828516377649323 0.013406940063091483 0.052986512524084775
7 0.2358044164037855 0.7341040462427746 0.02365930599369085 0.06647398843930635
2 0.15615141955835962 0.6502890173410405 0.038643533123028394 0.09344894026974952
2 0.2555205047318612 0.628131021194605 0.02996845425867508 0.09730250481695568
9 0.0694006309148265 0.791907514450867 0.01892744479495268 0.07610789980732177
9 0.2334384858044164 0.7360308285163777 0.021293375394321766 0.06840077071290944
9 0.15930599369085174 0.476878612716763 0.02996845425867508 0.06647398843930635
10 0.5875394321766562 0.3882466281310212 0.2981072555205047 0.23699421965317918
10 0.5694006309148265 0.9036608863198459 0.2618296529968454 0.1926782273603083