10 0.113037109375 0.055908203125 0.22216796875 0.11181640625
10 0.28271484375 0.219970703125 0.0966796875 0.1064453125
10 0.1533203125 0.1171875 0.1396484375 0.1201171875
10 0.26611328125 0.02734375 0.125 0.0546875
7 0.876708984375 0.28466796875 0.11669921875 0.1298828125
7 0.186767578125 0.833740234375 0.11474609375 0.1259765625
8 0.2900390625 0.412353515625 0.10107421875 0.10595703125
8 0.421630859375 0.605712890625 0.08544921875 0.08203125
11 0.421142578125 0.4580078125 0.0693359375 0.072265625
11 0.502197265625 0.94580078125 0.07373046875 0.078125
11 0.3916015625 0.9541015625 0.07568359375 0.07763671875
11 0.215087890625 0.637451171875 0.033203125 0.04248046875
0 0.400146484375 0.740234375 0.08056640625 0.080078125
0 0.456787109375 0.76171875 0.09765625 0.10546875
0 0.49072265625 0.635009765625 0.09765625 0.13232421875
0 0.2216796875 0.971923828125 0.1025390625 0.05615234375
0 0.480712890625 0.8662109375 0.11767578125 0.154296875
0 0.15771484375 0.72265625 0.15625 0.1669921875
0 0.30419921875 0.6025390625 0.19921875 0.1669921875
4 0.674560546875 0.584228515625 0.1181640625 0.10888671875
4 0.579833984375 0.785400390625 0.07275390625 0.087890625
4 0.561279296875 0.952392578125 0.04345703125 0.09521484375
4 0.84130859375 0.76806640625 0.09326171875 0.10009765625
4 0.873046875 0.959228515625 0.076171875 0.08154296875
4 0.791748046875 0.96240234375 0.08349609375 0.0751953125
4 0.846435546875 0.890625 0.09326171875 0.0810546875