10 0.0810546875 0.28076171875 0.162109375 0.1376953125
10 0.164794921875 0.03369140625 0.11279296875 0.0673828125
10 0.303466796875 0.341552734375 0.0849609375 0.0986328125
10 0.138671875 0.33154296875 0.1318359375 0.103515625
10 0.1630859375 0.170166015625 0.11669921875 0.0966796875
7 0.623046875 0.233642578125 0.159423828125 0.0546875
11 0.48095703125 0.045166015625 0.0498046875 0.030029296875
11 0.531494140625 0.08154296875 0.08056640625 0.0341796875
11 0.59521484375 0.101806640625 0.03955078125 0.014892578125
11 0.54345703125 0.11962890625 0.0498046875 0.016357421875
11 0.578857421875 0.1533203125 0.05712890625 0.022216796875
11 0.607421875 0.16552734375 0.074462890625 0.018798828125
11 0.692138671875 0.17138671875 0.087646484375 0.0224609375
7 0.50146484375 0.2373046875 0.114013671875 0.0390625
7 0.660400390625 0.268798828125 0.11083984375 0.03662109375
7 0.68505859375 0.3359375 0.082275390625 0.027099609375
7 0.810791015625 0.326171875 0.123779296875 0.033447265625
7 0.89501953125 0.30615234375 0.11572265625 0.033203125
7 0.95263671875 0.311767578125 0.0947265625 0.034912109375
7 0.923583984375 0.265625 0.122802734375 0.03466796875
7 0.798583984375 0.269287109375 0.08544921875 0.0322265625
7 0.88134765625 0.187255859375 0.09814453125 0.0361328125
7 0.8037109375 0.23681640625 0.14404296875 0.04052734375
11 0.7548828125 0.01171875 0.078857421875 0.023193359375
7 0.26171875 0.7236328125 0.09814453125 0.1103515625
0 0.112060546875 0.7548828125 0.12353515625 0.17578125
2 0.65283203125 0.612548828125 0.56640625 0.40576171875
1 0.949462890625 0.56982421875 0.10107421875 0.259765625