6 0.11 0.4243421052631579 0.22 0.1513157894736842
6 0.05307692307692308 0.10032894736842106 0.10615384615384615 0.125
6 0.1646153846153846 0.21217105263157895 0.15076923076923077 0.19736842105263158
6 0.15923076923076923 0.09210526315789473 0.16153846153846155 0.18421052631578946
2 0.7038461538461539 0.3807565789473684 0.24769230769230768 0.23355263157894737
2 0.9015384615384615 0.2730263157894737 0.19692307692307692 0.2631578947368421
4 0.2053846153846154 0.9037828947368421 0.06923076923076923 0.07072368421052631
4 0.10153846153846154 0.787828947368421 0.05692307692307692 0.06578947368421052
4 0.07769230769230769 0.6636513157894737 0.046153846153846156 0.05263157894736842
4 0.12692307692307692 0.6546052631578947 0.05076923076923077 0.05921052631578947
4 0.09538461538461539 0.7080592105263158 0.05692307692307692 0.05263157894736842
11 0.7184615384615385 0.9662828947368421 0.05846153846153846 0.06743421052631579
11 0.6415384615384615 0.7796052631578947 0.06307692307692307 0.06414473684210527
1 0.6661538461538462 0.6554276315789473 0.05846153846153846 0.06907894736842106
7 0.7223076923076923 0.8585526315789473 0.06615384615384616 0.07894736842105263
11 0.59 0.8832236842105263 0.06153846153846154 0.06414473684210527
11 0.7007692307692308 0.5855263157894737 0.05846153846153846 0.06085526315789474