8 0.9798339264531435 0.5156882591093117 0.04033214709371293 0.027327935222672066
7 0.9836892052194544 0.40030364372469635 0.03262158956109134 0.06781376518218624
7 0.9377224199288257 0.3076923076923077 0.03558718861209965 0.0597165991902834
9 0.8902728351126927 0.08299595141700405 0.06583629893238434 0.15688259109311742
7 0.3926453143534994 0.6594129554655871 0.08511269276393832 0.07591093117408906
7 0.25474495848161327 0.6973684210526315 0.12188612099644128 0.0840080971659919
7 0.2040332147093713 0.625 0.09341637010676157 0.06983805668016195
7 0.2363582443653618 0.770242914979757 0.08511269276393832 0.06325910931174089
7 0.2372479240806643 0.8289473684210527 0.09934756820877817 0.07742914979757085
7 0.8988730723606169 0.6842105263157895 0.030249110320284697 0.043522267206477734
7 0.8938315539739027 0.7393724696356275 0.03173190984578885 0.050101214574898786
7 0.9537366548042705 0.7262145748987854 0.03113879003558719 0.039473684210526314
7 0.8766310794780545 0.8830971659919028 0.027283511269276393 0.03441295546558704
7 0.8457888493475683 0.9271255060728745 0.05249110320284697 0.04757085020242915
11 0.9062870699881376 0.9463562753036437 0.022835112692763938 0.026821862348178137
11 0.8039739027283511 0.8775303643724697 0.019276393831553974 0.030364372469635626
11 0.8807829181494662 0.784919028340081 0.018386714116251483 0.02783400809716599
11 0.853202846975089 0.7656882591093117 0.028173190984578884 0.043522267206477734
11 0.877520759193357 0.6482793522267206 0.025800711743772242 0.038461538461538464
11 0.9626334519572953 0.8967611336032388 0.036180308422301306 0.048582995951417005
7 0.8816725978647687 0.9089068825910931 0.02431791221826809 0.03441295546558704