3 0.4635989010989011 0.022838499184339316 0.04532967032967033 0.04567699836867863
7 0.7561813186813187 0.15579119086460033 0.13186813186813187 0.1566068515497553
0 0.8351648351648352 0.3075040783034258 0.20054945054945056 0.16476345840130505
11 0.989010989010989 0.19902120717781402 0.02197802197802198 0.10440456769983687
11 0.8434065934065934 0.033442088091353996 0.06043956043956044 0.06688417618270799
9 0.29876373626373626 0.7308319738988581 0.10989010989010989 0.15905383360522024
9 0.2699175824175824 0.5848287112561175 0.04532967032967033 0.05954323001631321
9 0.18956043956043955 0.5913539967373572 0.04395604395604396 0.061174551386623165
9 0.21978021978021978 0.6957585644371941 0.05013736263736264 0.08727569331158239
9 0.33653846153846156 0.5595432300163132 0.03571428571428571 0.040783034257748776
9 0.38255494505494503 0.5807504078303426 0.040521978021978024 0.07177814029363784
7 0.03365384615384615 0.5546492659053833 0.0673076923076923 0.10440456769983687
7 0.21428571428571427 0.5171288743882545 0.048763736263736264 0.07177814029363784
7 0.26304945054945056 0.4159869494290375 0.06456043956043957 0.052202283849918436
11 0.4848901098901099 0.6476345840130505 0.04189560439560439 0.0734094616639478
11 0.3427197802197802 0.932300163132137 0.048763736263736264 0.07177814029363784
11 0.29395604395604397 0.9216965742251223 0.04395604395604396 0.061174551386623165
11 0.22046703296703296 0.7928221859706363 0.04395604395604396 0.06525285481239804
0 0.885989010989011 0.5481239804241436 0.2129120879120879 0.17455138662316477
11 0.8894230769230769 0.8034257748776509 0.061813186813186816 0.06525285481239804