10 0.30132450331125826 0.28328173374613 0.28394039735099336 0.21981424148606812
0 0.7880794701986755 0.23839009287925697 0.0695364238410596 0.0890092879256966
7 0.7259933774834437 0.1780185758513932 0.030629139072847682 0.04489164086687306
7 0.831953642384106 0.21826625386996903 0.037251655629139076 0.05727554179566564
7 0.7144039735099338 0.23684210526315788 0.046357615894039736 0.06811145510835913
8 0.20281456953642385 0.6996904024767802 0.09519867549668874 0.07120743034055728
8 0.5380794701986755 0.8575851393188855 0.12251655629139073 0.11455108359133127
2 0.2574503311258278 0.9195046439628483 0.17549668874172186 0.09829721362229102
2 0.4470198675496689 0.7020123839009288 0.13990066225165562 0.08436532507739938
9 0.7723509933774835 0.7205882352941176 0.09105960264900662 0.14086687306501547
9 0.8816225165562914 0.5773993808049536 0.11423841059602649 0.12693498452012383
9 0.6341059602649006 0.6044891640866873 0.0695364238410596 0.08204334365325078
9 0.9677152317880795 0.8962848297213623 0.06456953642384106 0.11764705882352941
1 0.7897350993377483 0.4852941176470588 0.046357615894039736 0.032507739938080496
1 0.8096026490066225 0.5325077399380805 0.054635761589403975 0.06656346749226007