10 0.25075 0.269 0.282625 0.30183333333333334
2 0.594125 0.3496666666666667 0.117 0.08633333333333333
2 0.791625 0.3085 0.05125 0.043166666666666666
9 0.553875 0.20533333333333334 0.08775 0.07316666666666667
0 0.6465 0.03283333333333333 0.0805 0.06183333333333333
2 0.762375 0.33366666666666667 0.046375 0.0375
8 0.34025 0.9566666666666667 0.049 0.07233333333333333
8 0.38725 0.905 0.04 0.067
8 0.39525 0.7801666666666667 0.0695 0.081
7 0.2615 0.9856666666666667 0.067 0.028666666666666667
7 0.295875 0.6716666666666666 0.10175 0.13933333333333334
9 0.655 0.5863333333333334 0.0465 0.09466666666666666
9 0.764375 0.7756666666666666 0.05875 0.10533333333333333
9 0.60925 0.5641666666666667 0.03425 0.0625
9 0.715375 0.8748333333333334 0.057125 0.087
9 0.685625 0.6496666666666666 0.062125 0.13733333333333334
1 0.842375 0.7351666666666666 0.04575 0.09466666666666666
1 0.833 0.5443333333333333 0.037625 0.07783333333333334
1 0.792625 0.5215 0.04325 0.087
11 0.808125 0.8573333333333333 0.04 0.0915
8 0.6435 0.8801666666666667 0.035125 0.06866666666666667
8 0.67575 0.4665 0.035125 0.06416666666666666
9 0.66925 0.7328333333333333 0.07025 0.10066666666666667
7 0.78475 0.9138333333333334 0.029375 0.050333333333333334
7 0.757 0.9038333333333334 0.028625 0.04733333333333333
7 0.73175 0.4703333333333333 0.0335 0.061
7 0.62475 0.7405 0.027 0.051833333333333335
7 0.6635 0.7925 0.026125 0.042666666666666665
7 0.6835 0.829 0.031875 0.058
0 0.72925 0.7611666666666667 0.032625 0.061
0 0.71375 0.8176666666666667 0.041625 0.07166666666666667
0 0.6345 0.5215 0.044125 0.084