6 0.24265975820379965 0.12258064516129032 0.14335060449050085 0.2314516129032258
6 0.34024179620034545 0.22580645161290322 0.05008635578583765 0.08306451612903226
6 0.28929188255613125 0.2967741935483871 0.07081174438687392 0.11935483870967742
6 0.1848013816925734 0.3919354838709677 0.0535405872193437 0.07258064516129033
6 0.24956822107081175 0.3782258064516129 0.04145077720207254 0.06370967741935483
6 0.3488773747841105 0.45564516129032256 0.0535405872193437 0.06048387096774194
6 0.40414507772020725 0.2814516129032258 0.037996545768566495 0.054838709677419356
6 0.14248704663212436 0.12016129032258065 0.07772020725388601 0.12096774193548387
6 0.0768566493955095 0.11693548387096774 0.039723661485319514 0.05725806451612903
6 0.025906735751295335 0.16370967741935483 0.037996545768566495 0.0532258064516129
6 0.13557858376511225 0.23387096774193547 0.0768566493955095 0.1032258064516129
11 0.9671848013816926 0.06370967741935483 0.06563039723661486 0.11774193548387096
11 0.13126079447322972 0.5346774193548387 0.07599309153713299 0.03064516129032258
11 0.38341968911917096 0.6483870967741936 0.08290155440414508 0.07258064516129033
0 0.348013816925734 0.8088709677419355 0.11917098445595854 0.08709677419354839
0 0.27202072538860106 0.6612903225806451 0.11053540587219343 0.08548387096774193
0 0.4481865284974093 0.7596774193548387 0.06044905008635579 0.08387096774193549
0 0.153713298791019 0.6153225806451613 0.11226252158894647 0.07258064516129033
0 0.1614853195164076 0.7524193548387097 0.08635578583765112 0.06935483870967742
0 0.46632124352331605 0.667741935483871 0.024179620034542316 0.08064516129032258
9 0.6813471502590673 0.5725806451612904 0.19170984455958548 0.1064516129032258
9 0.8644214162348878 0.8701612903225806 0.21934369602763384 0.24516129032258063
9 0.8981001727115717 0.6790322580645162 0.14507772020725387 0.14838709677419354