10 0.09453125 0.18329177057356608 0.1890625 0.1172069825436409
7 0.78828125 0.5124688279301746 0.0578125 0.046134663341645885
7 0.85859375 0.5261845386533666 0.0484375 0.05798004987531172
7 0.775 0.35037406483790523 0.05234375 0.05423940149625935
7 0.7375 0.3859102244389027 0.02890625 0.04488778054862843
7 0.7546875 0.46633416458852867 0.0296875 0.048628428927680795
7 0.7 0.3123441396508728 0.0421875 0.029301745635910224
7 0.66640625 0.1371571072319202 0.0421875 0.04987531172069826
7 0.7734375 0.29239401496259354 0.0546875 0.04987531172069826
11 0.8078125 0.47443890274314215 0.0234375 0.03366583541147132
11 0.828125 0.4975062344139651 0.025 0.032418952618453865
11 0.58203125 0.2506234413965087 0.0359375 0.04239401496259352
11 0.71953125 0.2811720698254364 0.03984375 0.034912718204488775
7 0.725 0.13902743142144638 0.04140625 0.046134663341645885
0 0.6765625 0.470074812967581 0.04609375 0.03865336658354115
0 0.7 0.19077306733167082 0.0796875 0.05673316708229426
0 0.67734375 0.24064837905236908 0.0921875 0.0885286783042394
0 0.67578125 0.3559850374064838 0.10390625 0.07855361596009976
11 0.61640625 0.39900249376558605 0.0609375 0.05922693266832918
11 0.7859375 0.2562344139650873 0.0359375 0.03865336658354115
11 0.784375 0.4775561097256858 0.0484375 0.05112219451371571
1 0.09140625 0.7119700748129676 0.0515625 0.04114713216957606
9 0.109375 0.8273067331670823 0.071875 0.05361596009975062
7 0.23984375 0.5985037406483791 0.0546875 0.03740648379052369
0 0.16328125 0.9594763092269327 0.0375 0.03615960099750624
0 0.23125 0.9114713216957606 0.0484375 0.057356608478802994
0 0.0875 0.8796758104738155 0.0609375 0.05112219451371571
11 0.5203125 0.6639650872817955 0.059375 0.06733167082294264
7 0.71796875 0.6446384039900249 0.0765625 0.07481296758104738
7 0.58046875 0.7649625935162094 0.1140625 0.0685785536159601
7 0.85546875 0.60785536159601 0.1078125 0.05610972568578554
7 0.53359375 0.8871571072319202 0.11875 0.09975062344139651