6 0.3809840425531915 0.474671669793621 0.11037234042553191 0.0900562851782364
6 0.09308510638297872 0.15572232645403378 0.18617021276595744 0.26641651031894936
6 0.24468085106382978 0.48405253283302063 0.09840425531914894 0.07129455909943715
6 0.0884308510638298 0.4709193245778612 0.1768617021276596 0.0975609756097561
11 0.5126329787234043 0.4924953095684803 0.04920212765957447 0.054409005628517824
11 0.6535904255319149 0.35834896810506567 0.034574468085106384 0.05628517823639775
11 0.692154255319149 0.2954971857410882 0.034574468085106384 0.05628517823639775
11 0.7180851063829787 0.14540337711069418 0.0398936170212766 0.0675422138836773
11 0.5851063829787234 0.24765478424015008 0.0625 0.07129455909943715
7 0.598404255319149 0.04127579737335835 0.05585106382978723 0.08067542213883677
7 0.5731382978723404 0.1303939962476548 0.06914893617021277 0.09568480300187618
7 0.4720744680851064 0.3545966228893058 0.04521276595744681 0.0975609756097561
7 0.5598404255319149 0.4530956848030019 0.05319148936170213 0.0675422138836773
7 0.5997340425531915 0.45872420262664165 0.05585106382978723 0.0825515947467167
8 0.7519946808510638 0.19699812382739212 0.06515957446808511 0.09568480300187618
7 0.4853723404255319 0.45121951219512196 0.04654255319148936 0.06566604127579738
7 0.8144946808510638 0.30863039399624764 0.06914893617021277 0.09193245778611632
11 0.2865691489361702 0.9221388367729831 0.08643617021276596 0.15572232645403378
11 0.1196808510638298 0.9183864915572233 0.11170212765957446 0.16322701688555347
11 0.031914893617021274 0.9512195121951219 0.06382978723404255 0.0975609756097561
11 0.3357712765957447 0.6425891181988743 0.0625 0.07692307692307693
11 0.43550531914893614 0.8621013133208255 0.027925531914893616 0.07692307692307693
11 0.6542553191489362 0.5637898686679175 0.0598404255319149 0.0825515947467167
11 0.6622340425531915 0.651031894934334 0.05585106382978723 0.06941838649155722
11 0.9727393617021277 0.974671669793621 0.05452127659574468 0.05065666041275797
11 0.8065159574468085 0.9896810506566605 0.0598404255319149 0.020637898686679174
11 0.9747340425531915 0.5769230769230769 0.05053191489361702 0.09193245778611632
0 0.730718085106383 0.8677298311444653 0.06648936170212766 0.150093808630394
0 0.851063829787234 0.8977485928705441 0.09441489361702128 0.09193245778611632
7 0.7965425531914894 0.5572232645403377 0.05585106382978723 0.075046904315197
7 0.7626329787234043 0.6303939962476548 0.03856382978723404 0.0675422138836773