11 0.61090458488228 0.24796084828711257 0.07372986369268897 0.06280587275693311
11 0.6505576208178439 0.2822185970636215 0.04584882280049566 0.048939641109298535
11 0.34634448574969023 0.40375203915171287 0.09975216852540272 0.05791190864600326
11 0.43866171003717475 0.36867862969004894 0.06133828996282528 0.061174551386623165
11 0.32837670384138784 0.1566068515497553 0.048327137546468404 0.04567699836867863
11 0.18711276332094176 0.4371941272430669 0.042131350681536554 0.03915171288743882
11 0.20508054522924413 0.4706362153344209 0.04337050805452292 0.049755301794453505
11 0.5328376703841388 0.5497553017944535 0.05204460966542751 0.0367047308319739
11 0.6270136307311028 0.3564437194127243 0.06629491945477076 0.08727569331158239
8 0.6765799256505576 0.300163132137031 0.024163568773234202 0.05954323001631321
8 0.14188351920693928 0.24796084828711257 0.042131350681536554 0.0399673735725938
8 0.40024783147459725 0.31239804241435565 0.05328376703841388 0.04567699836867863
8 0.4969021065675341 0.13376835236541598 0.05762081784386617 0.04567699836867863
8 0.3190830235439901 0.26916802610114193 0.05762081784386617 0.05791190864600326
0 0.42441140024783147 0.18433931484502447 0.09293680297397769 0.05872756933115824
7 0.5012391573729864 0.34176182707993474 0.05885997521685254 0.052202283849918436
11 0.7255266418835192 0.5742251223491027 0.07311028500619579 0.048939641109298535
7 0.90272614622057 0.09951060358890701 0.11648079306071871 0.17455138662316477
7 0.9609665427509294 0.02365415986949429 0.07806691449814127 0.04730831973898858
8 0.31226765799256506 0.9200652528548124 0.09045848822800495 0.10277324632952692
8 0.14002478314745972 0.6582381729200653 0.06691449814126393 0.0701468189233279
7 0.23296158612143741 0.6402936378466558 0.058240396530359353 0.06525285481239804
7 0.4628252788104089 0.9706362153344209 0.055762081784386616 0.05872756933115824
8 0.2825278810408922 0.6802610114192496 0.03345724907063197 0.04404567699836868
8 0.25154894671623296 0.6908646003262643 0.042131350681536554 0.05546492659053834
2 0.8928128872366791 0.8841761827079935 0.05452292441140025 0.08156606851549755
2 0.8698884758364313 0.7797716150081566 0.03531598513011153 0.06443719412724307
2 0.7558859975216853 0.8588907014681892 0.02973977695167286 0.052202283849918436
8 0.6957868649318464 0.8752039151712887 0.013630731102850062 0.04404567699836868
7 0.909541511771995 0.8401305057096248 0.04399008674101611 0.06035889070146819