5 0.15031152647975077 0.18559556786703602 0.14485981308411214 0.31024930747922436
5 0.3309968847352025 0.18975069252077562 0.1573208722741433 0.24653739612188366
3 0.7414330218068536 0.3033240997229917 0.11838006230529595 0.1523545706371191
3 0.9439252336448598 0.21745152354570638 0.11214953271028037 0.1523545706371191
3 0.7694704049844237 0.16620498614958448 0.08566978193146417 0.08310249307479224
3 0.5911214953271028 0.25346260387811637 0.12538940809968846 0.1523545706371191
3 0.6962616822429907 0.17174515235457063 0.12850467289719625 0.19113573407202217
7 0.18302180685358255 0.6772853185595568 0.05763239875389408 0.11772853185595568
7 0.1721183800623053 0.5318559556786704 0.06775700934579439 0.08310249307479224
7 0.29361370716510904 0.5332409972299169 0.045171339563862926 0.08310249307479224
1 0.6838006230529595 0.4362880886426593 0.07165109034267912 0.10803324099722991
1 0.4867601246105919 0.7548476454293629 0.11993769470404984 0.296398891966759
1 0.7336448598130841 0.48614958448753465 0.09190031152647975 0.11911357340720222
1 0.6853582554517134 0.5581717451523546 0.04984423676012461 0.08587257617728532
1 0.7515576323987538 0.6385041551246537 0.029595015576323987 0.055401662049861494
1 0.7889408099688473 0.7132963988919667 0.08255451713395638 0.10526315789473684
1 0.8014018691588785 0.590027700831025 0.08566978193146417 0.11911357340720222
1 0.7336448598130841 0.5692520775623269 0.07476635514018691 0.11357340720221606
1 0.6269470404984424 0.5484764542936288 0.08566978193146417 0.14958448753462603
1 0.5514018691588785 0.6011080332409973 0.08722741433021806 0.14127423822714683
1 0.8613707165109035 0.7091412742382271 0.07320872274143302 0.11911357340720222