7 0.31875 0.08875 0.13375 0.12875
2 0.8325 0.1175 0.035 0.06
9 0.77625 0.243125 0.043125 0.0675
9 0.871875 0.3375 0.0425 0.05625
8 0.866875 0.28125 0.036875 0.048125
8 0.9625 0.290625 0.0275 0.0375
8 0.914375 0.33375 0.034375 0.041875
8 0.8025 0.1925 0.03125 0.048125
8 0.909375 0.08375 0.0425 0.05625
8 0.9275 0.27875 0.025625 0.035
8 0.855625 0.181875 0.036875 0.049375
7 0.724375 0.069375 0.0275 0.043125
9 0.7325 0.251875 0.0375 0.051875
7 0.75625 0.10375 0.046875 0.078125
7 0.715 0.205 0.03625 0.054375
7 0.79875 0.229375 0.033125 0.048125
7 0.90875 0.2375 0.03125 0.040625
7 0.661875 0.103125 0.04625 0.06375
7 0.7325 0.1225 0.02875 0.045625
7 0.749375 0.205 0.023125 0.0325
7 0.66 0.189375 0.03625 0.0575
7 0.704375 0.1375 0.02 0.03125
7 0.74125 0.159375 0.026875 0.03875
7 0.89125 0.313125 0.029375 0.043125
7 0.795 0.319375 0.03625 0.041875
7 0.819375 0.23125 0.0275 0.0375
7 0.8275 0.195625 0.026875 0.0375
7 0.243125 0.640625 0.11125 0.105
11 0.310625 0.749375 0.07875 0.09
0 0.380625 0.809375 0.070625 0.080625
0 0.260625 0.73375 0.059375 0.061875
0 0.288125 0.8825 0.055625 0.065625
0 0.29375 0.958125 0.07875 0.083125
0 0.564375 0.708125 0.07125 0.07375
0 0.530625 0.7625 0.054375 0.083125
0 0.453125 0.675 0.069375 0.06875
0 0.478125 0.84125 0.0775 0.080625
0 0.344375 0.70125 0.056875 0.07125
0 0.084375 0.80125 0.0825 0.0925
8 0.896875 0.623125 0.07 0.06875
8 0.809375 0.645 0.06 0.0575
8 0.7175 0.65375 0.0425 0.04625
1 0.793125 0.49125 0.0525 0.0525
1 0.845625 0.5475 0.05125 0.04875
1 0.87125 0.585 0.04875 0.04
1 0.89125 0.425 0.065 0.03
7 0.9325 0.884375 0.035 0.0375
1 0.884375 0.89625 0.04125 0.0425
1 0.839375 0.94875 0.03625 0.0325
7 0.984375 0.756875 0.03125 0.07375
7 0.91125 0.8625 0.04125 0.03625
7 0.94875 0.586875 0.03875 0.04