7 0.20051085568326948 0.41973094170403585 0.09067688378033206 0.07802690582959641
8 0.29118773946360155 0.31614349775784756 0.035759897828863345 0.07802690582959641
11 0.09450830140485313 0.4820627802690583 0.07407407407407407 0.0726457399103139
7 0.8231162196679438 0.3923766816143498 0.05491698595146871 0.04080717488789238
7 0.7924648786717752 0.21524663677130046 0.04661558109833972 0.036771300448430494
7 0.8371647509578544 0.1968609865470852 0.06257982120051085 0.06905829596412556
7 0.8697318007662835 0.14887892376681613 0.05747126436781609 0.04170403587443946
7 0.7707535121328225 0.1 0.04597701149425287 0.059192825112107626
7 0.6749680715197957 0.1860986547085202 0.05044699872286079 0.06143497757847534
7 0.5402298850574713 0.11569506726457399 0.06641123882503193 0.06995515695067264
7 0.7247765006385696 0.19506726457399104 0.041507024265644954 0.04394618834080718
7 0.6794380587484036 0.28699551569506726 0.037675606641123884 0.04170403587443946
8 0.7196679438058748 0.4789237668161435 0.06066411238825032 0.05560538116591928
8 0.47956577266922096 0.40582959641255606 0.06896551724137931 0.03991031390134529
8 0.5427841634738186 0.026457399103139014 0.03639846743295019 0.039013452914798206
8 0.5 0.08744394618834081 0.026181353767560665 0.045739910313901344
1 0.026181353767560665 0.9331838565022421 0.021711366538952746 0.042600896860986545
1 0.04789272030651341 0.8964125560538116 0.019157088122605363 0.04035874439461883
1 0.007662835249042145 0.8578475336322869 0.014687100893997445 0.03811659192825112
1 0.07790549169859515 0.9116591928251121 0.013409961685823755 0.03811659192825112
2 0.20242656449553 0.6914798206278027 0.034482758620689655 0.06322869955156951
2 0.04533844189016603 0.6811659192825112 0.0280970625798212 0.07668161434977579
9 0.10791826309067688 0.7605381165919283 0.035759897828863345 0.053811659192825115
2 0.23499361430395913 0.600896860986547 0.035759897828863345 0.05291479820627803
8 0.483397190293742 0.5533632286995516 0.12899106002554278 0.0484304932735426
8 0.6890166028097062 0.8964125560538116 0.1360153256704981 0.06591928251121076
9 0.5108556832694764 0.9461883408071748 0.16538952745849297 0.08161434977578476