8 0.1556712962962963 0.3393132716049383 0.044994212962962965 0.061921296296296294
1 0.38527199074074076 0.07098765432098765 0.02936921296296296 0.04533179012345679
1 0.4565972222222222 0.4371141975308642 0.029947916666666668 0.04938271604938271
3 0.6770833333333334 0.2995756172839506 0.07913773148148148 0.08912037037037036
3 0.6155960648148148 0.3638117283950617 0.06669560185185185 0.08198302469135803
3 0.6021412037037037 0.2033179012345679 0.04586226851851852 0.0785108024691358
9 0.12789351851851852 0.8223379629629629 0.03747106481481482 0.04841820987654321
9 0.2761863425925926 0.8580246913580247 0.05078125 0.051118827160493825
9 0.08130787037037036 0.8356481481481481 0.02922453703703704 0.030478395061728395
9 0.2599826388888889 0.935570987654321 0.053385416666666664 0.03665123456790124
9 0.1724537037037037 0.8373842592592593 0.047453703703703706 0.07349537037037036
1 0.3342013888888889 0.7945601851851852 0.03660300925925926 0.04918981481481482
1 0.27372685185185186 0.703125 0.029947916666666668 0.04031635802469136
1 0.23206018518518517 0.7135416666666666 0.03501157407407408 0.04378858024691358
11 0.3370949074074074 0.8759645061728395 0.029947916666666668 0.04918981481481482
8 0.19791666666666666 0.9776234567901234 0.028356481481481483 0.033950617283950615
8 0.11328125 0.7492283950617284 0.029947916666666668 0.030478395061728395
9 0.18041087962962962 0.8885030864197531 0.06756365740740741 0.04031635802469136
7 0.33203125 0.9166666666666666 0.02589699074074074 0.024112654320987654
7 0.30454282407407407 0.9270833333333334 0.025028935185185185 0.022376543209876542
7 0.16420717592592593 0.720679012345679 0.02922453703703704 0.029513888888888888
7 0.1433738425925926 0.9166666666666666 0.023292824074074073 0.02507716049382716
7 0.19169560185185186 0.9216820987654321 0.023292824074074073 0.019675925925925927
7 0.2191840277777778 0.9292052469135802 0.027488425925925927 0.027777777777777776
0 0.24131944444444445 0.8697916666666666 0.027488425925925927 0.030478395061728395
0 0.24291087962962962 0.9068287037037037 0.03660300925925926 0.033950617283950615
0 0.0920138888888889 0.7997685185185185 0.03660300925925926 0.04128086419753087