5 0.124375 0.3681640625 0.13625 0.236328125
5 0.065 0.1337890625 0.1275 0.21484375
5 0.025625 0.421875 0.05125 0.20703125
8 0.5275 0.1416015625 0.06375 0.10546875
8 0.72125 0.462890625 0.0475 0.072265625
8 0.543125 0.3408203125 0.04875 0.09765625
11 0.57875 0.23046875 0.05 0.095703125
9 0.60375 0.44140625 0.0675 0.109375
0 0.588125 0.62890625 0.05375 0.01953125
0 0.776875 0.533203125 0.0675 0.087890625
1 0.69625 0.619140625 0.055 0.0390625
9 0.41125 0.765625 0.11625 0.21484375
8 0.0725 0.923828125 0.0775 0.130859375
2 0.93375 0.75390625 0.1325 0.23046875
9 0.558125 0.958984375 0.13625 0.08203125
9 0.73625 0.8251953125 0.055 0.099609375
9 0.75 0.9638671875 0.0925 0.072265625