0 0.30811138014527845 0.24879614767255218 0.030871670702179176 0.036115569823434994
0 0.1973365617433414 0.3523274478330658 0.028450363196125907 0.033707865168539325
0 0.2917675544794189 0.28491171749598715 0.027239709443099273 0.033707865168539325
0 0.2215496368038741 0.2086677367576244 0.028450363196125907 0.045746388443017656
9 0.2245762711864407 0.2664526484751204 0.04055690072639225 0.04975922953451043
2 0.4794188861985472 0.19903691813804172 0.024213075060532687 0.033707865168539325
7 0.2106537530266344 0.13081861958266452 0.0526634382566586 0.05778491171749599
2 0.2602905569007264 0.3595505617977528 0.03389830508474576 0.027287319422150885
8 0.7730024213075061 0.2592295345104334 0.05750605326876514 0.07865168539325842
8 0.6803874092009685 0.2696629213483146 0.06476997578692494 0.07463884430176565
8 0.6119854721549637 0.2592295345104334 0.0599273607748184 0.06019261637239166
8 0.6549636803874092 0.07624398073836276 0.050242130750605324 0.07223113964686999
11 0.6180387409200968 0.15168539325842698 0.11077481840193705 0.07463884430176565
4 0.2360774818401937 0.5890850722311396 0.059322033898305086 0.11075441412520064
4 0.326271186440678 0.6492776886035313 0.05205811138014528 0.0826645264847512
4 0.34382566585956414 0.7825040128410915 0.04418886198547216 0.07303370786516854
4 0.23547215496368037 0.7447833065810594 0.046610169491525424 0.08908507223113965
4 0.25302663438256656 0.869983948635634 0.046610169491525424 0.09871589085072231
4 0.1271186440677966 0.5256821829855538 0.046610169491525424 0.08908507223113965
7 0.3668280871670702 0.8683788121990369 0.048426150121065374 0.12038523274478331
4 0.3801452784503632 0.7471910112359551 0.0423728813559322 0.06019261637239166
7 0.9424939467312349 0.7078651685393258 0.08958837772397095 0.11075441412520064
7 0.6846246973365617 0.9863563402889246 0.059322033898305086 0.027287319422150885
7 0.9443099273607748 0.5280898876404494 0.09564164648910412 0.13643659711075443