9 0.44875 0.311 0.046875 0.056
9 0.460625 0.145 0.039375 0.048
9 0.34875 0.336 0.04875 0.042
9 0.396875 0.305 0.04875 0.062
8 0.33875 0.09 0.040625 0.048
4 0.500625 0.103 0.03 0.044
4 0.094375 0.155 0.033125 0.044
1 0.186875 0.169 0.0375 0.056
7 0.128125 0.063 0.051875 0.053
6 0.315 0.052 0.033125 0.039
0 0.173125 0.266 0.051875 0.062
1 0.8775 0.257 0.060625 0.046
1 0.883125 0.208 0.051875 0.04
1 0.985625 0.203 0.02875 0.05
1 0.580625 0.074 0.051875 0.049
1 0.690625 0.355 0.07125 0.029
0 0.75875 0.338 0.0925 0.063
0 0.81125 0.213 0.04875 0.067
0 0.85875 0.154 0.0575 0.063
0 0.89375 0.096 0.085 0.084
0 0.931875 0.16 0.051875 0.068
0 0.748125 0.074 0.07875 0.059
0 0.789375 0.134 0.073125 0.061
0 0.635 0.037 0.053125 0.045
0 0.624375 0.148 0.060625 0.054
0 0.65875 0.218 0.055 0.046
8 0.29375 0.571 0.06 0.114
8 0.34125 0.463 0.0525 0.082
4 0.79125 0.571 0.10875 0.146