7 0.195 0.20314842578710646 0.0475 0.044977511244377814
1 0.1545 0.11619190404797601 0.0565 0.03823088455772114
11 0.2035 0.29235382308845576 0.04 0.03823088455772114
11 0.267 0.29235382308845576 0.0235 0.02923538230884558
11 0.0955 0.3193403298350825 0.0235 0.03373313343328336
11 0.2425 0.2331334332833583 0.034 0.024737631184407798
11 0.304 0.24512743628185907 0.0325 0.03823088455772114
11 0.373 0.260119940029985 0.04 0.02923538230884558
11 0.2055 0.10719640179910045 0.0475 0.03973013493253373
0 0.7675 0.020239880059970013 0.121 0.04047976011994003
7 0.952 0.0712143928035982 0.096 0.1424287856071964
8 0.3795 0.9715142428785607 0.059 0.05697151424287856
9 0.433 0.8313343328335832 0.043 0.09145427286356822
9 0.215 0.6656671664167916 0.064 0.09295352323838081
11 0.427 0.5824587706146926 0.055 0.08395802098950525
11 0.107 0.7833583208395802 0.04 0.08545727136431784
11 0.0235 0.636431784107946 0.047 0.10944527736131934
11 0.156 0.5704647676161919 0.061 0.08545727136431784
11 0.2425 0.7556221889055472 0.055 0.0704647676161919
2 0.877 0.5494752623688156 0.15 0.19940029985007496
9 0.8165 0.7578710644677661 0.152 0.1469265367316342
8 0.862 0.6626686656671664 0.093 0.08245877061469266