9 0.30357142857142855 0.3344768439108062 0.03493788819875776 0.07032590051457976
9 0.34860248447204967 0.27958833619210977 0.03571428571428571 0.07890222984562607
9 0.27562111801242234 0.467409948542024 0.05434782608695652 0.07461406518010291
9 0.31521739130434784 0.2478559176672384 0.03571428571428571 0.09433962264150944
8 0.3059006211180124 0.07461406518010291 0.037267080745341616 0.0660377358490566
8 0.19177018633540371 0.05060034305317324 0.02096273291925466 0.04631217838765009
8 0.28183229813664595 0.18610634648370497 0.03804347826086957 0.05660377358490566
8 0.2717391304347826 0.038593481989708404 0.024844720496894408 0.048027444253859346
8 0.21428571428571427 0.3190394511149228 0.03183229813664596 0.05660377358490566
7 0.9456521739130435 0.4262435677530017 0.06055900621118013 0.07718696397941681
7 0.8222049689440993 0.2993138936535163 0.046583850931677016 0.0548885077186964
7 0.6793478260869565 0.029159519725557463 0.07608695652173914 0.058319039451114926
4 0.09782608695652174 0.8987993138936535 0.059782608695652176 0.0548885077186964
4 0.2694099378881988 0.7547169811320755 0.062111801242236024 0.0548885077186964
4 0.31211180124223603 0.8216123499142367 0.05745341614906832 0.03945111492281304
7 0.19099378881987578 0.7058319039451115 0.05745341614906832 0.05060034305317324
7 0.7228260869565217 0.7787307032590052 0.04503105590062112 0.04716981132075472
1 0.6909937888198758 0.8782161234991424 0.05745341614906832 0.038593481989708404
11 0.71972049689441 0.6809605488850772 0.03881987577639751 0.03945111492281304
11 0.7857142857142857 0.6732418524871355 0.021739130434782608 0.030874785591766724
11 0.6040372670807453 0.6612349914236707 0.021739130434782608 0.03516295025728988
11 0.7686335403726708 0.7409948542024014 0.034161490683229816 0.025728987993138937
11 0.8307453416149069 0.7221269296740995 0.031055900621118012 0.0411663807890223
11 0.9013975155279503 0.6981132075471698 0.03881987577639751 0.030017152658662092
11 0.7461180124223602 0.8833619210977701 0.046583850931677016 0.0411663807890223