7 0.07 0.2242152466367713 0.081 0.0968609865470852
7 0.0955 0.33542600896860986 0.071 0.028699551569506727
7 0.0515 0.033632286995515695 0.103 0.06726457399103139
8 0.1825 0.3147982062780269 0.061 0.06995515695067264
0 0.5555 0.32242152466367713 0.121 0.054708520179372194
8 0.355 0.9887892376681614 0.057 0.02242152466367713
8 0.221 0.8874439461883408 0.042 0.05874439461883408
8 0.446 0.5452914798206278 0.0345 0.06233183856502242
11 0.2815 0.7892376681614349 0.0325 0.059641255605381166
11 0.4135 0.5798206278026906 0.026 0.04439461883408072
11 0.3685 0.647085201793722 0.0285 0.042152466367713005
11 0.3555 0.7991031390134529 0.032 0.06591928251121076
11 0.266 0.9385650224215246 0.0305 0.04439461883408072
7 0.2685 0.8748878923766816 0.0475 0.07623318385650224
7 0.339 0.9358744394618834 0.045 0.07982062780269059
3 0.6315 0.5040358744394619 0.209 0.30852017937219733
3 0.6205 0.842152466367713 0.1305 0.20134529147982064
3 0.8 0.7807174887892376 0.2055 0.36278026905829597