11 0.05615942028985507 0.041530944625407164 0.05676328502415459 0.0732899022801303
11 0.012681159420289856 0.0749185667752443 0.025362318840579712 0.06188925081433225
11 0.2463768115942029 0.35993485342019543 0.08695652173913043 0.05211726384364821
11 0.17391304347826086 0.2752442996742671 0.043478260869565216 0.0749185667752443
11 0.34118357487922707 0.023615635179153095 0.035024154589371984 0.04723127035830619
11 0.013285024154589372 0.18811074918566775 0.026570048309178744 0.11889250814332247
8 0.48128019323671495 0.21661237785016288 0.030193236714975844 0.048859934853420196
8 0.22705314009661837 0.21172638436482086 0.04106280193236715 0.05211726384364821
8 0.3140096618357488 0.18078175895765472 0.04106280193236715 0.07166123778501629
0 0.2457729468599034 0.026058631921824105 0.0785024154589372 0.05211726384364821
7 0.12560386473429952 0.21498371335504887 0.043478260869565216 0.06188925081433225
7 0.857487922705314 0.2662866449511401 0.050724637681159424 0.11563517915309446
11 0.2940821256038647 0.757328990228013 0.018115942028985508 0.05130293159609121
11 0.29106280193236717 0.6107491856677525 0.01932367149758454 0.04560260586319218
11 0.2922705314009662 0.5464169381107492 0.012681159420289856 0.023615635179153095
11 0.30978260869565216 0.5993485342019544 0.021135265700483092 0.05863192182410423
1 0.3617149758454106 0.5651465798045603 0.03743961352657005 0.04560260586319218
1 0.37620772946859904 0.5993485342019544 0.021739130434782608 0.05130293159609121
7 0.4969806763285024 0.5252442996742671 0.03260869565217391 0.07736156351791532
8 0.7536231884057971 0.8631921824104235 0.04589371980676329 0.08224755700325732
8 0.8852657004830918 0.6661237785016286 0.034420289855072464 0.05374592833876222
7 0.8351449275362319 0.6091205211726385 0.029589371980676328 0.05211726384364821
7 0.6594202898550725 0.8631921824104235 0.024758454106280192 0.07166123778501629
7 0.8786231884057971 0.499185667752443 0.025966183574879228 0.10504885993485343
8 0.8013285024154589 0.6302931596091205 0.01570048309178744 0.038273615635179156
8 0.8176328502415459 0.6539087947882736 0.019927536231884056 0.04723127035830619