11 0.2101851851851852 0.23055555555555557 0.13703703703703704 0.06666666666666667
11 0.09444444444444444 0.3212962962962963 0.07037037037037037 0.08888888888888889
11 0.36944444444444446 0.07314814814814814 0.020370370370370372 0.07592592592592592
8 0.17222222222222222 0.3972222222222222 0.06666666666666667 0.06296296296296296
8 0.3037037037037037 0.4398148148148148 0.06666666666666667 0.08518518518518518
7 0.025925925925925925 0.3851851851851852 0.05185185185185185 0.07407407407407407
1 0.7398148148148148 0.34629629629629627 0.11203703703703703 0.11018518518518519
1 0.700925925925926 0.2490740740740741 0.11018518518518519 0.06296296296296296
1 0.5685185185185185 0.14444444444444443 0.08333333333333333 0.0962962962962963
1 0.6231481481481481 0.3074074074074074 0.10555555555555556 0.09074074074074075
8 0.45185185185185184 0.19814814814814816 0.06944444444444445 0.08055555555555556
6 0.9009259259259259 0.29259259259259257 0.10740740740740741 0.08055555555555556
11 0.32685185185185184 0.6138888888888889 0.06944444444444445 0.07685185185185185
11 0.2712962962962963 0.7731481481481481 0.09351851851851851 0.12407407407407407
11 0.20462962962962963 0.912962962962963 0.11296296296296296 0.08148148148148149
11 0.15185185185185185 0.8287037037037037 0.09166666666666666 0.08425925925925926
11 0.1648148148148148 0.7268518518518519 0.06388888888888888 0.10648148148148148
11 0.11944444444444445 0.6166666666666667 0.06666666666666667 0.07407407407407407
7 0.08888888888888889 0.7074074074074074 0.062037037037037036 0.08148148148148149
8 0.5203703703703704 0.7694444444444445 0.07962962962962963 0.08703703703703704
8 0.8518518518518519 0.7712962962962963 0.053703703703703705 0.07962962962962963
8 0.8842592592592593 0.8731481481481481 0.05185185185185185 0.07592592592592592
9 0.7435185185185185 0.5768518518518518 0.09074074074074075 0.03518518518518519
9 0.9592592592592593 0.8231481481481482 0.08148148148148149 0.16111111111111112
9 0.700925925925926 0.8398148148148148 0.07962962962962963 0.1259259259259259
0 0.6805555555555556 0.6138888888888889 0.07962962962962963 0.08888888888888889
0 0.5898148148148148 0.8027777777777778 0.07407407407407407 0.08333333333333333
0 0.48518518518518516 0.6157407407407407 0.08333333333333333 0.06481481481481481
0 0.6981481481481482 0.9851851851851852 0.044444444444444446 0.02962962962962963
0 0.7935185185185185 0.7546296296296297 0.053703703703703705 0.07777777777777778