8 0.152734375 0.12936046511627908 0.038671875 0.06346899224806202
8 0.21484375 0.12112403100775193 0.04375 0.060077519379844964
8 0.2609375 0.12936046511627908 0.040234375 0.04844961240310078
8 0.23203125 0.2771317829457364 0.033984375 0.05862403100775194
11 0.25703125 0.21656976744186046 0.07421875 0.060077519379844964
2 0.79765625 0.3066860465116279 0.109375 0.06492248062015504
11 0.813671875 0.1560077519379845 0.11640625 0.12790697674418605
8 0.846875 0.26598837209302323 0.0484375 0.07364341085271318
0 0.978125 0.24079457364341086 0.04375 0.09205426356589147
0 0.418359375 0.3003875968992248 0.10859375 0.07751937984496124
4 0.096484375 0.6317829457364341 0.044140625 0.09689922480620156
4 0.191015625 0.6923449612403101 0.044140625 0.1182170542635659
4 0.302734375 0.7606589147286822 0.042578125 0.09689922480620156
4 0.156640625 0.36627906976744184 0.04453125 0.05426356589147287
4 0.06875 0.47238372093023256 0.02421875 0.054748062015503876
4 0.041796875 0.5121124031007752 0.025390625 0.060562015503875966
4 0.176953125 0.49806201550387597 0.037109375 0.09108527131782945
7 0.040625 0.40891472868217055 0.044140625 0.06976744186046512
5 0.715234375 0.8478682170542635 0.184765625 0.10707364341085271
5 0.575390625 0.8023255813953488 0.18203125 0.12354651162790697
5 0.91015625 0.6201550387596899 0.15234375 0.12063953488372094
5 0.661328125 0.5944767441860465 0.1125 0.10271317829457365
5 0.790234375 0.48498062015503873 0.098046875 0.08478682170542635
5 0.6953125 0.3997093023255814 0.076953125 0.0876937984496124
5 0.526953125 0.7262596899224806 0.121875 0.08478682170542635
5 0.41640625 0.9408914728682171 0.0875 0.0876937984496124
5 0.695703125 0.6841085271317829 0.072265625 0.06686046511627906
5 0.728125 0.6128875968992248 0.0875 0.0625
11 0.953515625 0.7882751937984496 0.04375 0.06395348837209303
11 0.874609375 0.7083333333333334 0.033203125 0.05813953488372093
5 0.581640625 0.6729651162790697 0.097265625 0.07897286821705427