9 0.098125 0.31875 0.11125 0.0225
9 0.32375 0.29875 0.1925 0.0625
5 0.62375 0.155 0.3075 0.2875
5 0.609375 0.29375 0.16625 0.0725
5 0.756875 0.2375 0.06125 0.09125
5 0.85375 0.298125 0.21 0.06375
5 0.87875 0.075625 0.205 0.15125
2 0.554375 0.020625 0.10125 0.04125
4 0.211875 0.800625 0.058125 0.135625
4 0.298125 0.745625 0.05125 0.09875
4 0.320625 0.595625 0.0425 0.088125
4 0.21875 0.623125 0.044375 0.10625
4 0.24 0.481875 0.04625 0.116875
4 0.109375 0.85375 0.044375 0.10625
7 0.345 0.501875 0.049375 0.1425
4 0.351875 0.643125 0.04125 0.076875
2 0.816875 0.953125 0.096875 0.09375
2 0.55375 0.5975 0.06875 0.126875
2 0.488125 0.6425 0.03625 0.135
8 0.85625 0.834375 0.038125 0.0675
8 0.88625 0.780625 0.035 0.0625
9 0.788125 0.695 0.115625 0.176875
2 0.674375 0.51875 0.07 0.121875