11 0.03168685927306617 0.3556763285024155 0.06337371854613234 0.07125603864734299
11 0.1407269338303821 0.4214975845410628 0.05405405405405406 0.036231884057971016
2 0.7152842497670084 0.28019323671497587 0.13466915191053122 0.15760869565217392
11 0.3550792171481827 0.23309178743961353 0.05684995340167754 0.057971014492753624
9 0.35834109972041006 0.15338164251207728 0.11602982292637465 0.11413043478260869
9 0.5442684063373718 0.17753623188405798 0.04473438956197577 0.06582125603864734
9 0.29030754892823857 0.2469806763285024 0.058247903075489285 0.0748792270531401
9 0.49440820130475305 0.27355072463768115 0.07781919850885369 0.08031400966183574
4 0.1999068033550792 0.9498792270531401 0.04100652376514446 0.09963768115942029
4 0.17148182665424044 0.8828502415458938 0.03867660764212488 0.13043478260869565
4 0.08946877912395154 0.75 0.04380242311276794 0.13466183574879226
7 0.11136999068033551 0.7977053140096618 0.03168685927306617 0.11292270531400966
4 0.16495806150978565 0.6871980676328503 0.05172413793103448 0.14794685990338163
0 0.48229263746505124 0.46618357487922707 0.09599254426840634 0.05314009661835749
0 0.5834109972041006 0.4927536231884058 0.11556383970177074 0.10628019323671498
7 0.40540540540540543 0.5555555555555556 0.097856477166822 0.12077294685990338