3 0.76625 0.16833333333333333 0.13625 0.16166666666666665
3 0.92375 0.30583333333333335 0.0875 0.115
3 0.675625 0.08083333333333333 0.13625 0.16166666666666665
3 0.78 0.0375 0.14 0.075
3 0.841875 0.03333333333333333 0.19125 0.06666666666666667
3 0.955 0.1025 0.09 0.13833333333333334
3 0.88 0.1075 0.0925 0.13666666666666666
3 0.585 0.2425 0.12 0.15333333333333332
5 0.325625 0.7766666666666666 0.16875 0.44583333333333336
5 0.195 0.7341666666666666 0.166875 0.43833333333333335
5 0.121875 0.5091666666666667 0.07625 0.11833333333333333
5 0.043125 0.6916666666666667 0.085625 0.31583333333333335
5 0.075625 0.7908333333333334 0.10375 0.23833333333333334
5 0.139375 0.9258333333333333 0.046875 0.09
6 0.74125 0.5325 0.1575 0.165
6 0.949375 0.8358333333333333 0.10125 0.12833333333333333
6 0.57875 0.5333333333333333 0.12375 0.12666666666666668
10 0.544375 0.58 0.075 0.09666666666666666
10 0.7575 0.6791666666666667 0.08 0.09833333333333333
10 0.6525 0.6033333333333334 0.1125 0.12