9 0.158125 0.395 0.10375 0.19
9 0.311875 0.4025 0.10625 0.175
7 0.8625 0.360625 0.06125 0.05625
7 0.779375 0.468125 0.07125 0.04375
7 0.705 0.175625 0.045 0.0475
7 0.743125 0.04 0.05 0.04125
7 0.9475 0.256875 0.0525 0.05875
7 0.99 0.22 0.02 0.0425
7 0.988125 0.019375 0.02375 0.03875
7 0.92875 0.069375 0.07 0.05125
7 0.920625 0.416875 0.04375 0.04625
7 0.933125 0.4625 0.04875 0.04375
7 0.689375 0.309375 0.03625 0.03625
7 0.73375 0.326875 0.035 0.06625
11 0.725 0.45 0.04375 0.0325
11 0.660625 0.3625 0.03875 0.03
11 0.640625 0.26125 0.0475 0.04625
11 0.7025 0.3875 0.0375 0.0325
11 0.62 0.475625 0.04 0.02875
11 0.99375 0.334375 0.0125 0.03875
11 0.77875 0.11375 0.03375 0.05375
11 0.73875 0.09625 0.045 0.03125
11 0.700625 0.105 0.03625 0.0375
11 0.818125 0.43375 0.0375 0.02875
11 0.791875 0.3525 0.04125 0.03125
11 0.829375 0.095 0.03375 0.03
8 0.21 0.925625 0.06 0.05
11 0.34375 0.758125 0.070625 0.058125
11 0.473125 0.594375 0.043125 0.0325
11 0.453125 0.64 0.044375 0.028125
0 0.300625 0.6675 0.07375 0.056875
1 0.845 0.785 0.0725 0.0725
6 0.95 0.62625 0.0575 0.035
6 0.849375 0.53125 0.04625 0.04875
6 0.97625 0.713125 0.04 0.06375
1 0.820625 0.691875 0.08375 0.08125
1 0.750625 0.71625 0.07125 0.0775
1 0.750625 0.618125 0.0725 0.1025
1 0.651875 0.796875 0.08375 0.0875
1 0.751875 0.799375 0.10875 0.0875
1 0.693125 0.88625 0.12 0.085
1 0.665625 0.71 0.095 0.08625
1 0.78375 0.523125 0.085 0.06625
1 0.606875 0.8125 0.01375 0.075
1 0.93625 0.793125 0.0925 0.085
1 0.908125 0.690625 0.07375 0.075
1 0.853125 0.600625 0.1125 0.0825
1 0.951875 0.535 0.09625 0.09
1 0.686875 0.524375 0.09625 0.06875
1 0.65625 0.616875 0.1075 0.08875