11 0.49915038232795245 0.09734513274336283 0.06542056074766354 0.041719342604298354
11 0.5480033984706882 0.10619469026548672 0.0395072217502124 0.03350189633375474
11 0.37128292268479185 0.27307206068268014 0.08963466440101954 0.03666245259165613
11 0.4260832625318607 0.22313527180783818 0.052676295666949875 0.04108723135271808
11 0.22727272727272727 0.12831858407079647 0.04205607476635514 0.030973451327433628
11 0.2625318606627018 0.3413400758533502 0.037383177570093455 0.02654867256637168
11 0.29439252336448596 0.35651074589127685 0.03610875106202209 0.03413400758533502
11 0.5951571792693288 0.30467762326169406 0.04672897196261682 0.02402022756005057
11 0.5683942225998301 0.1586599241466498 0.056074766355140186 0.0606826801517067
8 0.5870858113848768 0.10619469026548672 0.03865760407816483 0.04108723135271808
8 0.127017841971113 0.2402022756005057 0.03610875106202209 0.02718078381795196
8 0.3653355989804588 0.20101137800252844 0.04672897196261682 0.03034134007585335
8 0.34791843670348344 0.06257901390644753 0.05012744265080714 0.030973451327433628
8 0.2786745964316058 0.19911504424778761 0.05012744265080714 0.03982300884955752
0 0.3177570093457944 0.11630847029077118 0.08283772302463892 0.038558786346396964
7 0.461767204757859 0.18836915297092288 0.0514018691588785 0.0347661188369153
6 0.7977909940526763 0.27370417193426044 0.033984706881903144 0.05056890012642225
6 0.8759558198810535 0.2281921618204804 0.0356839422259983 0.035398230088495575
6 0.7591333899745115 0.31542351453855877 0.038232795242141036 0.05815423514538559
6 0.6920135938827527 0.2079646017699115 0.04078164825828377 0.039190897597977246
6 0.6843670348343246 0.3059418457648546 0.06881903143585387 0.08343868520859671
6 0.6627017841971113 0.25979772439949433 0.044180118946474084 0.040455120101137804
10 0.7408666100254885 0.23324905183312264 0.09770603228547153 0.0695322376738306
10 0.8449447748513169 0.29646017699115046 0.044180118946474084 0.06573957016434892
10 0.7829226847918437 0.3634639696586599 0.07391673746813934 0.07964601769911504
10 0.39507221750212407 0.5126422250316056 0.10620220900594732 0.11378002528445007
10 0.5280373831775701 0.638432364096081 0.12829226847918437 0.21238938053097345
10 0.5038232795242141 0.4639696586599241 0.09345794392523364 0.08849557522123894
10 0.4392523364485981 0.43742098609355246 0.07306711979609176 0.035398230088495575
8 0.8122344944774851 0.5461441213653603 0.0475785896346644 0.08533501896333755
8 0.7340696686491079 0.52275600505689 0.03313508920985556 0.05941845764854614
8 0.8525913338997451 0.7123893805309734 0.03143585386576041 0.056890012642225034
8 0.7315208156329651 0.7914032869785083 0.034409515717926935 0.06447534766118837
8 0.945624468988955 0.7446270543615676 0.037807986406117246 0.09292035398230089
4 0.6610025488530161 0.6877370417193426 0.04927782497875956 0.07458912768647281
4 0.864910790144435 0.9096080910240202 0.041206457094307564 0.05436156763590392
4 0.8683092608326253 0.8002528445006322 0.04630416312659303 0.07458912768647281
4 0.927357689039932 0.5758533501896334 0.041206457094307564 0.09544879898862199
9 0.6903143585386576 0.9171934260429836 0.052676295666949875 0.09039190897597978