7 0.20130475302889095 0.4522946859903382 0.05405405405405406 0.10990338164251208
7 0.3201304753028891 0.35507246376811596 0.0754892823858341 0.09178743961352658
11 0.02702702702702703 0.3333333333333333 0.05405405405405406 0.06038647342995169
11 0.14165890027958994 0.3943236714975845 0.048462255358807084 0.06521739130434782
1 0.9384902143522833 0.15821256038647344 0.08946877912395154 0.16485507246376813
1 0.8187325256290774 0.13345410628019325 0.03168685927306617 0.07789855072463768
1 0.8145386766076421 0.21678743961352656 0.030288909599254427 0.06280193236714976
1 0.8126747437092264 0.29891304347826086 0.02749301025163094 0.06099033816425121
1 0.7357875116495806 0.267512077294686 0.0521901211556384 0.11654589371980677
1 0.7357875116495806 0.3725845410628019 0.03774464119291705 0.07669082125603864
1 0.7581547064305685 0.46980676328502413 0.04986020503261883 0.08333333333333333
1 0.8783783783783784 0.3786231884057971 0.05778191985088537 0.13707729468599034
1 0.9342963653308481 0.26811594202898553 0.044268406337371856 0.10748792270531402
1 0.8606710158434296 0.4384057971014493 0.08387698042870456 0.10567632850241546
1 0.8117427772600186 0.5084541062801933 0.036346691519105315 0.07789855072463768
1 0.8047530288909599 0.3864734299516908 0.02749301025163094 0.05555555555555555
1 0.7688723205964585 0.3496376811594203 0.022367194780987885 0.057367149758454104
1 0.853215284249767 0.12681159420289856 0.032618825722273995 0.06582125603864734
1 0.8839701770736254 0.16666666666666666 0.034482758620689655 0.08695652173913043
1 0.9431500465983225 0.4963768115942029 0.02516309412861137 0.059178743961352656
3 0.244641192917055 0.9009661835748792 0.12162162162162163 0.15640096618357488
3 0.06430568499534017 0.7367149758454107 0.11416589002795899 0.15640096618357488
3 0.26095060577819196 0.7518115942028986 0.08946877912395154 0.08393719806763285
3 0.41612301957129544 0.9064009661835749 0.13233923578751164 0.15640096618357488
3 0.3341099720410065 0.7844202898550725 0.12861136999068035 0.19867149758454106
9 0.8289841565703635 0.7584541062801933 0.06290773532152842 0.09178743961352658
8 0.972506989748369 0.9438405797101449 0.01863932898415657 0.049516908212560384
1 0.8052190121155638 0.873792270531401 0.022833178005591797 0.051328502415458936