9 0.256875 0.1631578947368421 0.090625 0.10631578947368421
8 0.4225 0.3821052631578947 0.03 0.035789473684210524
1 0.211875 0.26842105263157895 0.035625 0.056842105263157895
11 0.583125 0.14736842105263157 0.075 0.056842105263157895
11 0.540625 0.17789473684210527 0.05125 0.03894736842105263
11 0.566875 0.2336842105263158 0.05125 0.03894736842105263
11 0.511875 0.26526315789473687 0.049375 0.03894736842105263
11 0.524375 0.21894736842105264 0.060625 0.049473684210526316
11 0.7175 0.061052631578947365 0.05125 0.04105263157894737
11 0.695625 0.08947368421052632 0.05875 0.04631578947368421
11 0.81875 0.09052631578947369 0.105625 0.08315789473684211
11 0.85375 0.1568421052631579 0.105625 0.06526315789473684
11 0.898125 0.2326315789473684 0.116875 0.07789473684210527
11 0.72 0.24736842105263157 0.05875 0.04421052631578947
11 0.75875 0.3105263157894737 0.060625 0.04736842105263158
11 0.828125 0.2810526315789474 0.12875 0.08842105263157894
11 0.878125 0.35157894736842105 0.100625 0.07263157894736842
11 0.808125 0.20842105263157895 0.09125 0.07052631578947369
4 0.216875 0.8368421052631579 0.11625 0.17473684210526316
6 0.59875 0.7705263157894737 0.07875 0.14526315789473684
6 0.501875 0.8347368421052631 0.04375 0.1031578947368421
6 0.51125 0.6568421052631579 0.05375 0.08210526315789474
6 0.485625 0.6957894736842105 0.01125 0.09052631578947369