9 0.09083333333333334 0.31287726358148893 0.0425 0.06438631790744467
9 0.26 0.41448692152917505 0.04833333333333333 0.0482897384305835
9 0.21 0.4124748490945674 0.051666666666666666 0.052313883299798795
8 0.15916666666666668 0.1710261569416499 0.04416666666666667 0.06438631790744467
4 0.0425 0.3008048289738431 0.034166666666666665 0.05835010060362173
4 0.37416666666666665 0.05835010060362173 0.035833333333333335 0.056338028169014086
1 0.31 0.1398390342052314 0.0425 0.07344064386317907
7 0.3075 0.015090543259557344 0.0525 0.029175050301810865
6 0.16083333333333333 0.11569416498993963 0.034166666666666665 0.052313883299798795
0 0.3641666666666667 0.22635814889336017 0.05583333333333333 0.08350100603621731
3 0.23333333333333334 0.6720321931589537 0.09083333333333334 0.16297786720321933
7 0.7383333333333333 0.9557344064386318 0.08666666666666667 0.08853118712273642
8 0.8491666666666666 0.9386317907444668 0.07666666666666666 0.1006036217303823
8 0.5341666666666667 0.9325955734406438 0.06833333333333333 0.09859154929577464
8 0.5866666666666667 0.6991951710261569 0.056666666666666664 0.07243460764587525
8 0.6075 0.8762575452716298 0.08166666666666667 0.08853118712273642
11 0.9275 0.8772635814889336 0.055 0.0744466800804829
11 0.905 0.9416498993963782 0.065 0.07847082494969819
11 0.8741666666666666 0.8812877263581489 0.08 0.096579476861167
11 0.7916666666666666 0.9798792756539235 0.07666666666666666 0.04024144869215292
11 0.605 0.5221327967806841 0.06666666666666667 0.08249496981891348
11 0.6691666666666667 0.5955734406438632 0.07333333333333333 0.08249496981891348
11 0.6908333333333333 0.806841046277666 0.07166666666666667 0.08450704225352113