7 0.2087604846225536 0.0929951690821256 0.06057781919850885 0.11231884057971014
7 0.3336439888164026 0.17632850241545894 0.08014911463187326 0.09782608695652174
11 0.03774464119291705 0.23128019323671498 0.06710158434296365 0.06642512077294686
11 0.15284249767008387 0.15760869565217392 0.0521901211556384 0.06884057971014493
1 0.8569431500465983 0.08091787439613526 0.06244175209692451 0.08091787439613526
6 0.9636533084808947 0.2028985507246377 0.046598322460391424 0.042270531400966184
6 0.9095992544268406 0.3170289855072464 0.04100652376514446 0.05434782608695652
6 0.9655172413793104 0.11533816425120773 0.03727865796831314 0.06642512077294686
1 0.8578751164958062 0.17451690821256038 0.07269338303821063 0.09178743961352658
1 0.8024231127679403 0.16908212560386474 0.06244175209692451 0.08574879227053141
1 0.8215284249767009 0.2602657004830918 0.06710158434296365 0.10869565217391304
1 0.7162162162162162 0.11835748792270531 0.07362534948741846 0.09782608695652174
1 0.7875116495806151 0.09118357487922706 0.09133271202236719 0.10144927536231885
1 0.727865796831314 0.03743961352657005 0.09878844361602983 0.0748792270531401
1 0.7427772600186393 0.1956521739130435 0.08108108108108109 0.09782608695652174
1 0.8657968313140727 0.34903381642512077 0.07362534948741846 0.09541062801932366
1 0.6616961789375583 0.12077294685990338 0.05964585274930102 0.0821256038647343
1 0.9217148182665424 0.050724637681159424 0.07921714818266543 0.09782608695652174
1 0.9212488350419384 0.15338164251207728 0.06430568499534017 0.08333333333333333
1 0.8988816402609506 0.25120772946859904 0.09319664492078285 0.09782608695652174
1 0.9711090400745573 0.3001207729468599 0.05778191985088537 0.13405797101449277
1 0.7972972972972973 0.37077294685990336 0.08294501397949673 0.0966183574879227
1 0.7539608574091333 0.2856280193236715 0.09040074557315937 0.10265700483091787
1 0.6747437092264679 0.2071256038647343 0.06337371854613234 0.10265700483091787
7 0.009319664492078284 0.8894927536231884 0.01863932898415657 0.05434782608695652
7 0.019105312208760484 0.6666666666666666 0.03821062441752097 0.04830917874396135
7 0.030288909599254427 0.5235507246376812 0.05032618825722274 0.0748792270531401
7 0.13560111835973904 0.6231884057971014 0.05498602050326188 0.0785024154589372
7 0.2739981360671016 0.5259661835748792 0.0717614165890028 0.09057971014492754
7 0.08341099720410065 0.6376811594202898 0.04473438956197577 0.05555555555555555
7 0.13560111835973904 0.7475845410628019 0.04100652376514446 0.05314009661835749
8 0.10298229263746506 0.9764492753623188 0.06616961789375582 0.04710144927536232
8 0.3527493010251631 0.8810386473429952 0.07362534948741846 0.05434782608695652
8 0.26700838769804286 0.42934782608695654 0.04007455731593663 0.020531400966183576
8 0.315004659832246 0.48792270531400966 0.02982292637465051 0.057971014492753624
3 0.7264678471575023 0.8858695652173914 0.2092264678471575 0.22826086956521738
3 0.7306616961789375 0.6841787439613527 0.17940354147250698 0.2632850241545894