0 0.55125 0.026875 0.09 0.05375
0 0.63875 0.195625 0.14125 0.19625
0 0.50125 0.224375 0.1075 0.1425
5 0.3125 0.266875 0.1225 0.165
7 0.876875 0.2025 0.024375 0.04
1 0.889375 0.295625 0.0325 0.029375
11 0.885625 0.114375 0.02125 0.03375
11 0.846875 0.101875 0.01125 0.026875
11 0.95625 0.105625 0.01125 0.03125
11 0.8525 0.164375 0.019375 0.020625
11 0.81625 0.141875 0.015625 0.03625
11 0.775625 0.115 0.0225 0.024375
11 0.855625 0.295 0.02625 0.03375
2 0.479375 0.943125 0.19125 0.11375
8 0.175 0.611875 0.07625 0.08375
8 0.0325 0.56375 0.065 0.08
7 0.358125 0.578125 0.06375 0.0875
7 0.043125 0.665 0.0525 0.0475
5 0.86125 0.63625 0.055 0.1
5 0.8925 0.795 0.038125 0.04
5 0.81 0.58125 0.046875 0.085
8 0.965 0.8 0.020625 0.0475
1 0.961875 0.92625 0.03 0.1
8 0.756875 0.8175 0.02375 0.0475