8 0.29443772672309554 0.28475336322869954 0.04171704957678356 0.08385650224215246
7 0.9286577992744861 0.2600896860986547 0.10761789600967352 0.09955156950672646
7 0.6178960096735188 0.3717488789237668 0.09794437726723096 0.08340807174887892
7 0.8095525997581621 0.35022421524663677 0.08948004836759371 0.059192825112107626
8 0.7430471584038694 0.28295964125560535 0.08222490931076179 0.08161434977578476
8 0.6106408706166868 0.5569506726457399 0.11608222490931076 0.04484304932735426
8 0.9268440145102781 0.48654708520179374 0.11003627569528417 0.08699551569506726
1 0.2007255139056832 0.8789237668161435 0.06771463119709795 0.06591928251121076
1 0.13180169286577992 0.6484304932735426 0.12333736396614269 0.13811659192825113
1 0.25151148730350664 0.8798206278026905 0.08464328899637243 0.07533632286995516
1 0.23397823458282951 0.8233183856502242 0.04836759371221282 0.051121076233183856
1 0.3041112454655381 0.8183856502242153 0.02902055622732769 0.03139013452914798
1 0.3518742442563482 0.8022421524663678 0.0761789600967352 0.06591928251121076
1 0.3295042321644498 0.8663677130044843 0.0804111245465538 0.07354260089686099
1 0.27267230955259975 0.842152466367713 0.07073760580411124 0.06905829596412556
1 0.186819830713422 0.7986547085201794 0.08282950423216445 0.08878923766816144
1 0.14268440145102781 0.736322869955157 0.08282950423216445 0.08430493273542601
1 0.4062877871825877 0.8408071748878924 0.07073760580411124 0.07219730941704036
7 0.6862152357920194 0.7201793721973094 0.07255139056831923 0.05829596412556054
7 0.590689238210399 0.9771300448430493 0.08101571946795647 0.045739910313901344
7 0.6856106408706167 0.6304932735426009 0.08101571946795647 0.05022421524663677
7 0.8373639661426844 0.6551569506726458 0.053204353083434096 0.04035874439461883
11 0.5937122128174124 0.7255605381165919 0.05199516324062878 0.036771300448430494