11 0.126 0.07538601271571299 0.056666666666666664 0.04268846503178928
11 0.08533333333333333 0.07947320617620345 0.036 0.0326975476839237
11 0.19866666666666666 0.24795640326975477 0.07466666666666667 0.04041780199818347
11 0.164 0.19754768392370572 0.04733333333333333 0.04041780199818347
11 0.339 0.1271571298819255 0.03666666666666667 0.030426884650317895
11 0.27466666666666667 0.3201634877384196 0.033 0.025885558583106268
11 0.24666666666666667 0.3315168029064487 0.034 0.033151680290644865
11 0.017 0.2579473206176203 0.034 0.025431425976385105
11 0.06 0.12534059945504086 0.053 0.057674841053587646
8 0.05433333333333333 0.07629427792915532 0.03666666666666667 0.03905540417801998
8 0.4003333333333333 0.23887375113533152 0.032 0.026793823796548592
8 0.21566666666666667 0.18256130790190736 0.04066666666666666 0.030426884650317895
8 0.253 0.05676657584014532 0.043333333333333335 0.030881017257039057
8 0.2856666666666667 0.18846503178928248 0.04533333333333334 0.03814713896457766
0 0.26866666666666666 0.1080835603996367 0.07 0.041326067211625794
7 0.14066666666666666 0.16212534059945505 0.044333333333333336 0.03451407811080836
7 0.868 0.28065395095367845 0.03966666666666667 0.03678474114441417
7 0.8256666666666667 0.14668483197093551 0.07766666666666666 0.07129881925522252
2 0.638 0.16939146230699365 0.081 0.06766575840145322
9 0.777 0.24069028156221617 0.06866666666666667 0.06039963669391462
9 0.841 0.2184377838328792 0.04633333333333333 0.041326067211625794
9 0.7053333333333334 0.23160762942779292 0.042333333333333334 0.041326067211625794
11 0.7486666666666667 0.12806539509536785 0.04733333333333333 0.03678474114441417
11 0.738 0.16348773841961853 0.02 0.02134423251589464
11 0.692 0.13260672116257946 0.034 0.030881017257039057
11 0.546 0.2724795640326976 0.03233333333333333 0.02815622161671208
11 0.8016666666666666 0.07720254314259764 0.028 0.029064486830154404
1 0.32166666666666666 0.567211625794732 0.06533333333333333 0.09809264305177112
1 0.38166666666666665 0.9005449591280654 0.118 0.1989100817438692
1 0.2733333333333333 0.5640326975476839 0.081 0.11126248864668484
1 0.2896666666666667 0.6466848319709355 0.04566666666666667 0.0740236148955495
1 0.223 0.6521344232515894 0.027333333333333334 0.048138056312443236
1 0.17733333333333334 0.6739327883742052 0.072 0.0958219800181653
1 0.19866666666666666 0.5812897366030881 0.076 0.1067211625794732
1 0.253 0.6185286103542235 0.06666666666666667 0.10263396911898275
1 0.3333333333333333 0.6848319709355132 0.07833333333333334 0.1307901907356948
1 0.374 0.7756584922797457 0.07966666666666666 0.12443233424159855
1 0.12633333333333333 0.6176203451407811 0.06666666666666667 0.1044504995458674
8 0.7973333333333333 0.6330608537693007 0.06533333333333333 0.09900090826521345
9 0.614 0.8219800181653043 0.06533333333333333 0.0971843778383288