7 0.486875 0.5300448430493273 0.085 0.09058295964125561
7 0.261875 0.331390134529148 0.08125 0.07443946188340807
7 0.428125 0.41121076233183856 0.08125 0.04753363228699552
8 0.326875 0.45112107623318387 0.0625 0.07533632286995516
8 0.380625 0.13632286995515694 0.095 0.08968609865470852
11 0.259375 0.026457399103139014 0.14375 0.05291479820627803
11 0.18375 0.2515695067264574 0.065 0.06995515695067264
1 0.62 0.1358744394618834 0.02125 0.05784753363228699
1 0.654375 0.2695067264573991 0.018125 0.05201793721973094
1 0.616875 0.47040358744394617 0.018125 0.04035874439461883
8 0.9 0.3905829596412556 0.0175 0.060089686098654706
9 0.9275 0.13632286995515694 0.04 0.08968609865470852
2 0.766875 0.37488789237668163 0.03875 0.07937219730941704
11 0.721875 0.2367713004484305 0.034375 0.0484304932735426
4 0.39125 0.8479820627802691 0.07125 0.053811659192825115
4 0.245 0.7834080717488789 0.07125 0.06636771300448431
4 0.0725 0.7098654708520179 0.06875 0.053811659192825115
4 0.2375 0.9820627802690582 0.07375 0.034080717488789235
4 0.405625 0.947085201793722 0.039375 0.030493273542600896
4 0.459375 0.9327354260089686 0.041875 0.034080717488789235
4 0.231875 0.9 0.05875 0.05201793721973094
7 0.44125 0.9865470852017937 0.07375 0.026905829596412557
3 0.785 0.8434977578475337 0.0625 0.09372197309417041