2 0.18373493975903615 0.23747980613893377 0.04397590361445783 0.11389337641357028
9 0.28012048192771083 0.42326332794830374 0.02891566265060241 0.1050080775444265
8 0.29156626506024097 0.5266558966074314 0.02891566265060241 0.06462035541195477
7 0.15180722891566265 0.3675282714054927 0.02530120481927711 0.05250403877221325
7 0.18674698795180722 0.4862681744749596 0.030120481927710843 0.07431340872374798
7 0.2216867469879518 0.45718901453957994 0.030120481927710843 0.07431340872374798
6 0.6397590361445783 0.3570274636510501 0.04457831325301205 0.05977382875605816
6 0.5253012048192771 0.3150242326332795 0.04819277108433735 0.03877221324717286
6 0.6987951807228916 0.40306946688206785 0.04939759036144578 0.06946688206785137
6 0.7825301204819277 0.252827140549273 0.05542168674698795 0.04361873990306947
6 0.8036144578313253 0.3756058158319871 0.0927710843373494 0.09531502423263329
6 0.8289156626506025 0.31260096930533116 0.060240963855421686 0.045234248788368334
10 0.7162650602409638 0.2948303715670436 0.13734939759036144 0.07108239095315025
10 0.5759036144578313 0.39579967689822293 0.05783132530120482 0.07754442649434572
10 0.6698795180722892 0.46849757673667203 0.10120481927710843 0.0888529886914378
6 0.05602409638554217 0.9636510500807755 0.11204819277108434 0.07269789983844911
6 0.32349397590361445 0.875605815831987 0.07108433734939759 0.10016155088852989
10 0.1144578313253012 0.877221324717286 0.06867469879518072 0.07592891760904685
10 0.02469879518072289 0.869951534733441 0.04939759036144578 0.08562197092084006
8 0.763855421686747 0.875605815831987 0.0746987951807229 0.10662358642972536
1 0.786144578313253 0.574313408723748 0.04216867469879518 0.030694668820678513