7 0.12890625 0.40694444444444444 0.0546875 0.041666666666666664
11 0.0947265625 0.24444444444444444 0.046875 0.075
11 0.173828125 0.20277777777777778 0.025390625 0.06111111111111111
11 0.1728515625 0.3402777777777778 0.041015625 0.04722222222222222
11 0.244140625 0.2777777777777778 0.03515625 0.07777777777777778
11 0.322265625 0.20555555555555555 0.046875 0.05555555555555555
9 0.6337890625 0.2222222222222222 0.091796875 0.125
2 0.521484375 0.11944444444444445 0.0625 0.13055555555555556
2 0.390625 0.40694444444444444 0.04296875 0.041666666666666664
8 0.642578125 0.3861111111111111 0.0703125 0.08333333333333333
11 0.1787109375 0.7625 0.08203125 0.07777777777777778
11 0.35546875 0.7680555555555556 0.02734375 0.075
7 0.1943359375 0.675 0.041015625 0.04722222222222222
7 0.087890625 0.7347222222222223 0.056640625 0.058333333333333334
7 0.2890625 0.7888888888888889 0.099609375 0.14166666666666666
7 0.048828125 0.6763888888888889 0.0390625 0.03611111111111111
7 0.2255859375 0.6347222222222222 0.037109375 0.05277777777777778
2 0.6826171875 0.7583333333333333 0.0751953125 0.11388888888888889
9 0.490234375 0.6222222222222222 0.048828125 0.10694444444444444
8 0.453125 0.5152777777777777 0.048828125 0.08472222222222223
7 0.71875 0.6111111111111112 0.0419921875 0.05416666666666667
7 0.642578125 0.5097222222222222 0.052734375 0.07222222222222222
7 0.5849609375 0.5569444444444445 0.052734375 0.07222222222222222