2 0.21696428571428572 0.27589285714285716 0.05892857142857143 0.10535714285714286
9 0.07589285714285714 0.20892857142857144 0.04017857142857143 0.09553571428571428
8 0.04196428571428571 0.12857142857142856 0.039285714285714285 0.07946428571428571
7 0.22767857142857142 0.14642857142857144 0.03125 0.05
7 0.16785714285714284 0.08214285714285714 0.04017857142857143 0.06875
7 0.13392857142857142 0.13392857142857142 0.04017857142857143 0.06875
7 0.61875 0.3044642857142857 0.12857142857142856 0.13214285714285715
7 0.8303571428571429 0.013392857142857142 0.08928571428571429 0.026785714285714284
2 0.9482142857142857 0.10267857142857142 0.10357142857142858 0.1125
0 0.9794642857142857 0.30892857142857144 0.04107142857142857 0.11071428571428571
0 0.8241071428571428 0.20714285714285716 0.18928571428571428 0.15357142857142858
0 0.9553571428571429 0.03125 0.08928571428571429 0.0625
0 0.73125 0.045535714285714284 0.06964285714285715 0.09107142857142857
6 0.5044642857142857 0.38660714285714287 0.05357142857142857 0.06785714285714285
10 0.13839285714285715 0.525 0.11964285714285715 0.09285714285714286
10 0.2892857142857143 0.49642857142857144 0.11071428571428571 0.03571428571428571
10 0.225 0.5080357142857143 0.05357142857142857 0.05892857142857143
10 0.3125 0.5803571428571429 0.06964285714285715 0.06964285714285715
11 0.5955357142857143 0.8964285714285715 0.06607142857142857 0.05892857142857143
11 0.55625 0.9008928571428572 0.039285714285714285 0.06607142857142857
7 0.8535714285714285 0.8767857142857143 0.075 0.08392857142857142