7 0.17625 0.2677130044843049 0.065625 0.13318385650224215
7 0.256875 0.5345291479820627 0.06625 0.19417040358744395
2 0.8125 0.415695067264574 0.04375 0.10269058295964126
9 0.669375 0.3506726457399103 0.056875 0.11659192825112108
9 0.70375 0.06726457399103139 0.056875 0.09147982062780269
8 0.736875 0.14977578475336323 0.04875 0.07982062780269059
8 0.749375 0.017040358744394617 0.04625 0.034080717488789235
8 0.73125 0.3708520179372197 0.04 0.08206278026905829
8 0.914375 0.33004484304932735 0.056875 0.09372197309417041
8 0.8 0.05022421524663677 0.035 0.059192825112107626
8 0.793125 0.2946188340807175 0.04875 0.08206278026905829
7 0.734375 0.6609865470852018 0.03625 0.07309417040358744
9 0.619375 0.41434977578475335 0.050625 0.08654708520179372
7 0.74375 0.5641255605381166 0.059375 0.13228699551569506
7 0.6325 0.5035874439461884 0.0475 0.09147982062780269
7 0.7025 0.3309417040358744 0.04375 0.08206278026905829
7 0.809375 0.1336322869955157 0.04125 0.06636771300448431
7 0.64625 0.695067264573991 0.06 0.0484304932735426
7 0.70625 0.5798206278026906 0.03625 0.07757847533632287
7 0.6675 0.4439461883408072 0.029375 0.054708520179372194
7 0.586875 0.6165919282511211 0.04625 0.09820627802690583
7 0.6675 0.6071748878923767 0.026875 0.05246636771300448
7 0.69125 0.5170403587443946 0.035 0.06636771300448431
7 0.740625 0.06726457399103139 0.03875 0.07085201793721974
7 0.6375 0.22152466367713006 0.04875 0.06636771300448431
7 0.7225 0.2932735426008969 0.0375 0.06143497757847534
7 0.754375 0.3255605381165919 0.035 0.06143497757847534
7 0.39625 0.7457399103139013 0.0875 0.05291479820627803
7 0.249375 0.952914798206278 0.09875 0.08251121076233184
7 0.386875 0.8484304932735426 0.09125 0.05829596412556054
8 0.275 0.8260089686098655 0.0825 0.08071748878923767
7 0.668125 0.7811659192825112 0.12875 0.08609865470852018