7 0.24433333333333335 0.2077534791252485 0.06833333333333333 0.08001988071570576
7 0.30366666666666664 0.12823061630218688 0.07466666666666667 0.061630218687872766
7 0.188 0.07157057654075547 0.05266666666666667 0.05715705765407555
6 0.633 0.3702783300198807 0.022333333333333334 0.030815109343936383
7 0.814 0.28677932405566603 0.04466666666666667 0.05069582504970179
7 0.7483333333333333 0.10089463220675944 0.03666666666666667 0.04572564612326044
8 0.7026666666666667 0.29970178926441354 0.028666666666666667 0.04025844930417495
7 0.6643333333333333 0.12872763419483102 0.03933333333333333 0.05069582504970179
7 0.6683333333333333 0.2117296222664016 0.03666666666666667 0.05815109343936382
1 0.182 0.7405566600397614 0.079 0.1272365805168986
1 0.095 0.6446322067594433 0.059333333333333335 0.06858846918489066
1 0.384 0.8101391650099403 0.036333333333333336 0.07007952286282307
1 0.14633333333333334 0.7137176938369781 0.06466666666666666 0.09145129224652088
1 0.282 0.7833001988071571 0.06266666666666666 0.08648111332007952
1 0.18033333333333335 0.6361829025844931 0.059333333333333335 0.06858846918489066
1 0.22833333333333333 0.6625248508946322 0.057 0.09940357852882704
5 0.647 0.8031809145129225 0.414 0.39363817097415504
5 0.9626666666666667 0.8325049701789264 0.07466666666666667 0.16401590457256462