9 0.24375 0.433125 0.1575 0.26875
9 0.39625 0.4625 0.145 0.20875
1 0.8225 0.250625 0.099375 0.135625
1 0.769375 0.340625 0.08875 0.08625
1 0.64875 0.41 0.075625 0.116875
1 0.73 0.2575 0.090625 0.116875
8 0.58 0.32 0.063125 0.0975
6 0.9225 0.3525 0.090625 0.105
6 0.301875 0.969375 0.15125 0.06125
6 0.044375 0.9075 0.08875 0.075
6 0.180625 0.8925 0.12125 0.0825
10 0.17625 0.84375 0.07 0.06625
10 0.38875 0.92 0.07625 0.06625
10 0.270625 0.898125 0.11 0.07875
9 0.74 0.766875 0.065 0.07375
9 0.93 0.893125 0.08375 0.08
9 0.668125 0.759375 0.04875 0.0475
9 0.86875 0.976875 0.085 0.04625
9 0.795 0.810625 0.08375 0.10875
1 0.98875 0.689375 0.0225 0.06125
1 0.940625 0.68125 0.06 0.06625
11 0.989375 0.94875 0.02125 0.0725
8 0.760625 0.99 0.04875 0.02
8 0.756875 0.664375 0.05 0.0475
9 0.780625 0.881875 0.10625 0.07
7 0.97875 0.99 0.0425 0.02
7 0.935625 0.990625 0.04125 0.01875
7 0.841875 0.654375 0.0475 0.04625
7 0.714375 0.898125 0.03875 0.03875
7 0.78 0.930625 0.03875 0.03125
7 0.815 0.955625 0.04625 0.0425
0 0.875625 0.89 0.04625 0.0475
0 0.85875 0.939375 0.06 0.05375
0 0.70125 0.71875 0.0625 0.06375