8 0.25272727272727274 0.373828125 0.09757575757575758 0.114453125
8 0.356969696969697 0.3765625 0.09757575757575758 0.125
8 0.563939393939394 0.27890625 0.07212121212121213 0.114453125
8 0.3324242424242424 0.134375 0.08484848484848485 0.0859375
11 0.20484848484848484 0.040234375 0.07393939393939394 0.08046875
1 0.08484848484848485 0.096484375 0.059393939393939395 0.078125
1 0.9266666666666666 0.306640625 0.06363636363636363 0.0859375
8 0.6957575757575758 0.348828125 0.04303030303030303 0.0609375
8 0.8693939393939394 0.248828125 0.07696969696969697 0.07890625
11 0.8451515151515151 0.33359375 0.11696969696969697 0.11953125
11 0.8596969696969697 0.466796875 0.04666666666666667 0.04609375
11 0.8051515151515152 0.40703125 0.08484848484848485 0.09921875
11 0.9551515151515152 0.44375 0.06909090909090909 0.0921875
11 0.4863636363636364 0.544921875 0.1 0.11015625
11 0.546060606060606 0.76484375 0.07333333333333333 0.1140625
11 0.4309090909090909 0.79453125 0.07757575757575758 0.1109375
1 0.14 0.51796875 0.12727272727272726 0.05625
9 0.906969696969697 0.661328125 0.03515151515151515 0.087109375
9 0.8351515151515152 0.631640625 0.04303030303030303 0.08515625
7 0.8842424242424243 0.73984375 0.025454545454545455 0.047265625
8 0.8663636363636363 0.61328125 0.02212121212121212 0.047265625
8 0.7548484848484849 0.849609375 0.026060606060606062 0.042578125
8 0.7087878787878787 0.923046875 0.026060606060606062 0.037890625
8 0.7687878787878788 0.61171875 0.04393939393939394 0.071484375
8 0.7748484848484849 0.65390625 0.018484848484848486 0.037109375
7 0.6615151515151515 0.87578125 0.029696969696969697 0.048046875
7 0.8348484848484848 0.552734375 0.02878787878787879 0.051171875
7 0.7927272727272727 0.682421875 0.026060606060606062 0.04375
7 0.9115151515151515 0.771484375 0.026060606060606062 0.04375
7 0.7254545454545455 0.864453125 0.029696969696969697 0.05
7 0.8009090909090909 0.5859375 0.030606060606060605 0.0546875