8 0.37616822429906543 0.0829103214890017 0.09423676012461059 0.07021996615905245
8 0.25778816199376947 0.12013536379018612 0.08878504672897196 0.0829103214890017
8 0.0646417445482866 0.2707275803722504 0.0529595015576324 0.0829103214890017
8 0.37305295950155765 0.29441624365482233 0.08644859813084112 0.046531302876480544
11 0.5498442367601246 0.3206429780033841 0.06853582554517133 0.05752961082910321
1 0.6627725856697819 0.22927241962774958 0.050623052959501556 0.050761421319796954
11 0.9532710280373832 0.21658206429780033 0.031931464174454825 0.043993231810490696
11 0.9672897196261683 0.17681895093062605 0.02102803738317757 0.031302876480541454
11 0.9447040498442367 0.12944162436548223 0.02102803738317757 0.031302876480541454
11 0.9649532710280374 0.08714043993231811 0.02102803738317757 0.031302876480541454
11 0.9672897196261683 0.13367174280879865 0.024143302180685357 0.04060913705583756
11 0.9034267912772586 0.32741116751269034 0.02102803738317757 0.0338409475465313
11 0.9096573208722741 0.2952622673434856 0.024143302180685357 0.03722504230118443
11 0.8473520249221184 0.3206429780033841 0.042834890965732085 0.06852791878172589
11 0.8169781931464174 0.26649746192893403 0.04906542056074766 0.047377326565143825
11 0.778816199376947 0.20304568527918782 0.0514018691588785 0.0583756345177665
11 0.8644859813084113 0.14974619289340102 0.024143302180685357 0.03553299492385787
11 0.8325545171339563 0.09729272419627749 0.02570093457943925 0.038917089678511
11 0.8037383177570093 0.1412859560067682 0.05763239875389408 0.06683587140439932
11 0.764797507788162 0.08629441624365482 0.042834890965732085 0.05668358714043993
11 0.8294392523364486 0.20642978003384094 0.0381619937694704 0.0583756345177665
8 0.5981308411214953 0.9822335025380711 0.04361370716510903 0.03553299492385787
9 0.40420560747663553 0.6294416243654822 0.059190031152647975 0.12351945854483926
0 0.26479750778816197 0.5989847715736041 0.09657320872274143 0.08798646362098139
0 0.4657320872274143 0.7774957698815567 0.06542056074766354 0.07614213197969544
0 0.3839563862928349 0.7749576988155669 0.045171339563862926 0.07106598984771574
0 0.20015576323987538 0.7851099830795262 0.102803738317757 0.16243654822335024
0 0.1043613707165109 0.5998307952622673 0.04984423676012461 0.08629441624365482
0 0.5965732087227414 0.8079526226734348 0.06542056074766354 0.07445008460236886
0 0.2803738317757009 0.7707275803722504 0.07165109034267912 0.07614213197969544
0 0.3652647975077882 0.9179357021996616 0.09968847352024922 0.05583756345177665
0 0.5 0.8900169204737732 0.06542056074766354 0.10998307952622674
11 0.4057632398753894 0.988155668358714 0.06697819314641744 0.023688663282571912
7 0.8964174454828661 0.5338409475465313 0.07320872274143302 0.08798646362098139