7 0.03875 0.15891472868217055 0.07625 0.045542635658914726
7 0.155 0.19089147286821706 0.10875 0.05717054263565891
7 0.6275 0.14534883720930233 0.06375 0.04748062015503876
7 0.525 0.15988372093023256 0.07625 0.044573643410852716
7 0.31875 0.07364341085271318 0.09625 0.05426356589147287
7 0.365 0.20348837209302326 0.09875 0.044573643410852716
8 0.51625 0.20251937984496124 0.1025 0.04748062015503876
8 0.75375 0.02616279069767442 0.0925 0.05232558139534884
8 0.98 0.10852713178294573 0.04 0.10465116279069768
8 0.88125 0.313953488372093 0.1125 0.031007751937984496
8 0.85125 0.24224806201550386 0.1025 0.09689922480620156
2 0.885 0.061046511627906974 0.17 0.12209302325581395
7 0.9575 0.19670542635658914 0.08 0.06395348837209303
6 0.31625 0.46027131782945735 0.1575 0.2616279069767442
6 0.46125 0.4951550387596899 0.13 0.1928294573643411
6 0.40375 0.625 0.08125 0.12112403100775193
6 0.26625 0.6705426356589147 0.07375 0.1434108527131783
6 0.22 0.5668604651162791 0.0825 0.14631782945736435
6 0.1925 0.8643410852713178 0.09625 0.14631782945736435
6 0.36 0.8217054263565892 0.0575 0.09108527131782945
6 0.295 0.7819767441860465 0.06125 0.0939922480620155
6 0.455 0.6831395348837209 0.0675 0.11627906976744186
6 0.55375 0.5746124031007752 0.05625 0.09689922480620156
6 0.58375 0.6608527131782945 0.05125 0.08527131782945736
6 0.52375 0.6686046511627907 0.07625 0.1298449612403101
6 0.58 0.7848837209302325 0.05 0.08817829457364341
6 0.09125 0.8246124031007752 0.0625 0.08527131782945736
6 0.27125 0.9186046511627907 0.06 0.09689922480620156
6 0.17 0.685077519379845 0.08625 0.1375968992248062
6 0.12125 0.37209302325581395 0.05 0.08527131782945736
6 0.145 0.6298449612403101 0.0425 0.07170542635658915
6 0.435 0.5775193798449613 0.0575 0.08817829457364341
6 0.39625 0.5474806201550387 0.0475 0.08236434108527131
6 0.42875 0.8275193798449613 0.06625 0.10174418604651163
6 0.28 0.5281007751937985 0.07875 0.1298449612403101
9 0.83375 0.5910852713178295 0.06625 0.19186046511627908
8 0.67 0.6172480620155039 0.02 0.08914728682170543
8 0.67 0.7538759689922481 0.02 0.08914728682170543
1 0.82125 0.7936046511627907 0.0275 0.09883720930232558