8 0.1504237288135593 0.19818456883509833 0.0480225988700565 0.09757942511346444
8 0.211864406779661 0.16944024205748864 0.05296610169491525 0.09531013615733737
8 0.2598870056497175 0.16944024205748864 0.046610169491525424 0.07791225416036308
8 0.2556497175141243 0.3956127080181543 0.04307909604519774 0.0907715582450832
11 0.2711864406779661 0.2987897125567322 0.08121468926553672 0.10514372163388805
2 0.5699152542372882 0.321482602118003 0.2189265536723164 0.21331316187594554
9 0.6370056497175142 0.1043872919818457 0.2175141242937853 0.16338880484114976
8 0.5812146892655368 0.20574886535552195 0.1327683615819209 0.09228441754916793
9 0.1370056497175141 0.6346444780635401 0.1285310734463277 0.14523449319213314
9 0.2274011299435028 0.5529500756429652 0.1440677966101695 0.08623298033282904
9 0.3213276836158192 0.7405446293494705 0.03531073446327684 0.16792738275340394
9 0.2902542372881356 0.9062027231467473 0.09745762711864407 0.1875945537065053
8 0.3255649717514124 0.9379727685325264 0.026836158192090395 0.0907715582450832
0 0.0346045197740113 0.6376701966717095 0.0692090395480226 0.1043872919818457
0 0.015536723163841809 0.7655068078668684 0.031073446327683617 0.06959152798789713
0 0.19562146892655366 0.9084720121028744 0.09745762711864407 0.11346444780635401
0 0.3234463276836158 0.5491679273827534 0.031073446327683617 0.060514372163388806
2 0.4738700564971751 0.5801815431164902 0.15112994350282485 0.09606656580937972
2 0.7337570621468926 0.642965204236006 0.06567796610169492 0.048411497730711045
9 0.3961864406779661 0.7420574886535553 0.11440677966101695 0.08018154311649017
0 0.4971751412429379 0.9531013615733737 0.10522598870056497 0.07034795763993948
2 0.6991525423728814 0.6119515885022693 0.059322033898305086 0.04387291981845688