1 0.216875 0.553125 0.05875 0.05125
1 0.07375 0.0225 0.06 0.045
5 0.838125 0.461875 0.09125 0.105
5 0.93625 0.334375 0.10875 0.1075
5 0.964375 0.209375 0.07125 0.12375
5 0.821875 0.0675 0.045 0.04625
7 0.33625 0.76 0.09 0.0775
11 0.32 0.62875 0.050625 0.060625
11 0.26 0.97875 0.05875 0.041875
0 0.35625 0.888125 0.06875 0.066875
8 0.831875 0.58625 0.05125 0.015
11 0.73625 0.75875 0.06125 0.0675
11 0.64625 0.949375 0.0325 0.03875
11 0.65625 0.898125 0.0375 0.03375
0 0.778125 0.858125 0.06375 0.0675