0 0.09628543499511241 0.30125 0.07624633431085044 0.105
5 0.16373411534701857 0.0275 0.12805474095796676 0.055
2 0.5913978494623656 0.184375 0.06451612903225806 0.14125
1 0.8817204301075269 0.055625 0.039100684261974585 0.05625
1 0.5782013685239492 0.104375 0.03812316715542522 0.06375
0 0.6388074291300098 0.09875 0.05083088954056696 0.085
9 0.3724340175953079 0.6725 0.25317693059628543 0.23125
9 0.4789833822091887 0.459375 0.1603128054740958 0.09875
9 0.09628543499511241 0.778125 0.14467253176930597 0.225
9 0.9325513196480938 0.56 0.043010752688172046 0.098125
9 0.9208211143695014 0.825625 0.036656891495601175 0.084375
9 0.8563049853372434 0.49125 0.041544477028347994 0.07875
9 0.8910068426197458 0.555 0.04398826979472141 0.106875
8 0.8181818181818182 0.87375 0.03763440860215054 0.084375
4 0.9472140762463344 0.903125 0.028836754643206255 0.075625
4 0.6329423264907136 0.696875 0.030303030303030304 0.075625
1 0.70772238514174 0.7025 0.03519061583577713 0.095625
7 0.6485826001955034 0.85125 0.045454545454545456 0.095625
6 0.7947214076246334 0.925625 0.028836754643206255 0.0675
0 0.7091886608015641 0.545 0.047898338220918865 0.109375