7 0.3802966101694915 0.34980237154150196 0.036016949152542374 0.09090909090909091
7 0.2955508474576271 0.3695652173913043 0.05508474576271186 0.1225296442687747
7 0.01694915254237288 0.05731225296442688 0.03389830508474576 0.09881422924901186
7 0.07838983050847458 0.14031620553359683 0.038135593220338986 0.09486166007905138
7 0.2457627118644068 0.041501976284584984 0.046610169491525424 0.08300395256916997
7 0.15889830508474576 0.3102766798418972 0.05508474576271186 0.08695652173913043
8 0.0646186440677966 0.24308300395256918 0.05508474576271186 0.09486166007905138
3 0.8252118644067796 0.2549407114624506 0.11864406779661017 0.13438735177865613
3 0.8538135593220338 0.35968379446640314 0.12182203389830508 0.1067193675889328
3 0.7033898305084746 0.34980237154150196 0.10699152542372882 0.07114624505928854
3 0.5805084745762712 0.1976284584980237 0.1239406779661017 0.11067193675889328
3 0.7033898305084746 0.2450592885375494 0.10699152542372882 0.10474308300395258
6 0.1917372881355932 0.8399209486166008 0.057203389830508475 0.11857707509881422
6 0.2478813559322034 0.7727272727272727 0.046610169491525424 0.1067193675889328
6 0.1917372881355932 0.6758893280632411 0.06991525423728813 0.11857707509881422
6 0.0625 0.6996047430830039 0.09322033898305085 0.15810276679841898
6 0.057203389830508475 0.8952569169960475 0.11440677966101695 0.1225296442687747
6 0.1472457627118644 0.9169960474308301 0.029661016949152543 0.06719367588932806
6 0.2902542372881356 0.8675889328063241 0.08686440677966102 0.15810276679841898
9 0.503177966101695 0.8596837944664032 0.09322033898305085 0.13043478260869565
9 0.6991525423728814 0.9130434782608695 0.07627118644067797 0.17391304347826086
9 0.784957627118644 0.83399209486166 0.048728813559322036 0.08695652173913043
8 0.6408898305084746 0.9387351778656127 0.03177966101694915 0.10276679841897234
8 0.5296610169491526 0.7509881422924901 0.038135593220338986 0.07509881422924901
1 0.5826271186440678 0.9545454545454546 0.038135593220338986 0.09090909090909091
8 0.5720338983050848 0.8735177865612648 0.046610169491525424 0.07114624505928854
7 0.753177966101695 0.7747035573122529 0.059322033898305086 0.07509881422924901