9 0.30979978925184404 0.193125 0.059009483667017915 0.24625
7 0.08798735511064278 0.350625 0.10432033719704953 0.09875
1 0.5184404636459431 0.37625 0.04320337197049526 0.03625
1 0.41938883034773444 0.37625 0.04320337197049526 0.034375
1 0.583245521601686 0.366875 0.03108535300316122 0.033125
2 0.731822971548999 0.110625 0.07692307692307693 0.056875
2 0.42096944151738674 0.21125 0.06375131717597471 0.066875
9 0.5769230769230769 0.22875 0.0779768177028451 0.049375
2 0.7555321390937829 0.02 0.0779768177028451 0.04
3 0.22075869336143308 0.71125 0.05637513171759747 0.09375
3 0.2581664910432034 0.641875 0.04794520547945205 0.0875
3 0.2766069546891465 0.78125 0.03371970495258166 0.078125
8 0.6833508956796628 0.550625 0.06217070600632244 0.07
8 0.7760800842992623 0.46625 0.044257112750263436 0.06125
9 0.6912539515279241 0.496875 0.04741833508956796 0.0475
9 0.6164383561643836 0.6425 0.07270811380400422 0.0675
2 0.832982086406744 0.615625 0.09905163329820864 0.10625
2 0.5943097997892518 0.5525 0.0505795574288725 0.07
2 0.8767123287671232 0.505 0.05584826132771338 0.06875
7 0.5605900948366702 0.7725 0.08535300316122234 0.1075