9 0.1816 0.01972386587771203 0.0592 0.03944773175542406
9 0.1104 0.1883629191321499 0.0496 0.05621301775147929
9 0.3072 0.021696252465483234 0.0608 0.04339250493096647
9 0.2392 0.03451676528599606 0.0608 0.06903353057199212
8 0.2352 0.30177514792899407 0.0512 0.05621301775147929
4 0.0472 0.21992110453648916 0.0376 0.05226824457593689
4 0.5496 0.32840236686390534 0.0416 0.05226824457593689
1 0.444 0.27317554240631164 0.0472 0.0670611439842209
7 0.4776 0.41222879684418146 0.0648 0.054240631163708086
6 0.2512 0.35404339250493094 0.0416 0.046351084812623275
0 0.4944 0.16962524654832348 0.0648 0.07297830374753451
10 0.8824 0.2603550295857988 0.176 0.1952662721893491
11 0.7296 0.08875739644970414 0.0464 0.07889546351084813
7 0.3824 0.7189349112426036 0.0928 0.10355029585798817
7 0.4568 0.6005917159763313 0.1104 0.07297830374753451
7 0.264 0.5443786982248521 0.076 0.07593688362919132
7 0.8048 0.757396449704142 0.072 0.11242603550295859
2 0.7536 0.5710059171597633 0.0928 0.11439842209072978
0 0.8984 0.5276134122287969 0.1616 0.15187376725838264
0 0.72 0.6587771203155819 0.0608 0.11834319526627218
0 0.7144 0.7514792899408284 0.0496 0.07100591715976332
0 0.912 0.7317554240631163 0.056 0.09664694280078895