7 0.26 0.3031767955801105 0.045 0.04834254143646409
7 0.10083333333333333 0.07251381215469613 0.05333333333333334 0.04696132596685083
7 0.3325 0.052486187845303865 0.05 0.04558011049723757
2 0.165 0.012430939226519336 0.056666666666666664 0.024861878453038673
9 0.1475 0.2803867403314917 0.06333333333333334 0.06629834254143646
9 0.2575 0.09737569060773481 0.08666666666666667 0.055248618784530384
9 0.7391666666666666 0.1899171270718232 0.06833333333333333 0.04558011049723757
9 0.6816666666666666 0.26795580110497236 0.075 0.052486187845303865
8 0.7216666666666667 0.319060773480663 0.05 0.04834254143646409
8 0.7141666666666666 0.1388121546961326 0.04833333333333333 0.04005524861878453
11 0.8066666666666666 0.0925414364640884 0.05333333333333334 0.0649171270718232
11 0.9575 0.44820441988950277 0.056666666666666664 0.04696132596685083
7 0.8908333333333334 0.10980662983425414 0.03833333333333333 0.03038674033149171
7 0.9391666666666667 0.0393646408839779 0.03666666666666667 0.031767955801104975
7 0.7616666666666667 0.007596685082872928 0.03666666666666667 0.015193370165745856
7 0.6633333333333333 0.10911602209944751 0.035 0.027624309392265192
7 0.8558333333333333 0.06284530386740332 0.04 0.031767955801104975
7 0.8808333333333334 0.058011049723756904 0.041666666666666664 0.04005524861878453
7 0.9291666666666667 0.17265193370165746 0.05333333333333334 0.04281767955801105
8 0.7675 0.2845303867403315 0.035 0.029005524861878452
8 0.7758333333333334 0.30662983425414364 0.035 0.026243093922651933
7 0.7841666666666667 0.10359116022099447 0.051666666666666666 0.04281767955801105
7 0.6541666666666667 0.2058011049723757 0.028333333333333332 0.03038674033149171
8 0.685 0.3632596685082873 0.02666666666666667 0.022099447513812154
8 0.725 0.3611878453038674 0.03166666666666667 0.024861878453038673
8 0.7058333333333333 0.35151933701657456 0.02666666666666667 0.023480662983425413
8 0.6825 0.3294198895027624 0.02666666666666667 0.022099447513812154
8 0.7091666666666666 0.16022099447513813 0.03833333333333333 0.027624309392265192
7 0.6666666666666666 0.31560773480662985 0.045 0.034530386740331494
7 0.6891666666666667 0.21408839779005526 0.03166666666666667 0.026243093922651933
7 0.6933333333333334 0.1132596685082873 0.06666666666666667 0.055248618784530384
11 0.77 0.22997237569060774 0.045 0.034530386740331494
11 0.8141666666666667 0.21132596685082872 0.03666666666666667 0.029005524861878452
11 0.7941666666666667 0.212707182320442 0.028333333333333332 0.029005524861878452
11 0.6816666666666666 0.04419889502762431 0.03166666666666667 0.024861878453038673
11 0.7141666666666666 0.07251381215469613 0.025 0.020718232044198894
11 0.81 0.013121546961325966 0.041666666666666664 0.024861878453038673
11 0.8 0.05041436464088398 0.025 0.020718232044198894
11 0.8475 0.020027624309392266 0.03166666666666667 0.026243093922651933
11 0.7275 0.28107734806629836 0.041666666666666664 0.03314917127071823
11 0.5891666666666666 0.8494475138121547 0.10166666666666667 0.09046961325966851
7 0.21083333333333334 0.6650552486187845 0.14333333333333334 0.0718232044198895
1 0.9441666666666667 0.800414364640884 0.11166666666666666 0.24171270718232044