7 0.20948905109489052 0.3977272727272727 0.059124087591240874 0.09621212121212121
7 0.291970802919708 0.14393939393939395 0.05401459854014599 0.11136363636363636
7 0.2145985401459854 0.08712121212121213 0.042335766423357665 0.0893939393939394
7 0.3218978102189781 0.43106060606060603 0.041605839416058395 0.06363636363636363
7 0.27445255474452557 0.29015151515151516 0.032846715328467155 0.07196969696969698
7 0.26423357664233577 0.20909090909090908 0.02846715328467153 0.06136363636363636
8 0.22627737226277372 0.5265151515151515 0.03795620437956204 0.04621212121212121
4 0.8927007299270073 0.20606060606060606 0.10802919708029197 0.08636363636363636
4 0.7598540145985402 0.5007575757575757 0.11824817518248175 0.09393939393939393
4 0.8416058394160584 0.10454545454545454 0.13284671532846715 0.14242424242424243
4 0.608029197080292 0.4106060606060606 0.07445255474452554 0.09696969696969697
4 0.618978102189781 0.5045454545454545 0.10218978102189781 0.09090909090909091
4 0.8240875912408759 0.3484848484848485 0.09343065693430656 0.07121212121212121
4 0.8708029197080291 0.38106060606060604 0.07883211678832117 0.06363636363636363
5 0.9277372262773723 0.44242424242424244 0.14452554744525548 0.15757575757575756
2 0.7788321167883212 0.2628787878787879 0.09781021897810219 0.11363636363636363
5 0.14087591240875913 0.6310606060606061 0.28175182481751826 0.1621212121212121
5 0.20437956204379562 0.7272727272727273 0.13576642335766423 0.09696969696969697
5 0.06350364963503649 0.7742424242424243 0.12700729927007298 0.1303030303030303
5 0.1335766423357664 0.8098484848484848 0.20583941605839415 0.12272727272727273
5 0.3182481751824818 0.8022727272727272 0.17518248175182483 0.10151515151515152
5 0.4065693430656934 0.6272727272727273 0.09635036496350365 0.07272727272727272
5 0.2927007299270073 0.9484848484848485 0.072992700729927 0.1
5 0.2321167883211679 0.9015151515151515 0.14452554744525548 0.10454545454545454
5 0.18467153284671534 0.8643939393939394 0.11532846715328467 0.09090909090909091
5 0.3364963503649635 0.7151515151515152 0.10948905109489052 0.0696969696969697
3 0.583941605839416 0.6666666666666666 0.24817518248175183 0.16590909090909092
3 0.8518248175182481 0.7628787878787879 0.181021897810219 0.11515151515151516
3 0.6948905109489051 0.8128787878787879 0.15036496350364964 0.1
3 0.9094890510948905 0.8378787878787879 0.181021897810219 0.13712121212121212
1 0.7941605839416058 0.6984848484848485 0.18759124087591242 0.12196969696969696
1 0.7868613138686131 0.6174242424242424 0.1854014598540146 0.11969696969696969