9 0.5682432432432433 0.03783783783783784 0.11756756756756757 0.07567567567567568
9 0.6614864864864864 0.09797297297297297 0.13513513513513514 0.10810810810810811
9 0.518918918918919 0.21486486486486486 0.13378378378378378 0.11081081081081082
9 0.38513513513513514 0.23378378378378378 0.15135135135135136 0.12972972972972974
0 0.4581081081081081 0.031081081081081083 0.08648648648648649 0.062162162162162166
0 0.7662162162162162 0.07567567567567568 0.05810810810810811 0.051351351351351354
0 0.5925675675675676 0.31216216216216214 0.09864864864864865 0.07837837837837838
0 0.6547297297297298 0.2682432432432432 0.08783783783783784 0.06756756756756757
0 0.9033783783783784 0.03513513513513514 0.14189189189189189 0.07027027027027027
11 0.24662162162162163 0.3824324324324324 0.060810810810810814 0.02702702702702703
6 0.02702702702702703 0.7236486486486486 0.05405405405405406 0.07702702702702703
3 0.6695945945945946 0.4966216216216216 0.4155405405405405 0.2554054054054054
3 0.8587837837837838 0.9324324324324325 0.1222972972972973 0.13445945945945945
3 0.4972972972972973 0.8966216216216216 0.13513513513513514 0.13445945945945945
3 0.5047297297297297 0.6621621621621622 0.27297297297297296 0.3277027027027027
3 0.6695945945945946 0.6756756756756757 0.2 0.252027027027027