8 0.16459276018099547 0.4116591928251121 0.041289592760180995 0.09103139013452914
8 0.11255656108597285 0.3632286995515695 0.03902714932126697 0.10762331838565023
8 0.02828054298642534 0.1672645739910314 0.02319004524886878 0.10762331838565023
8 0.16346153846153846 0.1367713004484305 0.03789592760180995 0.06098654708520179
11 0.2403846153846154 0.10224215246636771 0.02997737556561086 0.07443946188340807
1 0.290158371040724 0.2210762331838565 0.022058823529411766 0.06636771300448431
7 0.8710407239819005 0.4856502242152466 0.07013574660633484 0.06726457399103139
7 0.6419683257918553 0.31524663677130044 0.0667420814479638 0.07085201793721974
7 0.8020361990950227 0.3820627802690583 0.07013574660633484 0.04394618834080718
8 0.7160633484162896 0.4295964125560538 0.049773755656108594 0.07354260089686099
8 0.7234162895927602 0.11210762331838565 0.07918552036199095 0.08520179372197309
8 0.9615384615384616 0.2811659192825112 0.07692307692307693 0.07085201793721974
11 0.5961538461538461 0.017937219730941704 0.12217194570135746 0.03587443946188341
11 0.5610859728506787 0.24170403587443945 0.053167420814479636 0.06726457399103139
11 0.1430995475113122 0.6591928251121076 0.06334841628959276 0.03228699551569507
11 0.09615384615384616 0.8663677130044843 0.05542986425339366 0.033183856502242155
9 0.2839366515837104 0.7928251121076233 0.027149321266968326 0.028699551569506727
5 0.18778280542986425 0.9650224215246637 0.07805429864253394 0.04663677130044843
5 0.1414027149321267 0.8215246636771301 0.0757918552036199 0.04663677130044843
5 0.22737556561085973 0.8089686098654708 0.10972850678733032 0.06457399103139014
5 0.09841628959276018 0.7556053811659192 0.07352941176470588 0.04125560538116592
5 0.1425339366515837 0.6946188340807175 0.08823529411764706 0.04932735426008968
7 0.3020361990950226 0.7390134529147983 0.033936651583710405 0.03766816143497758
9 0.21097285067873303 0.6565022421524663 0.06787330316742081 0.042152466367713005
9 0.21210407239819004 0.7331838565022422 0.07805429864253394 0.03766816143497758
9 0.03167420814479638 0.7130044843049327 0.05542986425339366 0.04035874439461883
4 0.6114253393665159 0.7807174887892376 0.1165158371040724 0.10762331838565023