2 0.16875 0.2191780821917808 0.040625 0.10342465753424658
9 0.06484375 0.3424657534246575 0.026171875 0.09726027397260274
8 0.0453125 0.4404109589041096 0.026171875 0.0773972602739726
7 0.18828125 0.3527397260273973 0.02265625 0.04863013698630137
7 0.147265625 0.44452054794520546 0.028515625 0.06575342465753424
7 0.11640625 0.40136986301369865 0.028515625 0.06575342465753424
2 0.838671875 0.4301369863013699 0.04765625 0.08356164383561644
9 0.534765625 0.10821917808219178 0.0953125 0.12191780821917808
9 0.43828125 0.28904109589041094 0.15 0.23150684931506849
9 0.59765625 0.410958904109589 0.08671875 0.1178082191780822
11 0.152734375 0.8054794520547945 0.0125 0.04315068493150685
11 0.158984375 0.6917808219178082 0.01328125 0.03904109589041096
11 0.16015625 0.6410958904109589 0.00859375 0.02054794520547945
11 0.147265625 0.6794520547945205 0.01484375 0.049315068493150684
1 0.116015625 0.6458904109589041 0.024609375 0.04041095890410959
1 0.105859375 0.6705479452054794 0.01484375 0.04315068493150685
7 0.032421875 0.5965753424657534 0.02265625 0.06506849315068493
9 0.358203125 0.7801369863013699 0.03671875 0.12465753424657534
9 0.592578125 0.7678082191780822 0.07265625 0.10273972602739725
9 0.811328125 0.7034246575342465 0.07578125 0.12191780821917808
9 0.712890625 0.584931506849315 0.0546875 0.10684931506849316
9 0.7328125 0.6931506849315069 0.04609375 0.07534246575342465
9 0.62734375 0.9178082191780822 0.0625 0.09315068493150686
9 0.84296875 0.7993150684931507 0.053125 0.08904109589041095
9 0.89453125 0.541095890410959 0.0484375 0.043835616438356165
1 0.509765625 0.6246575342465753 0.04140625 0.12876712328767123
1 0.661328125 0.8054794520547945 0.0234375 0.056164383561643834
11 0.394921875 0.7952054794520548 0.03515625 0.09178082191780822
11 0.65625 0.5438356164383562 0.0578125 0.049315068493150684
7 0.662890625 0.6493150684931507 0.04375 0.06027397260273973
7 0.693359375 0.7486301369863013 0.03828125 0.06438356164383562
7 0.3875 0.8835616438356164 0.03203125 0.07534246575342465