7 0.143125 0.3081395348837209 0.04625 0.1124031007751938
7 0.136875 0.44670542635658916 0.0525 0.08236434108527131
7 0.231875 0.438953488372093 0.036875 0.07945736434108527
1 0.35375 0.4631782945736434 0.05625 0.10271317829457365
1 0.413125 0.22965116279069767 0.04875 0.09302325581395349
2 0.656875 0.03682170542635659 0.09875 0.07364341085271318
11 0.5725 0.24806201550387597 0.085 0.09496124031007752
8 0.2175 0.8052325581395349 0.06625 0.07364341085271318
9 0.25875 0.6366279069767442 0.058125 0.0939922480620155
7 0.30375 0.9147286821705426 0.0325 0.08139534883720931
7 0.18125 0.7277131782945736 0.0525 0.07848837209302326
9 0.2475 0.7112403100775194 0.060625 0.08333333333333333
7 0.78375 0.7848837209302325 0.089375 0.05813953488372093
7 0.534375 0.6443798449612403 0.08625 0.05717054263565891
0 0.580625 0.7461240310077519 0.0775 0.04263565891472868
0 0.790625 0.8604651162790697 0.064375 0.03682170542635659
11 0.75625 0.9098837209302325 0.0625 0.030038759689922482