7 0.22984356197352587 0.30307941653160453 0.07099879663056559 0.07293354943273905
7 0.39951865222623345 0.16531604538087522 0.06377858002406739 0.08833063209076175
7 0.32912154031287605 0.07617504051863858 0.048736462093862815 0.06969205834683954
7 0.34657039711191334 0.39546191247974066 0.04993983152827918 0.04781199351701783
7 0.33574007220216606 0.2625607779578606 0.03910950661853189 0.055915721231766614
7 0.34777376654632974 0.19611021069692058 0.03309265944645006 0.04781199351701783
8 0.2075812274368231 0.41572123176661263 0.04632972322503008 0.04781199351701783
7 0.6155234657039711 0.21555915721231766 0.07340553549939831 0.11993517017828201
7 0.7166064981949458 0.3184764991896272 0.10348977135980746 0.09238249594813615
8 0.855595667870036 0.21150729335494328 0.06016847172081829 0.10048622366288493
1 0.3971119133574007 0.7649918962722853 0.358604091456077 0.4700162074554295
1 0.19193742478941034 0.7917341977309562 0.1233453670276775 0.26904376012965964
1 0.08363417569193743 0.7787682333873582 0.13116726835138387 0.3119935170178282
10 0.7888086642599278 0.7820097244732577 0.19855595667870035 0.25364667747163694