7 0.30125 0.11916666666666667 0.12 0.23833333333333334
8 0.9275 0.12083333333333333 0.04125 0.07
8 0.78875 0.06416666666666666 0.03875 0.03333333333333333
9 0.738125 0.07666666666666666 0.05375 0.09666666666666666
9 0.801875 0.015833333333333335 0.05125 0.03166666666666667
7 0.943125 0.42916666666666664 0.04125 0.07166666666666667
7 0.885625 0.3775 0.02125 0.05333333333333334
7 0.976875 0.27666666666666667 0.04625 0.09666666666666666
7 0.85875 0.41333333333333333 0.03125 0.04833333333333333
1 0.066875 0.8133333333333334 0.044375 0.11166666666666666
4 0.2125 0.7166666666666667 0.03625 0.09666666666666666
8 0.67625 0.6891666666666667 0.095625 0.0875
9 0.54875 0.87 0.076875 0.11833333333333333
7 0.579375 0.5091666666666667 0.070625 0.0775
7 0.698125 0.8041666666666667 0.07375 0.09416666666666666
9 0.595 0.7858333333333334 0.08625 0.10166666666666667