9 0.4283783783783784 0.06696428571428571 0.04391891891891892 0.07053571428571428
9 0.44391891891891894 0.28125 0.03783783783783784 0.06160714285714286
9 0.33175675675675675 0.04017857142857143 0.04527027027027027 0.05267857142857143
9 0.3783783783783784 0.07767857142857143 0.04527027027027027 0.07767857142857143
8 0.3290540540540541 0.35892857142857143 0.03918918918918919 0.06160714285714286
4 0.48445945945945945 0.3339285714285714 0.029054054054054056 0.05714285714285714
4 0.0918918918918919 0.2875 0.03175675675675676 0.054464285714285715
1 0.1810810810810811 0.2642857142857143 0.03513513513513514 0.07053571428571428
7 0.12702702702702703 0.4044642857142857 0.04864864864864865 0.06607142857142857
6 0.30743243243243246 0.4089285714285714 0.030405405405405407 0.048214285714285716
0 0.16418918918918918 0.1392857142857143 0.05 0.07767857142857143
9 0.675 0.425 0.07702702702702703 0.06607142857142857
9 0.8959459459459459 0.4035714285714286 0.056081081081081084 0.06696428571428571
9 0.5513513513513514 0.2580357142857143 0.043243243243243246 0.10357142857142858
9 0.8081081081081081 0.1875 0.04121621621621622 0.05357142857142857
8 0.5722972972972973 0.41964285714285715 0.04594594594594595 0.05625
8 0.7 0.3794642857142857 0.060810810810810814 0.04375
8 0.8932432432432432 0.3357142857142857 0.04594594594594595 0.05
11 0.6945945945945946 0.18839285714285714 0.062162162162162166 0.09821428571428571
7 0.8081081081081081 0.06607142857142857 0.0445945945945946 0.054464285714285715
7 0.5655405405405406 0.15982142857142856 0.0445945945945946 0.05625
11 0.9 0.25625 0.0804054054054054 0.060714285714285714
9 0.35405405405405405 0.9116071428571428 0.15675675675675677 0.1767857142857143
8 0.5087837837837837 0.7830357142857143 0.041891891891891894 0.06607142857142857
11 0.010135135135135136 0.8741071428571429 0.02027027027027027 0.0625
11 0.09864864864864865 0.7008928571428571 0.05 0.048214285714285716
11 0.1912162162162162 0.6973214285714285 0.04864864864864865 0.04642857142857143
11 0.17297297297297298 0.7732142857142857 0.05810810810810811 0.06607142857142857
9 0.09256756756756757 0.7830357142857143 0.05675675675675676 0.0625
6 0.5851351351351352 0.5901785714285714 0.05405405405405406 0.08392857142857142
6 0.6493243243243243 0.5258928571428572 0.04594594594594595 0.060714285714285714