7 0.08235294117647059 0.12460815047021943 0.08705882352941176 0.07366771159874608
7 0.2088235294117647 0.15282131661442006 0.09 0.0932601880877743
7 0.4958823529411765 0.48040752351097177 0.07529411764705882 0.07915360501567398
7 0.43058823529411766 0.3981191222570533 0.06352941176470588 0.07366771159874608
7 0.18529411764705883 0.3981191222570533 0.07823529411764706 0.0877742946708464
7 0.36941176470588233 0.25156739811912227 0.08705882352941176 0.0713166144200627
8 0.47411764705882353 0.3377742946708464 0.08705882352941176 0.0768025078369906
9 0.8688235294117647 0.29545454545454547 0.26235294117647057 0.512539184952978
11 0.8552941176470589 0.5454545454545454 0.07529411764705882 0.047021943573667714
7 0.2529411764705882 0.8377742946708464 0.10588235294117647 0.06896551724137931
11 0.30411764705882355 0.7507836990595611 0.07294117647058823 0.06191222570532915
0 0.36470588235294116 0.6990595611285266 0.06411764705882353 0.054858934169279
0 0.2570588235294118 0.7688087774294671 0.057058823529411766 0.041536050156739814
0 0.26294117647058823 0.6575235109717869 0.05058823529411765 0.04623824451410658
0 0.2570588235294118 0.5995297805642633 0.07176470588235294 0.061128526645768025
0 0.5635294117647058 0.7476489028213166 0.07176470588235294 0.04780564263322884
0 0.52 0.7139498432601881 0.04470588235294118 0.06191222570532915
0 0.45529411764705885 0.7876175548589341 0.06647058823529411 0.045454545454545456
0 0.45705882352941174 0.6637931034482759 0.07411764705882352 0.054075235109717866
0 0.3447058823529412 0.7821316614420063 0.05058823529411765 0.050156739811912224
0 0.07352941176470588 0.7421630094043887 0.07647058823529412 0.06269592476489028
9 0.9629411764705882 0.6943573667711599 0.05764705882352941 0.0987460815047022
9 0.8294117647058824 0.877742946708464 0.06470588235294118 0.10188087774294671