9 0.23 0.011299435028248588 0.04 0.022598870056497175
4 0.09375 0.2975517890772128 0.02875 0.04896421845574388
1 0.1575 0.2391713747645951 0.0325 0.062146892655367235
7 0.14375 0.35969868173258 0.0425 0.03766478342749529
0 0.12 0.15065913370998116 0.045 0.0696798493408663
1 0.416875 0.2033898305084746 0.140625 0.08286252354048965
1 0.569375 0.14218455743879474 0.0675 0.04331450094161959
1 0.824375 0.10451977401129943 0.21125 0.1120527306967985
1 0.88875 0.1807909604519774 0.108125 0.09416195856873823
1 0.681875 0.20998116760828625 0.108125 0.07250470809792843
1 0.68625 0.3380414312617702 0.073125 0.07062146892655367
1 0.53125 0.3493408662900188 0.205 0.0583804143126177
0 0.3625 0.08757062146892655 0.225 0.12617702448210924
8 0.1625 0.78060263653484 0.065 0.1111111111111111
8 0.226875 0.8455743879472694 0.04625 0.08286252354048965
1 0.355 0.7862523540489642 0.07875 0.07344632768361582
1 0.43875 0.8615819209039548 0.096875 0.0583804143126177
1 0.739375 0.7080979284369114 0.244375 0.096045197740113
1 0.685625 0.5555555555555556 0.24875 0.10546139359698682
1 0.32875 0.6148775894538606 0.123125 0.06779661016949153
1 0.4925 0.6911487758945386 0.135625 0.07156308851224105
1 0.29125 0.6986817325800376 0.0825 0.08286252354048965