0 0.28 0.41375 0.12 0.1125
0 0.1675 0.43375 0.1325 0.0725
1 0.640625 0.2825 0.115 0.09875
1 0.4775 0.27 0.0875 0.051875
1 0.935625 0.206875 0.0525 0.054375
1 0.58 0.28625 0.09375 0.07
1 0.79 0.250625 0.091875 0.06625
1 0.58375 0.2125 0.08875 0.051875
1 0.65875 0.20125 0.080625 0.078125
8 0.065 0.805 0.031875 0.07375
8 0.061875 0.95625 0.02125 0.05875
8 0.270625 0.53125 0.021875 0.06375
8 0.26125 0.593125 0.021875 0.056875
9 0.220625 0.859375 0.0225 0.09875
9 0.185 0.851875 0.039375 0.07
9 0.193125 0.7875 0.0325 0.065
9 0.33 0.858125 0.02 0.07
5 0.055 0.615625 0.0275 0.066875
0 0.318125 0.68 0.04375 0.15
0 0.31375 0.571875 0.025625 0.095
0 0.261875 0.6725 0.064375 0.10875
0 0.12125 0.64375 0.04 0.146875
0 0.164375 0.6875 0.075625 0.15375
7 0.171875 0.765 0.013125 0.04
7 0.134375 0.570625 0.02 0.05875
7 0.2275 0.754375 0.023125 0.05875
9 0.450625 0.608125 0.22125 0.24625
7 0.4075 0.88875 0.11125 0.11125
7 0.789375 0.485625 0.12375 0.03125