7 0.1596153846153846 0.3695150115473441 0.01 0.044457274826789836
7 0.13538461538461538 0.10277136258660508 0.013461538461538462 0.03983833718244804
7 0.20884615384615385 0.1374133949191686 0.012307692307692308 0.03983833718244804
2 0.16307692307692306 0.04734411085450346 0.01423076923076923 0.03983833718244804
9 0.12730769230769232 0.3204387990762125 0.015 0.06004618937644342
9 0.18076923076923077 0.16454965357967669 0.024615384615384615 0.03983833718244804
1 0.9338461538461539 0.23267898383371824 0.047692307692307694 0.06235565819861432
1 0.8892307692307693 0.15531177829099307 0.07153846153846154 0.04503464203233257
1 0.5665384615384615 0.25346420323325636 0.20346153846153847 0.061200923787528866
1 0.5553846153846154 0.3960739030023095 0.20346153846153847 0.06986143187066975
1 0.8926923076923077 0.38856812933025403 0.09346153846153846 0.05023094688221709
1 0.7773076923076923 0.2996535796766744 0.10461538461538461 0.05254041570438799
1 0.9661538461538461 0.3204387990762125 0.06769230769230769 0.0687066974595843
8 0.05307692307692308 0.7251732101616628 0.04 0.04157043879907621
9 0.0034615384615384616 0.8215935334872979 0.006923076923076923 0.06351039260969978
9 0.1373076923076923 0.9884526558891455 0.040769230769230766 0.023094688221709007
11 0.2326923076923077 0.9486143187066974 0.022307692307692306 0.05889145496535797
11 0.1280769230769231 0.9312933025404158 0.036153846153846154 0.042725173210161664
9 0.7292307692307692 0.6605080831408776 0.14923076923076922 0.16628175519630484
2 0.5726923076923077 0.7488452655889145 0.045384615384615384 0.08891454965357967
2 0.5542307692307692 0.6541570438799076 0.04846153846153846 0.09122401847575058
2 0.9792307692307692 0.7453810623556582 0.04153846153846154 0.09815242494226328
7 0.5692307692307692 0.9468822170900693 0.08923076923076922 0.10623556581986143