7 0.1983876621100596 0.3043345543345543 0.07553452506133894 0.06837606837606838
7 0.42043463021381 0.391025641025641 0.06922537679635471 0.057692307692307696
7 0.2809323519102699 0.3705738705738706 0.06396775324220119 0.040293040293040296
7 0.0781633368384157 0.18956043956043955 0.1002453557658605 0.06715506715506715
8 0.3333333333333333 0.3253968253968254 0.05765860497721696 0.05647130647130647
8 0.4141254819488258 0.53998778998779 0.0825446898002103 0.06898656898656899
8 0.18769716088328076 0.4627594627594628 0.0781633368384157 0.05891330891330891
11 0.5450403084472485 0.6062271062271062 0.1189975464423414 0.08669108669108669
11 0.501577287066246 0.42796092796092794 0.05853487556957589 0.05280830280830281
11 0.7989835261128636 0.10164835164835165 0.021556256572029444 0.06715506715506715
11 0.7809323519102699 0.1617826617826618 0.018752190676480898 0.06715506715506715
11 0.8391167192429022 0.3971306471306471 0.019978969505783387 0.0808913308913309
11 0.8378899404135998 0.08302808302808302 0.02611286365229583 0.08516483516483517
7 0.8271994391868209 0.23717948717948717 0.019978969505783387 0.07539682539682539
7 0.9072905713284262 0.2490842490842491 0.02488608482299334 0.09065934065934066
7 0.7628811777076762 0.31013431013431014 0.02278303540133193 0.05891330891330891
7 0.7059235892043463 0.4603174603174603 0.015422362425517 0.04945054945054945
7 0.6740273396424816 0.36752136752136755 0.011216263582194182 0.04242979242979243
7 0.7882930248860848 0.41208791208791207 0.01331931300385559 0.04120879120879121
7 0.7623554153522608 0.19474969474969475 0.018226428321065545 0.061660561660561664
1 0.4107956536978619 0.9169719169719169 0.052926743778478794 0.0695970695970696
1 0.3601472134595163 0.981074481074481 0.04030844724851034 0.03785103785103785
1 0.6121626358219419 0.938034188034188 0.06519453207150368 0.10744810744810745
1 0.5473186119873817 0.9737484737484737 0.06203995793901157 0.052503052503052504
1 0.2334384858044164 0.9865689865689866 0.04977216964598668 0.026862026862026864
11 0.33631265334735366 0.728021978021978 0.06694707325622153 0.056776556776556776
7 0.9039607430774623 0.825091575091575 0.05310199789695058 0.07356532356532357
7 0.8536628110760602 0.8403540903540904 0.04504030844724851 0.046703296703296704
7 0.9554854539081669 0.9075091575091575 0.03610234840518752 0.05372405372405373