7 0.4275 0.31 0.015 0.0625
7 0.615 0.320625 0.0475 0.055
7 0.73375 0.255 0.03625 0.04
7 0.8925 0.090625 0.06 0.0425
1 0.11875 0.809375 0.05375 0.0775
1 0.110625 0.724375 0.046875 0.06875
1 0.014375 0.723125 0.025625 0.085625
1 0.385 0.466875 0.046875 0.08375
1 0.29875 0.971875 0.06375 0.055625
0 0.233125 0.945 0.08375 0.109375
0 0.178125 0.7275 0.04125 0.115625
0 0.13 0.626875 0.05125 0.109375
0 0.09375 0.528125 0.075 0.14375
0 0.0625 0.643125 0.04375 0.118125
0 0.2275 0.48 0.07125 0.09875
0 0.193125 0.586875 0.065 0.103125
0 0.33125 0.405625 0.046875 0.0775
0 0.3475 0.6 0.05375 0.09
0 0.32 0.723125 0.048125 0.079375
7 0.930625 0.768125 0.05375 0.05375
7 0.689375 0.90625 0.06125 0.045
11 0.9125 0.59125 0.02375 0.04875
11 0.9575 0.660625 0.035 0.05375
11 0.79875 0.8975 0.0475 0.0425
11 0.458125 0.698125 0.04875 0.0425
11 0.514375 0.715 0.04875 0.07125
11 0.800625 0.5 0.03625 0.04125