0 0.18055555555555555 0.2081447963800905 0.027777777777777776 0.043740573152337855
0 0.27958937198067635 0.0784313725490196 0.026570048309178744 0.04147812971342383
0 0.1956521739130435 0.1636500754147813 0.024154589371980676 0.043740573152337855
0 0.25905797101449274 0.25565610859728505 0.025362318840579712 0.058069381598793365
9 0.2560386473429952 0.1847662141779789 0.036231884057971016 0.06033182503770739
2 0.02717391304347826 0.2737556561085973 0.021739130434782608 0.04147812971342383
7 0.27053140096618356 0.3491704374057315 0.04891304347826087 0.07239819004524888
2 0.22282608695652173 0.07239819004524888 0.030193236714975844 0.03544494720965309
9 0.5857487922705314 0.18627450980392157 0.14251207729468598 0.15233785822021115
1 0.748792270531401 0.22850678733031674 0.04830917874396135 0.07390648567119155
9 0.2886473429951691 0.7692307692307693 0.34057971014492755 0.46153846153846156
7 0.06159420289855073 0.6847662141779789 0.06521739130434782 0.11613876319758673
9 0.8768115942028986 0.8024132730015083 0.08333333333333333 0.09954751131221719
9 0.9710144927536232 0.7843137254901961 0.050724637681159424 0.0693815987933635
9 0.9565217391304348 0.6975867269984917 0.05676328502415459 0.058823529411764705
8 0.5398550724637681 0.6176470588235294 0.057971014492753624 0.06184012066365008
8 0.6177536231884058 0.5165912518853696 0.04468599033816425 0.013574660633484163
2 0.4692028985507246 0.6236802413273002 0.020531400966183576 0.07390648567119155
2 0.4945652173913043 0.7345399698340875 0.07125603864734299 0.11764705882352941
0 0.6515700483091788 0.6561085972850679 0.04710144927536232 0.08295625942684766