7 0.2075 0.1425 0.019642857142857142 0.035
7 0.21285714285714286 0.335625 0.023571428571428573 0.034375
7 0.3053571428571429 0.274375 0.02214285714285714 0.033125
2 0.2575 0.35875 0.025 0.034375
9 0.17214285714285715 0.193125 0.027857142857142858 0.048125
9 0.2642857142857143 0.270625 0.038214285714285715 0.04
10 0.7996428571428571 0.1825 0.21857142857142858 0.23875
10 0.6107142857142858 0.176875 0.19178571428571428 0.223125
10 0.4657142857142857 0.130625 0.05142857142857143 0.08875
10 0.7982142857142858 0.051875 0.23357142857142857 0.10375
10 0.9353571428571429 0.191875 0.0625 0.09375
10 0.9757142857142858 0.266875 0.04857142857142857 0.105
11 0.4057142857142857 0.87875 0.06857142857142857 0.12125
11 0.3142857142857143 0.68125 0.13714285714285715 0.18875
11 0.20285714285714285 0.518125 0.1457142857142857 0.141875
11 0.16428571428571428 0.64625 0.12 0.135
11 0.2057142857142857 0.7775 0.1 0.158125
11 0.18285714285714286 0.939375 0.09428571428571429 0.118125
7 0.12428571428571429 0.82625 0.08857142857142856 0.125
6 0.8996428571428572 0.468125 0.085 0.13625
6 0.9178571428571428 0.925 0.10285714285714286 0.15
1 0.8128571428571428 0.97 0.07571428571428572 0.06
3 0.46964285714285714 0.729375 0.05928571428571429 0.20875
3 0.6789285714285714 0.475 0.08571428571428572 0.10875
3 0.5603571428571429 0.8975 0.14214285714285715 0.205