7 0.20474967907573813 0.34545454545454546 0.06867779204107831 0.13636363636363635
7 0.14505776636713735 0.4856060606060606 0.07830551989730423 0.10151515151515152
7 0.26893453145057766 0.5742424242424242 0.055198973042362 0.09772727272727273
3 0.6097560975609756 0.35075757575757577 0.12002567394094994 0.17575757575757575
3 0.6116816431322208 0.22424242424242424 0.12002567394094994 0.1484848484848485
3 0.7362002567394095 0.3037878787878788 0.10205391527599486 0.10454545454545454
3 0.8042362002567394 0.5212121212121212 0.12259306803594351 0.15151515151515152
3 0.711168164313222 0.4166666666666667 0.10654685494223363 0.14166666666666666
6 0.14184852374839538 0.9136363636363637 0.08600770218228498 0.09090909090909091
6 0.07445442875481387 0.9068181818181819 0.059050064184852376 0.07272727272727272
6 0.19062901155327341 0.8446969696969697 0.10012836970474968 0.1
6 0.12708600770218229 0.7871212121212121 0.043645699614890884 0.051515151515151514
6 0.0821566110397946 0.7598484848484849 0.043645699614890884 0.06363636363636363
6 0.42297817715019254 0.7295454545454545 0.07317073170731707 0.06212121212121212
6 0.40949935815147626 0.8598484848484849 0.10012836970474968 0.15303030303030302
6 0.28177150192554556 0.7515151515151515 0.1116816431322208 0.10606060606060606
6 0.3055198973042362 0.884090909090909 0.044929396662387676 0.05757575757575758
6 0.3883183568677792 0.7636363636363637 0.04878048780487805 0.05757575757575758
4 0.6623876765083441 0.8068181818181818 0.051347881899871634 0.06060606060606061