7 0.26097560975609757 0.2802197802197802 0.07723577235772358 0.10989010989010989
7 0.3300813008130081 0.17994505494505494 0.08211382113821138 0.08516483516483517
7 0.21138211382113822 0.09340659340659341 0.05853658536585366 0.07967032967032966
1 0.556910569105691 0.5034340659340659 0.0943089430894309 0.07417582417582418
1 0.9495934959349593 0.45123626373626374 0.1008130081300813 0.08653846153846154
7 0.6943089430894309 0.13186813186813187 0.0991869918699187 0.08516483516483517
11 0.8447154471544716 0.4491758241758242 0.09268292682926829 0.08516483516483517
7 0.26991869918699185 0.782967032967033 0.05121951219512195 0.05357142857142857
1 0.3235772357723577 0.6902472527472527 0.06097560975609756 0.04807692307692308
11 0.24878048780487805 0.8818681318681318 0.04390243902439024 0.04532967032967033
11 0.18455284552845527 0.875 0.027642276422764227 0.03502747252747253
11 0.35365853658536583 0.9258241758241759 0.028455284552845527 0.03777472527472527
11 0.21788617886178863 0.8111263736263736 0.036585365853658534 0.03021978021978022
11 0.15284552845528454 0.8166208791208791 0.038211382113821135 0.04532967032967033
11 0.08130081300813008 0.8255494505494505 0.04227642276422764 0.036401098901098904
11 0.2731707317073171 0.6744505494505495 0.05121951219512195 0.04807692307692308
8 0.5308943089430894 0.7122252747252747 0.061788617886178863 0.06456043956043957
8 0.759349593495935 0.8592032967032966 0.08292682926829269 0.06868131868131869
8 0.832520325203252 0.6737637362637363 0.07317073170731707 0.059065934065934064
8 0.9048780487804878 0.6353021978021978 0.06504065040650407 0.0673076923076923
7 0.6186991869918699 0.7355769230769231 0.07642276422764227 0.059065934065934064
7 0.7300813008130081 0.7664835164835165 0.08780487804878048 0.061813186813186816
7 0.8455284552845529 0.8447802197802198 0.06666666666666667 0.05631868131868132
9 0.6829268292682927 0.625 0.08780487804878048 0.07280219780219781
11 0.7723577235772358 0.695054945054945 0.05365853658536585 0.038461538461538464
11 0.6926829268292682 0.7197802197802198 0.061788617886178863 0.06043956043956044
11 0.4926829268292683 0.7129120879120879 0.04552845528455285 0.04120879120879121
7 0.8821138211382114 0.5707417582417582 0.05040650406504065 0.042582417582417584