9 0.2817073170731707 0.2808333333333333 0.11707317073170732 0.13833333333333334
1 0.36829268292682926 0.16666666666666666 0.05 0.08166666666666667
8 0.08292682926829269 0.08083333333333333 0.1073170731707317 0.12833333333333333
6 0.6134146341463415 0.23166666666666666 0.05853658536585366 0.15333333333333332
8 0.3780487804878049 0.695 0.04390243902439024 0.049166666666666664
8 0.5079268292682927 0.6033333333333334 0.04878048780487805 0.034166666666666665
8 0.5036585365853659 0.6 0.015853658536585366 0.008333333333333333
11 0.5121951219512195 0.6291666666666667 0.02926829268292683 0.025833333333333333
11 0.4195121951219512 0.5458333333333333 0.02926829268292683 0.028333333333333332
11 0.899390243902439 0.9883333333333333 0.0475609756097561 0.023333333333333334
11 0.7670731707317073 0.6916666666666667 0.05 0.09166666666666666
7 0.776829268292683 0.8916666666666667 0.05121951219512195 0.085
7 0.9713414634146341 0.8483333333333334 0.05731707317073171 0.06
7 0.9164634146341464 0.7091666666666666 0.03536585365853658 0.043333333333333335
7 0.9579268292682926 0.9766666666666667 0.0475609756097561 0.04666666666666667