0 0.2 0.228099173553719 0.116 0.1371900826446281
0 0.3453333333333333 0.06198347107438017 0.12266666666666666 0.12396694214876033
1 0.2773333333333333 0.43388429752066116 0.07333333333333333 0.10743801652892562
7 0.7953333333333333 0.22231404958677686 0.068 0.0743801652892562
8 0.7226666666666667 0.2859504132231405 0.06 0.08099173553719008
8 0.9053333333333333 0.06198347107438017 0.06266666666666666 0.07768595041322314
8 0.8326666666666667 0.08264462809917356 0.064 0.06942148760330578
11 0.6493333333333333 0.30413223140495865 0.04133333333333333 0.06115702479338843
11 0.988 0.09090909090909091 0.024 0.08264462809917356
11 0.9773333333333334 0.21074380165289255 0.04533333333333334 0.06776859504132231
11 0.692 0.3256198347107438 0.050666666666666665 0.0628099173553719
11 0.6813333333333333 0.26859504132231404 0.06133333333333333 0.07603305785123966
11 0.7886666666666666 0.2884297520661157 0.058666666666666666 0.07933884297520662
11 0.7526666666666667 0.09834710743801653 0.056 0.06611570247933884
1 0.22 0.9066115702479339 0.08266666666666667 0.10909090909090909
1 0.31733333333333336 0.8099173553719008 0.09066666666666667 0.09917355371900827
1 0.38533333333333336 0.5495867768595041 0.048 0.09752066115702479
1 0.312 0.5297520661157025 0.056 0.08099173553719008
1 0.118 0.5619834710743802 0.12666666666666668 0.14545454545454545
1 0.17133333333333334 0.4991735537190083 0.12133333333333333 0.019834710743801654
1 0.11333333333333333 0.7396694214876033 0.08266666666666667 0.08760330578512397
1 0.24 0.7206611570247934 0.05466666666666667 0.07272727272727272
1 0.8253333333333334 0.9099173553719008 0.152 0.12892561983471074
1 0.7406666666666667 0.8140495867768595 0.11933333333333333 0.0743801652892562
1 0.6733333333333333 0.7528925619834711 0.17 0.08677685950413223
1 0.6153333333333333 0.6198347107438017 0.07466666666666667 0.04628099173553719
1 0.5453333333333333 0.5619834710743802 0.08066666666666666 0.05619834710743802