7 0.219375 0.185 0.13875 0.16666666666666666
7 0.931875 0.095 0.07375 0.085
7 0.80125 0.15666666666666668 0.065 0.058333333333333334
11 0.71625 0.38083333333333336 0.0925 0.11833333333333333
11 0.8025 0.3516666666666667 0.0525 0.07666666666666666
11 0.805 0.24416666666666667 0.03 0.043333333333333335
11 0.769375 0.26 0.0425 0.06166666666666667
11 0.639375 0.03666666666666667 0.01875 0.07333333333333333
11 0.795 0.06666666666666667 0.05125 0.03666666666666667
11 0.83625 0.0575 0.03875 0.04
11 0.648125 0.24583333333333332 0.0325 0.04833333333333333
11 0.686875 0.20666666666666667 0.0175 0.041666666666666664
11 0.84125 0.31083333333333335 0.03125 0.04833333333333333
11 0.84125 0.22333333333333333 0.03375 0.06666666666666667
11 0.989375 0.010833333333333334 0.02125 0.021666666666666667
11 0.694375 0.11166666666666666 0.03625 0.05
11 0.8325 0.014166666666666666 0.025 0.028333333333333332
11 0.749375 0.04083333333333333 0.03 0.03833333333333333
11 0.7475 0.42 0.0375 0.04
11 0.915 0.37666666666666665 0.045 0.05333333333333334
11 0.96375 0.3933333333333333 0.0375 0.056666666666666664
11 0.89375 0.2891666666666667 0.02375 0.03833333333333333
9 0.363125 0.6258333333333334 0.2475 0.2608333333333333
8 0.21125 0.7691666666666667 0.056875 0.056666666666666664
8 0.495625 0.8066666666666666 0.05 0.056666666666666664
8 0.503125 0.7575 0.011875 0.03333333333333333
8 0.189375 0.6758333333333333 0.06625 0.0675
2 0.28125 0.7333333333333333 0.04375 0.0625
6 0.72625 0.6891666666666667 0.079375 0.10416666666666667
6 0.850625 0.7108333333333333 0.1125 0.09
6 0.746875 0.5083333333333333 0.06 0.0725
6 0.845625 0.4658333333333333 0.02625 0.051666666666666666