9 0.03212755830556878 0.13313120176405732 0.06425511661113756 0.09977949283351709
7 0.008567348881485007 0.01681367144432194 0.017134697762970014 0.03362734288864388
7 0.15992384578772012 0.18853362734288864 0.044264635887672536 0.046857772877618525
5 0.7303664921465969 0.050716648291069456 0.14802475011899097 0.10143329658213891
5 0.7427415516420752 0.32855567805953695 0.09090909090909091 0.10253583241455347
5 0.9916706330318896 0.20727673649393605 0.016658733936220846 0.0639470782800441
5 0.643979057591623 0.3472987872105843 0.13898143741075678 0.06504961411245866
7 0.8693479295573536 0.3514332965821389 0.09566872917658258 0.056780595369349506
7 0.4076630176106616 0.18136714443219404 0.06711089957163256 0.07221609702315325
7 0.48619704902427413 0.34509371554575524 0.1489766777724893 0.06945975744211687
7 0.6803902903379343 0.12954796030871002 0.1185149928605426 0.10859977949283352
1 0.12827225130890052 0.9655457552370452 0.028081865778200855 0.06422271223814774
0 0.19633507853403143 0.5314222712238148 0.02356020942408377 0.08461962513781698
0 0.1358876725368872 0.4561742006615215 0.01951451689671585 0.05981256890848952
0 0.20823417420276058 0.6662072767364939 0.03688719657306045 0.12954796030871002
0 0.17586863398381722 0.6686879823594267 0.027843883864826273 0.09371554575523705
5 0.1313660161827701 0.6747519294377067 0.0318895763921942 0.10942668136714444
9 0.0823417420276059 0.9140022050716649 0.023798191337458353 0.062017640573318635
9 0.036173250832936696 0.8484013230429989 0.04259876249405045 0.07993384785005513
3 0.8372203712517848 0.6899117971334069 0.1344597810566397 0.1350606394707828
3 0.5585435506901475 0.7348401323042999 0.10066634935744884 0.1063947078280044
3 0.7063303188957639 0.7954796030871003 0.06258924321751547 0.0804851157662624
3 0.7693955259400286 0.5057883131201764 0.11494526415992384 0.10088202866593164
3 0.47072822465492625 0.6830209481808158 0.09352689195621133 0.13368246968026462
3 0.5395049976201809 0.5917861080485116 0.10376011423131842 0.11052921719955898
3 0.4495478343645883 0.5843439911797134 0.07496430271299381 0.08324145534729879
3 0.5835316515944788 0.5509922822491731 0.1458829128986197 0.12954796030871002
3 0.7010947168015231 0.6237596471885336 0.0709186101856259 0.09812568908489526
3 0.6380295097572585 0.6529768467475193 0.06163731556401714 0.09950385887541345
3 0.36339838172298905 0.5793825799338479 0.11494526415992384 0.10501653803748622
3 0.4276534983341266 0.8472987872105844 0.08614945264159923 0.10501653803748622