8 0.169375 0.2984934086629002 0.0525 0.09227871939736347
5 0.891875 0.21092278719397364 0.21625 0.4218455743879473
5 0.716875 0.2448210922787194 0.213125 0.4030131826741996
5 0.615625 0.4510357815442561 0.0975 0.11487758945386065
5 0.514375 0.2721280602636535 0.10875 0.2919020715630885
5 0.560625 0.18455743879472694 0.13375 0.2184557438794727
5 0.6475 0.064030131826742 0.061875 0.08097928436911488
8 0.3825 0.8163841807909604 0.101875 0.14124293785310735
8 0.218125 0.7608286252354048 0.070625 0.1016949152542373
5 0.9 0.536723163841808 0.2 0.05649717514124294
5 0.701875 0.6318267419962336 0.15625 0.17325800376647835
5 0.87 0.655367231638418 0.1725 0.2184557438794727