9 0.295625 0.42125 0.12125 0.26125
9 0.14 0.415625 0.11875 0.19875
11 0.6675 0.364375 0.08 0.08625
11 0.84 0.425 0.03625 0.083125
7 0.695 0.27625 0.04 0.050625
7 0.585 0.309375 0.055 0.065625
7 0.770625 0.42375 0.09875 0.154375
7 0.555 0.23625 0.038125 0.03875
7 0.729375 0.24375 0.038125 0.05625
1 0.18 0.944375 0.060625 0.054375
1 0.118125 0.85625 0.0525 0.055625
1 0.183125 0.840625 0.04875 0.05875
1 0.28875 0.82375 0.074375 0.0425
1 0.26875 0.765625 0.04875 0.0225
1 0.369375 0.69375 0.070625 0.031875
1 0.181875 0.73625 0.050625 0.0725
1 0.138125 0.67125 0.0525 0.0225
10 0.64125 0.800625 0.23 0.2025
10 0.8425 0.88875 0.19875 0.19125
10 0.978125 0.979375 0.04375 0.04125
10 0.583125 0.943125 0.26375 0.11375
10 0.49875 0.73375 0.06 0.085
10 0.4725 0.674375 0.065 0.02875