9 0.16911764705882354 0.3055555555555556 0.06302521008403361 0.12896825396825398
8 0.009453781512605041 0.2222222222222222 0.017857142857142856 0.06448412698412699
8 0.012605042016806723 0.12003968253968254 0.025210084033613446 0.05952380952380952
1 0.16701680672268907 0.15079365079365079 0.02415966386554622 0.06944444444444445
9 0.8067226890756303 0.26884920634920634 0.3865546218487395 0.4623015873015873
8 0.5609243697478992 0.39285714285714285 0.1134453781512605 0.12698412698412698
2 0.7153361344537815 0.4623015873015873 0.07773109243697479 0.07539682539682539
1 0.28991596638655465 0.7440476190476191 0.09663865546218488 0.15079365079365079
1 0.12605042016806722 0.7956349206349206 0.11764705882352941 0.10317460317460317
1 0.29096638655462187 0.8690476190476191 0.09453781512605042 0.11904761904761904
1 0.7794117647058824 0.9186507936507936 0.15756302521008403 0.12400793650793651
1 0.6995798319327731 0.8194444444444444 0.13025210084033614 0.06845238095238096
1 0.634453781512605 0.7559523809523809 0.1869747899159664 0.07837301587301587
1 0.5871848739495799 0.623015873015873 0.07983193277310924 0.04365079365079365
1 0.5189075630252101 0.5625 0.08403361344537816 0.05357142857142857