11 0.07650602409638554 0.484070796460177 0.06626506024096386 0.09557522123893805
11 0.03614457831325301 0.4345132743362832 0.03975903614457831 0.07610619469026549
11 0.31144578313253013 0.20353982300884957 0.0927710843373494 0.08141592920353982
11 0.22771084337349398 0.27168141592920353 0.05421686746987952 0.0920353982300885
11 0.35120481927710845 0.5938053097345133 0.04216867469879518 0.06902654867256637
11 0.45843373493975903 0.13274336283185842 0.03734939759036145 0.06017699115044248
11 0.43795180722891563 0.08053097345132744 0.03734939759036145 0.07787610619469026
11 0.1216867469879518 0.010619469026548672 0.04819277108433735 0.021238938053097345
11 0.05120481927710843 0.31327433628318585 0.05542168674698795 0.13805309734513274
8 0.00963855421686747 0.4097345132743363 0.01927710843373494 0.09380530973451327
8 0.5186746987951807 0.42743362831858406 0.03734939759036145 0.061946902654867256
8 0.26987951807228916 0.3548672566371681 0.04819277108433735 0.06725663716814159
8 0.19457831325301206 0.643362831858407 0.051807228915662654 0.05132743362831858
8 0.35 0.41415929203539825 0.05060240963855422 0.08849557522123894
0 0.25903614457831325 0.5619469026548672 0.0855421686746988 0.08672566371681416
7 0.1710843373493976 0.32035398230088497 0.051807228915662654 0.07964601769911504
5 0.6771084337349398 0.2398230088495575 0.13493975903614458 0.2884955752212389
7 0.33674698795180724 0.8407079646017699 0.08855421686746988 0.06283185840707965
7 0.3506024096385542 0.9194690265486726 0.10060240963855421 0.04601769911504425
7 0.16927710843373495 0.9168141592920354 0.06987951807228916 0.04424778761061947
7 0.8331325301204819 0.8433628318584071 0.0391566265060241 0.03716814159292035
1 0.8271084337349398 0.9203539823008849 0.04759036144578313 0.030973451327433628
11 0.8650602409638555 0.7734513274336283 0.033734939759036145 0.030973451327433628
11 0.8168674698795181 0.7530973451327434 0.018674698795180723 0.024778761061946902
11 0.9590361445783132 0.7867256637168142 0.019879518072289156 0.02743362831858407
11 0.8096385542168675 0.8053097345132744 0.02891566265060241 0.020353982300884955
11 0.7674698795180723 0.7769911504424779 0.02650602409638554 0.03185840707964602
11 0.7210843373493976 0.7442477876106195 0.03253012048192771 0.023893805309734513
11 0.7843373493975904 0.9106194690265487 0.04036144578313253 0.03185840707964602