9 0.051875 0.44625 0.10375 0.0675
9 0.334375 0.38125 0.12125 0.09875
9 0.405 0.074375 0.14125 0.0825
1 0.00875 0.09 0.0175 0.0625
1 0.3425 0.239375 0.06125 0.07
8 0.233125 0.09 0.07375 0.09625
8 0.324375 0.026875 0.10375 0.05375
9 0.86625 0.021875 0.04375 0.043125
9 0.918125 0.205625 0.03625 0.061875
9 0.77 0.02375 0.045 0.0475
9 0.82125 0.0375 0.045 0.075
8 0.825625 0.329375 0.038125 0.061875
4 0.965 0.24 0.0275 0.056875
4 0.59375 0.35875 0.030625 0.056875
1 0.67125 0.298125 0.035 0.073125
7 0.646875 0.45 0.048125 0.059375
6 0.814375 0.38625 0.030625 0.05
0 0.634375 0.185 0.048125 0.08
9 0.085 0.853125 0.08125 0.105
0 0.023125 0.61625 0.04625 0.0875
8 0.1325 0.6225 0.0925 0.075
11 0.288125 0.723125 0.0575 0.07625
11 0.220625 0.525625 0.05375 0.09125
9 0.836875 0.894375 0.11 0.11125
9 0.725625 0.55125 0.12375 0.10875
8 0.903125 0.906875 0.045 0.06
7 0.8025 0.70125 0.075 0.04375