9 0.19375 0.04583333333333333 0.1125 0.09166666666666666
9 0.086875 0.43 0.135 0.09
1 0.41125 0.72 0.0375 0.02
1 0.16875 0.22083333333333333 0.055 0.085
8 0.25875 0.43666666666666665 0.06375 0.12
8 0.1575 0.535 0.09375 0.11833333333333333
2 0.6375 0.475 0.03125 0.095
9 0.761875 0.3258333333333333 0.043125 0.10166666666666667
9 0.673125 0.07666666666666666 0.05 0.07166666666666667
8 0.6575 0.175 0.043125 0.0625
8 0.53625 0.065 0.03125 0.050833333333333335
8 0.615625 0.041666666666666664 0.041875 0.050833333333333335
8 0.706875 0.3825 0.03125 0.07166666666666667
8 0.52375 0.455 0.04875 0.07416666666666667
8 0.576875 0.11916666666666667 0.03 0.04833333333333333
8 0.6325 0.3475 0.041875 0.0675
7 0.76125 0.6616666666666666 0.02875 0.065
9 0.821875 0.3541666666666667 0.041875 0.07166666666666667
7 0.731875 0.575 0.044375 0.12083333333333333
7 0.8275 0.4483333333333333 0.038125 0.07916666666666666
7 0.72625 0.32666666666666666 0.035625 0.06916666666666667
7 0.585 0.205 0.036875 0.05333333333333334
7 0.85625 0.6683333333333333 0.05125 0.08583333333333333
7 0.77125 0.5666666666666667 0.0275 0.06916666666666667
7 0.78125 0.41333333333333333 0.025 0.04666666666666667
7 0.893125 0.5283333333333333 0.036875 0.08833333333333333
7 0.814375 0.5691666666666667 0.02125 0.04666666666666667
7 0.77375 0.4975 0.02875 0.05583333333333333
7 0.6375 0.09833333333333333 0.033125 0.06
7 0.766875 0.18166666666666667 0.044375 0.04833333333333333
7 0.7 0.30333333333333334 0.03125 0.050833333333333335
7 0.675625 0.3525 0.02875 0.050833333333333335
7 0.793125 0.8325 0.094375 0.06916666666666667
7 0.74375 0.9158333333333334 0.073125 0.04666666666666667
9 0.601875 0.9566666666666667 0.094375 0.06666666666666667
1 0.879375 0.9383333333333334 0.0425 0.059166666666666666