7 0.4672274798457764 0.4197191697191697 0.033648790746582544 0.05708180708180708
7 0.0935856992639327 0.17612942612942614 0.037504381352961795 0.042735042735042736
7 0.39046617595513494 0.36416361416361415 0.048720644935155974 0.046092796092796096
11 0.178583946722748 0.12545787545787546 0.044339291973361374 0.04212454212454213
11 0.17350157728706625 0.2081807081807082 0.030669470732562217 0.03388278388278388
11 0.13915177006659657 0.2258852258852259 0.02874167542937259 0.02442002442002442
11 0.09744128987031195 0.11782661782661782 0.030669470732562217 0.03021978021978022
11 0.0935856992639327 0.06471306471306472 0.026813880126182965 0.03968253968253968
11 0.18033648790746581 0.07173382173382173 0.030669470732562217 0.03388278388278388
11 0.5906063792499123 0.36355311355311354 0.041885734314756395 0.03021978021978022
11 0.5091132141605328 0.39133089133089133 0.03119523308797757 0.03327228327228327
8 0.9386610585348756 0.31227106227106227 0.018576936558009113 0.05891330891330891
8 0.7208201892744479 0.35866910866910867 0.01629863301787592 0.04945054945054945
9 0.8193130038555906 0.41452991452991456 0.018576936558009113 0.055860805860805864
9 0.8845075359270943 0.38431013431013433 0.013845075359270943 0.04945054945054945
9 0.7700665965650193 0.333028083028083 0.028916929547844375 0.06501831501831502
7 0.77111812127585 0.2503052503052503 0.023834560112162635 0.06043956043956044
11 0.8105502979320014 0.23473748473748474 0.018576936558009113 0.08058608058608059
11 0.7928496319663512 0.26343101343101344 0.013845075359270943 0.04792429792429793
4 0.8447248510339993 0.21764346764346765 0.017875920084121977 0.040293040293040296
4 0.8787241500175255 0.3162393162393162 0.02138100245355766 0.03724053724053724
7 0.8394672274798458 0.11385836385836386 0.016824395373291272 0.04487179487179487
2 0.19961444093936206 0.6135531135531136 0.17998597967052227 0.07692307692307693
8 0.49491763056431826 0.7851037851037851 0.07343147563967753 0.046092796092796096
8 0.6324921135646687 0.8058608058608059 0.07220469681037504 0.04395604395604396
7 0.5063091482649842 0.9233821733821734 0.050473186119873815 0.017704517704517704
7 0.45653697861899756 0.931013431013431 0.04468980021030494 0.021062271062271064
7 0.402558710129688 0.9496336996336996 0.06309148264984227 0.028083028083028084
7 0.3291272344900105 0.8073870573870574 0.06309148264984227 0.04731379731379731
7 0.613564668769716 0.7533577533577533 0.050473186119873815 0.026251526251526252
1 0.6810375043813529 0.6791819291819292 0.022432527164388365 0.054334554334554336
1 0.7266035751840169 0.6224053724053724 0.035751840168243953 0.052503052503052504
1 0.6822642832106555 0.5637973137973138 0.02488608482299334 0.057997557997558
1 0.8527865404837014 0.6498778998778999 0.04451454609183316 0.06532356532356533
11 0.9581142656852436 0.5415140415140415 0.06133894146512443 0.0231990231990232
11 0.7141605327725201 0.9236874236874237 0.05713284262180161 0.10927960927960928