5 0.11469838572642312 0.21807838179519595 0.03525913338997451 0.1675094816687737
5 0.12107051826677995 0.41276864728192164 0.033559898045879354 0.15107458912768648
5 0.1631265930331351 0.22060682680151708 0.045454545454545456 0.13084702907711757
3 0.6006796941376381 0.4279393173198483 0.32837723024638915 0.213653603034134
3 0.6036533559898046 0.168141592920354 0.47536108751062023 0.274968394437421
4 0.19753610875106203 0.6586599241466498 0.06627017841971113 0.07079646017699115
4 0.13721325403568393 0.7812895069532237 0.03908241291418862 0.07711757269279393
4 0.12064570943075616 0.702275600505689 0.056074766355140186 0.07585335018963338
2 0.2425658453695837 0.8337547408343868 0.014443500424808835 0.0897597977243995
10 0.34791843670348344 0.645385587863464 0.0637213254035684 0.08470290771175727
10 0.33857264231096007 0.5695322376738305 0.10960067969413764 0.039190897597977246
10 0.4362786745964316 0.6801517067003793 0.059473237043330504 0.06700379266750948
10 0.4388275276125743 0.5941845764854614 0.08920985556499575 0.08849557522123894
10 0.29481733220050976 0.6959544879898862 0.03228547153780799 0.04804045512010114
10 0.967714528462192 0.56826801517067 0.06457094307561598 0.03666245259165613