7 0.11440107671601615 0.33363228699551567 0.08344549125168237 0.0726457399103139
7 0.29676985195154776 0.39327354260089686 0.0847913862718708 0.013452914798206279
8 0.23216689098250337 0.1358744394618834 0.09825033647375504 0.08699551569506726
8 0.4791386271870794 0.3170403587443946 0.059219380888290714 0.0726457399103139
11 0.09421265141318977 0.026905829596412557 0.15074024226110364 0.053811659192825115
11 0.029609690444145357 0.2556053811659193 0.059219380888290714 0.06816143497757847
3 0.8149394347240915 0.09192825112107623 0.2032301480484522 0.12466367713004484
3 0.7792732166890982 0.22600896860986547 0.16756393001345896 0.15067264573991032
7 0.2274562584118439 0.794170403587444 0.03835800807537012 0.054260089686098655
7 0.2765814266487214 0.915695067264574 0.04508748317631225 0.0757847533632287
7 0.3263795423956931 0.6192825112107623 0.028936742934051143 0.04708520179372197
7 0.30484522207267833 0.48789237668161434 0.031628532974428 0.04080717488789238
7 0.1756393001345895 0.6928251121076233 0.03230148048452221 0.05784753363228699
7 0.14468371467025573 0.6573991031390135 0.021534320323014805 0.04080717488789238
7 0.14333781965006728 0.45964125560538116 0.034993270524899055 0.04708520179372197
7 0.18909825033647376 0.5130044843049327 0.04374158815612382 0.050672645739910316
7 0.19044414535666218 0.8470852017937219 0.02759084791386272 0.045739910313901344
7 0.18236877523553163 0.8910313901345291 0.03095558546433378 0.04349775784753363
7 0.3344549125168237 0.747982062780269 0.02220726783310902 0.03497757847533632
7 0.3075370121130552 0.763677130044843 0.02220726783310902 0.06367713004484304
11 0.22409152086137282 0.9452914798206278 0.021534320323014805 0.026457399103139014
11 0.31090174966352624 0.8829596412556053 0.026917900403768506 0.03228699551569507
11 0.35195154777927323 0.7991031390134529 0.024226110363391656 0.030044843049327353
11 0.3654104979811575 0.7022421524663677 0.03028263795423957 0.045739910313901344
11 0.32570659488559894 0.8224215246636771 0.02288021534320323 0.03139013452914798
11 0.3775235531628533 0.9152466367713005 0.029609690444145357 0.04080717488789238
11 0.13660834454912515 0.7668161434977578 0.026917900403768506 0.03856502242152467
11 0.2812920592193809 0.5582959641255605 0.021534320323014805 0.0515695067264574
11 0.30686406460296095 0.5426008968609866 0.02759084791386272 0.03139013452914798
11 0.3297442799461642 0.5511210762331838 0.02220726783310902 0.03587443946188341
11 0.25370121130551815 0.8654708520179372 0.02288021534320323 0.02780269058295964
11 0.27052489905787347 0.7869955156950673 0.02557200538358008 0.03139013452914798
11 0.07671601615074024 0.5381165919282511 0.02557200538358008 0.04349775784753363
11 0.20053835800807537 0.42780269058295967 0.02086137281292059 0.05515695067264574
11 0.2503364737550471 0.5394618834080718 0.02086137281292059 0.028699551569506727
11 0.2833109017496635 0.426457399103139 0.02759084791386272 0.037219730941704034
11 0.39502018842530284 0.7295964125560538 0.016823687752355317 0.04798206278026906
6 0.7234185733512786 0.7461883408071749 0.034320323014804845 0.07443946188340807
6 0.7698519515477793 0.8210762331838565 0.03028263795423957 0.050672645739910316
6 0.7799461641991925 0.7139013452914799 0.02489905787348587 0.039013452914798206
6 0.7981157469717362 0.7524663677130045 0.02220726783310902 0.04663677130044843
3 0.8095558546433378 0.8170403587443946 0.04508748317631225 0.06322869955156951
3 0.8714670255720054 0.7403587443946188 0.03768506056527591 0.07309417040358744