5 0.1059190031152648 0.16477272727272727 0.14797507788161993 0.21401515151515152
5 0.15342679127725856 0.4024621212121212 0.14018691588785046 0.19318181818181818
10 0.7087227414330218 0.3418560606060606 0.3598130841121495 0.33617424242424243
7 0.8964174454828661 0.8522727272727273 0.13395638629283488 0.16287878787878787
2 0.5677570093457944 0.7301136363636364 0.11682242990654206 0.14962121212121213
9 0.8356697819314641 0.6202651515151515 0.11993769470404984 0.10416666666666667
9 0.9478193146417445 0.6837121212121212 0.08099688473520249 0.0928030303030303
9 0.6993769470404985 0.6089015151515151 0.07165109034267912 0.08143939393939394
11 0.7476635514018691 0.8702651515151515 0.08411214953271028 0.07954545454545454
11 0.7383177570093458 0.78125 0.03271028037383177 0.05113636363636364
11 0.6440809968847352 0.8390151515151515 0.059190031152647975 0.07007575757575757
11 0.8302180685358256 0.990530303030303 0.04672897196261682 0.01893939393939394