8 0.2662037037037037 0.25787037037037036 0.02962962962962963 0.06388888888888888
2 0.7393518518518518 0.20694444444444443 0.060648148148148145 0.09722222222222222
9 0.5990740740740741 0.3638888888888889 0.03935185185185185 0.09212962962962963
8 0.5791666666666667 0.45740740740740743 0.03935185185185185 0.06481481481481481
7 0.7824074074074074 0.324537037037037 0.033796296296296297 0.04583333333333333
7 0.7314814814814815 0.4263888888888889 0.043055555555555555 0.062037037037037036
7 0.6814814814814815 0.3976851851851852 0.043055555555555555 0.062037037037037036
9 0.38981481481481484 0.8828703703703704 0.07037037037037037 0.05555555555555555
9 0.2712962962962963 0.9689814814814814 0.06851851851851852 0.058333333333333334
11 0.3194444444444444 0.600462962962963 0.046296296296296294 0.049074074074074076
7 0.3976851851851852 0.9467592592592593 0.06574074074074074 0.049074074074074076
7 0.32731481481481484 0.9152777777777777 0.058333333333333334 0.06018518518518518
7 0.18935185185185185 0.8226851851851852 0.06574074074074074 0.06018518518518518
7 0.3962962962962963 0.8208333333333333 0.06296296296296296 0.04537037037037037
7 0.15648148148148147 0.575925925925926 0.049074074074074076 0.08148148148148149
7 0.40694444444444444 0.7620370370370371 0.049074074074074076 0.058333333333333334
7 0.35138888888888886 0.7597222222222222 0.06574074074074074 0.06759259259259259
7 0.26851851851851855 0.8791666666666667 0.06111111111111111 0.05185185185185185
7 0.19768518518518519 0.7199074074074074 0.06851851851851852 0.075
7 0.39861111111111114 0.6087962962962963 0.053703703703703705 0.05555555555555555
9 0.5402777777777777 0.8236111111111111 0.10092592592592593 0.14907407407407408
9 0.8064814814814815 0.5587962962962963 0.06851851851851852 0.09351851851851851
9 0.950462962962963 0.8449074074074074 0.06574074074074074 0.06018518518518518
8 0.7523148148148148 0.975925925925926 0.062037037037037036 0.04814814814814815
5 0.7444444444444445 0.712037037037037 0.03981481481481482 0.08055555555555556
5 0.6856481481481481 0.8106481481481481 0.04722222222222222 0.06759259259259259