9 0.3075 0.366875 0.145 0.26625
9 0.43625 0.345 0.0875 0.205
6 0.69875 0.334375 0.02875 0.071875
6 0.63 0.3975 0.030625 0.05
6 0.733125 0.275 0.0325 0.084375
6 0.79 0.43375 0.035625 0.056875
6 0.798125 0.291875 0.059375 0.119375
6 0.81625 0.36 0.03875 0.056875
10 0.7475 0.395 0.085625 0.0975
10 0.6575 0.299375 0.038125 0.09375
10 0.7125 0.203125 0.064375 0.1125
0 0.07 0.761875 0.05 0.04375
7 0.16375 0.90125 0.0575 0.04625
7 0.12125 0.861875 0.03375 0.04125
7 0.199375 0.855625 0.06875 0.06125
11 0.135625 0.825625 0.05875 0.0675
11 0.24 0.874375 0.04 0.04125
7 0.094375 0.900625 0.04375 0.04125
4 0.773125 0.85375 0.1 0.069375