9 0.45611111111111113 0.41388888888888886 0.10777777777777778 0.24555555555555555
7 0.18888888888888888 0.3233333333333333 0.11888888888888889 0.11444444444444445
2 0.9194444444444444 0.09777777777777778 0.11722222222222223 0.11722222222222223
2 0.7211111111111111 0.15166666666666667 0.051111111111111114 0.058333333333333334
9 0.9561111111111111 0.29388888888888887 0.08777777777777777 0.09944444444444445
0 0.8583333333333333 0.5277777777777778 0.08055555555555556 0.08388888888888889
2 0.75 0.11722222222222223 0.04611111111111111 0.051111111111111114
9 0.33555555555555555 0.9838888888888889 0.08888888888888889 0.03166666666666667
5 0.36 0.9372222222222222 0.105 0.12222222222222222
5 0.2088888888888889 0.8911111111111111 0.057777777777777775 0.0811111111111111
5 0.2916666666666667 0.9705555555555555 0.04722222222222222 0.058888888888888886
5 0.2677777777777778 0.9261111111111111 0.03888888888888889 0.051666666666666666
2 0.5994444444444444 0.84 0.17888888888888888 0.28888888888888886
7 0.6105555555555555 0.9805555555555555 0.08777777777777777 0.03888888888888889