9 0.7633333333333333 0.34628099173553717 0.07666666666666666 0.02727272727272727
9 0.836 0.30578512396694213 0.07 0.02727272727272727
9 0.668 0.2768595041322314 0.05733333333333333 0.02809917355371901
11 0.758 0.31983471074380165 0.042666666666666665 0.023966942148760332
11 0.9053333333333333 0.2909090909090909 0.037333333333333336 0.032231404958677684
11 0.8766666666666667 0.2628099173553719 0.05533333333333333 0.021487603305785124
11 0.9386666666666666 0.24545454545454545 0.050666666666666665 0.02975206611570248
11 0.8746666666666667 0.2206611570247934 0.048666666666666664 0.01818181818181818
7 0.908 0.3396694214876033 0.07466666666666667 0.03636363636363636
7 0.8973333333333333 0.14628099173553719 0.052 0.02231404958677686
7 0.73 0.2487603305785124 0.044 0.02975206611570248
8 0.8633333333333333 0.11818181818181818 0.05733333333333333 0.03471074380165289
1 0.13733333333333334 0.6495867768595042 0.07733333333333334 0.09586776859504133
6 0.2613333333333333 0.8495867768595041 0.06133333333333333 0.04628099173553719
6 0.16066666666666668 0.9760330578512396 0.04933333333333333 0.047933884297520664
6 0.2826666666666667 0.7330578512396694 0.042666666666666665 0.08429752066115702
1 0.11933333333333333 0.7760330578512397 0.08933333333333333 0.10743801652892562
1 0.042 0.7504132231404959 0.076 0.1024793388429752
1 0.05 0.8785123966942149 0.07733333333333334 0.13553719008264462
1 0.048 0.6396694214876033 0.096 0.11570247933884298
1 0.016 0.5305785123966942 0.032 0.11239669421487604
1 0.09333333333333334 0.9776859504132231 0.09066666666666667 0.04462809917355372
1 0.23466666666666666 0.6305785123966943 0.09866666666666667 0.11239669421487604
1 0.212 0.7694214876033058 0.07866666666666666 0.09917355371900827
1 0.16066666666666668 0.8925619834710744 0.12 0.10909090909090909
1 0.278 0.9545454545454546 0.116 0.09090909090909091
7 0.8246666666666667 0.7793388429752066 0.10266666666666667 0.08925619834710743
11 0.8 0.6214876033057851 0.064 0.08925619834710743
0 0.7533333333333333 0.5165289256198347 0.05733333333333333 0.07933884297520662
0 0.844 0.6644628099173554 0.052 0.05619834710743802
0 0.874 0.4826446280991736 0.042666666666666665 0.06776859504132231
0 0.8993333333333333 0.4066115702479339 0.06266666666666666 0.05619834710743802
0 0.5293333333333333 0.531404958677686 0.068 0.06446280991735537
0 0.586 0.4909090909090909 0.030666666666666665 0.09917355371900827
0 0.6293333333333333 0.631404958677686 0.06266666666666666 0.06115702479338843
0 0.6686666666666666 0.4289256198347107 0.068 0.0743801652892562
0 0.7473333333333333 0.6578512396694215 0.042666666666666665 0.0743801652892562