8 0.3109833971902937 0.2113970588235294 0.04725415070242656 0.08823529411764706
7 0.780970625798212 0.02389705882352941 0.05747126436781609 0.04779411764705882
8 0.9361430395913155 0.30606617647058826 0.09195402298850575 0.11213235294117647
8 0.5791826309067688 0.3694852941176471 0.10089399744572158 0.058823529411764705
3 0.0913154533844189 0.8069852941176471 0.05300127713920817 0.14522058823529413
3 0.05874840357598978 0.5560661764705882 0.06257982120051085 0.15073529411764705
3 0.03959131545338442 0.8115808823529411 0.03639846743295019 0.13602941176470587
9 0.7407407407407407 0.7233455882352942 0.04661558109833972 0.07996323529411764
9 0.7784163473818646 0.6360294117647058 0.04980842911877394 0.08915441176470588
9 0.743933588761175 0.875 0.07088122605363985 0.08915441176470588
9 0.7324393358876118 0.6277573529411765 0.05108556832694764 0.1056985294117647
8 0.6749680715197957 0.46139705882352944 0.05108556832694764 0.078125
8 0.5357598978288634 0.5193014705882353 0.0280970625798212 0.051470588235294115
8 0.6762452107279694 0.5909926470588235 0.04980842911877394 0.0661764705882353
8 0.6251596424010217 0.4494485294117647 0.032567049808429116 0.05698529411764706
8 0.6334610472541508 0.7711397058823529 0.04342273307790549 0.0661764705882353