9 0.4140061791967044 0.21446961894953656 0.10169927909371781 0.1166323377960865
9 0.528063851699279 0.22142121524201855 0.0970648815653965 0.08959835221421215
2 0.8105046343975283 0.39366632337796087 0.054325437693099894 0.07852729145211122
2 0.904994850669413 0.31307929969104015 0.023171987641606592 0.03913491246138002
9 0.762615859938208 0.2561791967044284 0.04531410916580844 0.06488156539649846
0 0.7845005149330587 0.0607621009268795 0.03759011328527292 0.05690010298661174
2 0.8944387229660145 0.34449021627188464 0.02059732234809475 0.03527291452111225
8 0.305870236869207 0.846292481977343 0.07312049433573635 0.05870236869207003
9 0.042996910401647784 0.8161688980432544 0.082389289392379 0.06024716786817714
7 0.4837796086508754 0.8349639546858908 0.1282183316168898 0.12306900102986612
7 0.12950566426364574 0.8638002059732235 0.10607621009268794 0.12049433573635428
3 0.8619979402677652 0.7322348094747683 0.04531410916580844 0.2417610710607621