9 0.1477166821994408 0.1636473429951691 0.06104380242311277 0.1105072463768116
8 0.04100652376514446 0.3852657004830918 0.020037278657968314 0.028381642512077296
1 0.1798695246971109 0.266304347826087 0.023765144454799627 0.057367149758454104
8 0.6481826654240447 0.22161835748792272 0.10810810810810811 0.06521739130434782
8 0.7674743709226468 0.22946859903381642 0.0787511649580615 0.04830917874396135
8 0.6770736253494875 0.30495169082125606 0.06150978564771668 0.04045893719806763
8 0.5279589934762349 0.3834541062801932 0.06244175209692451 0.03260869565217391
8 0.7623485554520038 0.35628019323671495 0.06896551724137931 0.0392512077294686
8 0.8667287977632805 0.16908212560386474 0.06756756756756757 0.04830917874396135
9 0.4277726001863933 0.35929951690821255 0.11556383970177074 0.08091787439613526
7 0.9361602982292637 0.07608695652173914 0.06756756756756757 0.06642512077294686
11 0.07455731593662628 0.6509661835748792 0.07735321528424977 0.09541062801932366
11 0.09878844361602983 0.8049516908212561 0.05498602050326188 0.07367149758454106
11 0.05591798695246971 0.8544685990338164 0.048462255358807084 0.05676328502415459
11 0.057315936626281455 0.5519323671497585 0.05498602050326188 0.07367149758454106
1 0.5857409133271202 0.4897342995169082 0.17520969245107176 0.15096618357487923
1 0.6150978564771669 0.6195652173913043 0.1374650512581547 0.08756038647342995
1 0.6239515377446412 0.7095410628019324 0.195712954333644 0.10144927536231885
1 0.7180801491146319 0.8580917874396136 0.08574091332712022 0.05434782608695652
1 0.7199440820130475 0.9456521739130435 0.09273066169617894 0.06642512077294686