9 0.23597560975609755 0.2413793103448276 0.036585365853658534 0.05989110707803993
9 0.26707317073170733 0.17604355716878403 0.03780487804878049 0.06715063520871144
9 0.2347560975609756 0.3584392014519056 0.054878048780487805 0.06715063520871144
9 0.2304878048780488 0.16787658802177857 0.03902439024390244 0.07985480943738657
8 0.18841463414634146 0.03720508166969147 0.03902439024390244 0.05807622504537205
8 0.0774390243902439 0.07622504537205081 0.02195121951219512 0.038112522686025406
8 0.1871951219512195 0.13702359346642468 0.03902439024390244 0.04900181488203267
8 0.14939024390243902 0.02631578947368421 0.025609756097560974 0.041742286751361164
8 0.15 0.27404718693284935 0.032926829268292684 0.04900181488203267
6 0.4176829268292683 0.1851179673321234 0.09634146341463415 0.18148820326678766
6 0.5908536585365853 0.1560798548094374 0.20853658536585365 0.15970961887477314
6 0.5932926829268292 0.0662431941923775 0.20121951219512196 0.132486388384755
6 0.4432926829268293 0.07985480943738657 0.1475609756097561 0.15245009074410162
6 0.7445121951219512 0.08076225045372051 0.1353658536585366 0.16152450090744103
2 0.2475609756097561 0.6134301270417423 0.061585365853658536 0.10526315789473684
2 0.21341463414634146 0.7531760435571688 0.04085365853658537 0.08439201451905626
2 0.08292682926829269 0.6188747731397459 0.03353658536585366 0.06987295825771325
8 0.01097560975609756 0.5789473684210527 0.02195121951219512 0.05807622504537205
7 0.26402439024390245 0.676950998185118 0.05060975609756098 0.07894736842105263
2 0.6103658536585366 0.6370235934664247 0.0676829268292683 0.056261343012704176
2 0.5457317073170732 0.6370235934664247 0.06280487804878049 0.05716878402903811
2 0.624390243902439 0.7568058076225045 0.03902439024390244 0.04809437386569873
2 0.6085365853658536 0.6878402903811253 0.060365853658536583 0.06261343012704174
2 0.6573170731707317 0.6996370235934665 0.04390243902439024 0.050816696914700546
9 0.6030487804878049 0.5852994555353902 0.07134146341463414 0.06261343012704174
8 0.5378048780487805 0.7676950998185118 0.042682926829268296 0.038112522686025406
8 0.4817073170731707 0.7041742286751361 0.03780487804878049 0.036297640653357534
8 0.677439024390244 0.7976406533575318 0.03536585365853658 0.03901996370235935
7 0.46646341463414637 0.6597096188747731 0.0475609756097561 0.04083484573502722
9 0.6304878048780488 0.8012704174228675 0.0475609756097561 0.04083484573502722