7 0.03712517848643503 0.1645534729878721 0.07401237505949548 0.050716648291069456
7 0.16373155640171347 0.15352811466372657 0.07401237505949548 0.06863285556780595
7 0.5454545454545454 0.32717750826901876 0.06258924321751547 0.05512679162072767
7 0.45573536411232746 0.2816979051819184 0.05116611137553546 0.05292171995589857
7 0.22941456449309852 0.34592061742006613 0.06258924321751547 0.06422271223814774
7 0.347453593526892 0.1868798235942668 0.07401237505949548 0.04851157662624035
8 0.474297953355545 0.22436604189636164 0.07401237505949548 0.05292171995589857
5 0.9138505473584008 0.3304851157662624 0.1432651118514993 0.11080485115766263
5 0.927415516420752 0.017089305402425578 0.11185149928605426 0.034178610804851156
5 0.6258924321751547 0.45148842337375966 0.04854831032841504 0.016538037486218304
7 0.6025702046644456 0.2398015435501654 0.02570204664445502 0.07166482910694598
7 0.8900523560209425 0.08103638368246968 0.06473108043788672 0.06615214994487321
7 0.9509757258448358 0.41565600882028664 0.09804854831032842 0.08820286659316427
9 0.19443122322703474 0.5154355016538037 0.09305092812946215 0.0689084895259096
9 0.46882436934792954 0.5523704520396913 0.06877677296525464 0.07249173098125689
9 0.025940028557829606 0.6934950385887542 0.05188005711565921 0.11466372657111357
9 0.3450737743931461 0.7907938257993384 0.04831032841504046 0.0581587651598677
8 0.06425511661113756 0.5146085997794928 0.05402189433603046 0.06174200661521499
8 0.22227510709186102 0.5683572216097024 0.07448833888624465 0.04768467475192944
8 0.4614469300333175 0.6292723263506064 0.05592574964302713 0.05485115766262404
11 0.2037125178486435 0.782800441014333 0.07258448357924797 0.1077728776185226
7 0.33864826273203236 0.9266813671444322 0.052118039029033794 0.060088202866593166
7 0.03998096144693003 0.8076074972436604 0.052118039029033794 0.06174200661521499
11 0.4650166587339362 0.7194046306504961 0.09852451213707758 0.0653252480705623
0 0.8303188957639219 0.6560088202866593 0.04593050928129462 0.053472987872105845
0 0.7563065207044265 0.6061190738699008 0.06044740599714422 0.036108048511576625
0 0.9264635887672537 0.6667585446527012 0.0376011423131842 0.049338478500551265
0 0.626844359828653 0.5719404630650496 0.0637791527843884 0.05650496141124586
7 0.8836268443598286 0.853638368246968 0.04497858162779629 0.04630650496141125
7 0.9090909090909091 0.795755237045204 0.024036173250832935 0.043550165380374865
7 0.8443598286530224 0.8144983461962514 0.053307948595906714 0.06229327453142227
11 0.8888624464540695 0.7601984564498346 0.042836744407425034 0.07249173098125689
11 0.8162779628748215 0.8478500551267916 0.03022370299857211 0.043550165380374865
0 0.6465968586387435 0.5176405733186329 0.03974297953355545 0.044928335170893056
7 0.9395525940028557 0.8304851157662624 0.03331746787244169 0.04189636163175303