7 0.0195712954333644 0.4927536231884058 0.0391425908667288 0.07246376811594203
11 0.31547064305684996 0.07427536231884058 0.028890959925442685 0.08333333333333333
11 0.32152842497670087 0.23128019323671498 0.016775396085740912 0.06642512077294686
7 0.8438956197576887 0.34601449275362317 0.047530288909599254 0.043478260869565216
7 0.7437092264678472 0.18115942028985507 0.09273066169617894 0.08454106280193237
2 0.5004659832246039 0.2644927536231884 0.09972041006523766 0.07789855072463768
9 0.7092264678471575 0.3194444444444444 0.08387698042870456 0.07065217391304347
9 0.7870456663560111 0.2711352657004831 0.055452003727865795 0.04891304347826087
9 0.6104380242311277 0.3272946859903382 0.04986020503261883 0.050120772946859904
11 0.6351351351351351 0.17814009661835747 0.05871388630009319 0.04045893719806763
11 0.6314072693383038 0.2276570048309179 0.021435228331780055 0.02717391304347826
11 0.5601118359739049 0.1998792270531401 0.04054054054054054 0.036231884057971016
11 0.4119291705498602 0.42632850241545894 0.03960857409133271 0.03321256038647343
11 0.6887232059645852 0.09601449275362318 0.03168685927306617 0.035628019323671496
7 0.22506989748369058 0.7101449275362319 0.02982292637465051 0.04106280193236715
11 0.06803355079217148 0.8731884057971014 0.024231127679403542 0.04106280193236715
11 0.22273998136067102 0.6557971014492754 0.02702702702702703 0.042270531400966184
11 0.23998136067101583 0.8544685990338164 0.03727865796831314 0.051932367149758456
11 0.20130475302889095 0.6890096618357487 0.033550792171481825 0.049516908212560384
11 0.4506057781919851 0.7270531400966184 0.08760484622553588 0.057971014492753624
11 0.40680335507921717 0.769927536231884 0.057315936626281455 0.041666666666666664
11 0.4552656104380242 0.8309178743961353 0.057315936626281455 0.0392512077294686
11 0.39468779123951536 0.8756038647342995 0.057315936626281455 0.041666666666666664
11 0.3979496738117428 0.8194444444444444 0.06943150046598323 0.051932367149758456
11 0.5955265610438024 0.6068840579710145 0.057315936626281455 0.043478260869565216
11 0.5745573159366263 0.6419082125603864 0.06663560111835974 0.04770531400966183
11 0.7315936626281454 0.6256038647342995 0.1206896551724138 0.0893719806763285
11 0.7963653308480895 0.6968599033816425 0.1267474370922647 0.0646135265700483
11 0.8760484622553588 0.7777777777777778 0.13886300093196646 0.07910628019323672
11 0.6542404473438956 0.8236714975845411 0.06663560111835974 0.04770531400966183
11 0.7208760484622554 0.8900966183574879 0.06943150046598323 0.051932367149758456
11 0.8005591798695247 0.8454106280193237 0.15377446411929171 0.0893719806763285
11 0.8853681267474371 0.9178743961352657 0.11789375582479031 0.0748792270531401
11 0.7539608574091333 0.7632850241545893 0.10251630941286113 0.0748792270531401