0 0.3403582718651212 0.27967625899280574 0.03424657534246575 0.04316546762589928
0 0.22339304531085352 0.4073741007194245 0.032665964172813484 0.040467625899280574
0 0.32349841938883034 0.322841726618705 0.029504741833508957 0.040467625899280574
0 0.2434141201264489 0.24010791366906475 0.032665964172813484 0.05485611510791367
9 0.24868282402528977 0.3066546762589928 0.0458377239199157 0.05845323741007194
2 0.5252897787144363 0.21133093525179855 0.026870389884088516 0.040467625899280574
7 0.22760800842992623 0.15377697841726617 0.059536354056902004 0.07014388489208633
2 0.2924130663856691 0.4091726618705036 0.038461538461538464 0.03327338129496403
4 0.6622760800842993 0.3606115107913669 0.05268703898840885 0.08363309352517985
4 0.8298208640674394 0.32643884892086333 0.09272918861959958 0.12679856115107913
7 0.07850368809272919 0.8381294964028777 0.09220231822971549 0.1510791366906475
7 0.27502634351949423 0.552158273381295 0.09430979978925184 0.10431654676258993
7 0.4041095890410959 0.7158273381294964 0.0821917808219178 0.04136690647482014
7 0.18651211801896733 0.6798561151079137 0.08956796628029505 0.09082733812949641
7 0.3108535300316122 0.8588129496402878 0.07218124341412013 0.07194244604316546
4 0.45732349841938885 0.5800359712230215 0.044783983140147525 0.046762589928057555
4 0.48472075869336145 0.6915467625899281 0.052160168598524764 0.05575539568345324
4 0.4130663856691254 0.6510791366906474 0.05742887249736565 0.06025179856115108
8 0.1554267650158061 0.7877697841726619 0.04741833508956796 0.05575539568345324
4 0.46153846153846156 0.6097122302158273 0.044783983140147525 0.039568345323741004
8 0.8292939936775553 0.7985611510791367 0.06006322444678609 0.09892086330935251
8 0.9441517386722866 0.8372302158273381 0.04320337197049526 0.08633093525179857
9 0.8561643835616438 0.8606115107913669 0.04636459430979979 0.06474820143884892
9 0.7355110642781876 0.72931654676259 0.07165437302423604 0.09352517985611511
2 0.9399367755532139 0.6016187050359713 0.09694415173867228 0.14928057553956833
2 0.7486828240252897 0.862410071942446 0.04847207586933614 0.09892086330935251
7 0.6375131717597471 0.6034172661870504 0.08429926238145416 0.1510791366906475