5 0.25332527206771466 0.2395498392282958 0.0743651753325272 0.182475884244373
5 0.26360338573155984 0.4565916398713826 0.07073760580411124 0.1639871382636656
5 0.3597339782345828 0.2508038585209003 0.09854897218863362 0.13987138263665594
7 0.937726723095526 0.45739549839228294 0.044740024183796856 0.06913183279742766
9 0.4437726723095526 0.9453376205787781 0.04534461910519952 0.05787781350482315
9 0.46009673518742444 0.770096463022508 0.039298669891172915 0.04983922829581994
9 0.343409915356711 0.9678456591639871 0.0471584038694075 0.04260450160771704
9 0.39238210399032647 0.9364951768488746 0.0471584038694075 0.0635048231511254
8 0.34099153567110035 0.707395498392283 0.04050785973397823 0.04983922829581994
4 0.501813784764208 0.727491961414791 0.02962515114873035 0.04662379421221865
4 0.09492140266021766 0.7652733118971061 0.032648125755743655 0.04501607717041801
1 0.18742442563482467 0.7845659163987139 0.036275695284159616 0.05787781350482315
7 0.13180169286577992 0.6696141479099679 0.0501813784764208 0.053858520900321546
6 0.3186215235792019 0.6663987138263665 0.03143893591293833 0.03938906752411576
0 0.16989117291414751 0.8866559485530546 0.05199516324062878 0.0635048231511254
9 0.652962515114873 0.7379421221864951 0.03990326481257558 0.1157556270096463
9 0.6977025392986699 0.6270096463022508 0.09915356711003627 0.03536977491961415