8 0.360625 0.18878923766816144 0.10625 0.09417040358744394
8 0.15125 0.01210762331838565 0.1025 0.0242152466367713
11 0.42625 0.32780269058295963 0.0875 0.1031390134529148
9 0.723125 0.2085201793721973 0.14125 0.19103139013452916
9 0.87375 0.23721973094170404 0.13375 0.14618834080717488
1 0.170625 0.9035874439461884 0.104375 0.14887892376681613
1 0.219375 0.7775784753363228 0.09 0.08071748878923767
1 0.26125 0.6946188340807175 0.128125 0.09058295964125561
1 0.2825 0.5282511210762332 0.054375 0.051121076233183856
1 0.32625 0.45022421524663675 0.056875 0.06367713004484304
1 0.87375 0.7672645739910314 0.0975 0.12914798206278028
1 0.749375 0.7865470852017937 0.045625 0.06771300448430494
1 0.569375 0.7237668161434978 0.145 0.17443946188340806
1 0.561875 0.5798206278026906 0.0725 0.15201793721973095
1 0.706875 0.6313901345291479 0.074375 0.11300448430493273
1 0.761875 0.4390134529147982 0.05 0.11659192825112108
1 0.8725 0.4713004484304933 0.145 0.1358744394618834
0 0.861875 0.9318385650224216 0.16375 0.13632286995515694