7 0.2964975845410628 0.23452768729641693 0.036231884057971016 0.05863192182410423
7 0.33695652173913043 0.5358306188925082 0.04106280193236715 0.04560260586319218
7 0.46859903381642515 0.4144951140065147 0.021739130434782608 0.057003257328990226
2 0.41304347826086957 0.5472312703583062 0.043478260869565216 0.02280130293159609
9 0.2463768115942029 0.3257328990228013 0.051932367149758456 0.08143322475570032
9 0.4106280193236715 0.4218241042345277 0.0640096618357488 0.07166123778501629
3 0.6400966183574879 0.42996742671009774 0.2246376811594203 0.25732899022801303
3 0.5990338164251208 0.1742671009771987 0.14070048309178743 0.1978827361563518
3 0.7856280193236715 0.17263843648208468 0.22282608695652173 0.34527687296416937
8 0.1708937198067633 0.6791530944625407 0.06642512077294686 0.08957654723127036
8 0.3834541062801932 0.8061889250814332 0.06159420289855073 0.0781758957654723
7 0.11775362318840579 0.8249185667752443 0.06521739130434782 0.07980456026058631
7 0.07548309178743962 0.7923452768729642 0.07004830917874397 0.07980456026058631
7 0.28019323671497587 0.7679153094462541 0.08695652173913043 0.1254071661237785
7 0.025966183574879228 0.8819218241042345 0.051932367149758456 0.09283387622149837
7 0.40157004830917875 0.9421824104234527 0.059178743961352656 0.0781758957654723
9 0.6708937198067633 0.8469055374592834 0.3828502415458937 0.30618892508143325
11 0.5597826086956522 0.6205211726384365 0.06280193236714976 0.0732899022801303
11 0.5736714975845411 0.6970684039087948 0.08333333333333333 0.11563517915309446