0 0.19115384615384615 0.3931870669745958 0.031153846153846153 0.06062355658198614
0 0.2903846153846154 0.5808314087759815 0.03 0.057736720554272515
0 0.20461538461538462 0.45381062355658197 0.027307692307692307 0.06062355658198614
0 0.27692307692307694 0.3435334872979215 0.03 0.07736720554272518
9 0.2703846153846154 0.4376443418013857 0.04038461538461539 0.08545034642032333
2 0.030384615384615385 0.28290993071593534 0.024615384615384615 0.057736720554272515
7 0.2923076923076923 0.22055427251732102 0.05346153846153846 0.10219399538106236
2 0.23 0.5796766743648961 0.033846153846153845 0.049653579676674366
4 0.6976923076923077 0.3244803695150115 0.05615384615384615 0.08775981524249422
1 0.6888461538461539 0.1195150115473441 0.09615384615384616 0.11431870669745958
1 0.7742307692307693 0.6506928406466512 0.036153846153846154 0.05658198614318707
1 0.5 0.2528868360277136 0.02 0.09006928406466513
1 0.5765384615384616 0.1720554272517321 0.043076923076923075 0.06235565819861432
7 0.5480769230769231 0.3672055427251732 0.08 0.09930715935334873
7 0.5819230769230769 0.2615473441108545 0.05384615384615385 0.08660508083140878
7 0.6357692307692308 0.028868360277136258 0.05615384615384615 0.057736720554272515
9 0.6061538461538462 0.4133949191685912 0.04384615384615385 0.07390300230946882
11 0.8026923076923077 0.6657043879907621 0.03769230769230769 0.026558891454965358
11 0.8042307692307692 0.5363741339491916 0.038461538461538464 0.07852193995381063
8 0.7526923076923077 0.5646651270207852 0.06384615384615384 0.06235565819861432
8 0.7703846153846153 0.4855658198614319 0.057692307692307696 0.07967667436489607
9 0.02846153846153846 0.9301385681293303 0.05692307692307692 0.1397228637413395
2 0.46153846153846156 0.8112009237875288 0.05692307692307692 0.1951501154734411
2 0.24461538461538462 0.9607390300230947 0.09076923076923077 0.07852193995381063
2 0.3626923076923077 0.9047344110854504 0.10076923076923076 0.1397228637413395
10 0.8146153846153846 0.8654734411085451 0.19615384615384615 0.18706697459584296
10 0.6680769230769231 0.7707852193995381 0.17076923076923076 0.17494226327944573
10 0.5607692307692308 0.6887990762124712 0.06846153846153846 0.019630484988452657
10 0.8757692307692307 0.7523094688221709 0.21269230769230768 0.12759815242494227
10 0.9180769230769231 0.9364896073903002 0.055 0.07390300230946882
10 0.9307692307692308 0.9867205542725174 0.06576923076923077 0.026558891454965358