9 0.5295950155763239 0.12188365650969529 0.059190031152647975 0.08448753462603878
9 0.5186915887850467 0.3545706371191136 0.050623052959501556 0.07202216066481995
9 0.4197819314641745 0.06509695290858726 0.059190031152647975 0.0664819944598338
9 0.470404984423676 0.11911357340720222 0.06074766355140187 0.09141274238227147
8 0.37305295950155765 0.40443213296398894 0.05218068535825545 0.07340720221606649
4 0.5584112149532711 0.4224376731301939 0.0397196261682243 0.0664819944598338
4 0.10514018691588785 0.26177285318559557 0.042834890965732085 0.06371191135734072
1 0.2118380062305296 0.26177285318559557 0.050623052959501556 0.08448753462603878
7 0.13161993769470404 0.3961218836565097 0.0630841121495327 0.0817174515235457
6 0.34190031152647976 0.4515235457063712 0.04127725856697819 0.05678670360110803
0 0.2102803738317757 0.12326869806094183 0.06619937694704049 0.09418282548476455
11 0.706386292834891 0.23407202216066483 0.08255451713395638 0.13573407202216067
11 0.9610591900311527 0.26038781163434904 0.0778816199376947 0.1883656509695291
11 0.8855140186915887 0.5110803324099723 0.06697819314641744 0.013850415512465374
5 0.11059190031152648 0.9598337950138505 0.1588785046728972 0.08033240997229917
5 0.16433021806853582 0.7382271468144044 0.14953271028037382 0.29362880886426596
7 0.6635514018691588 0.7548476454293629 0.06853582554517133 0.14127423822714683
7 0.8761682242990654 0.6066481994459834 0.06775700934579439 0.09833795013850416
7 0.8948598130841121 0.7922437673130194 0.05451713395638629 0.0443213296398892
7 0.7811526479750779 0.6717451523545707 0.06230529595015576 0.08587257617728532
7 0.7912772585669782 0.868421052631579 0.0514018691588785 0.07063711911357341
4 0.9719626168224299 0.7049861495844876 0.03115264797507788 0.0443213296398892
4 0.9493769470404985 0.8060941828254847 0.03660436137071651 0.054016620498614956
4 0.9221183800623053 0.7423822714681441 0.04127725856697819 0.05955678670360111
8 0.7266355140186916 0.7465373961218836 0.03271028037383177 0.05124653739612189
4 0.9649532710280374 0.7299168975069252 0.029595015576323987 0.038781163434903045