7 0.042404473438956196 0.012681159420289856 0.07921714818266543 0.025362318840579712
9 0.8014911463187325 0.21618357487922704 0.23578751164958062 0.19444444444444445
9 0.8886300093196645 0.4227053140096618 0.16309412861137 0.05314009661835749
9 0.5493942218080149 0.08876811594202899 0.1239515377446412 0.17753623188405798
3 0.12628145386766076 0.6612318840579711 0.07968313140726933 0.19867149758454106
3 0.2022367194780988 0.7246376811594203 0.08760484622553588 0.20471014492753623
3 0.16402609506057783 0.5652173913043478 0.09552656104380243 0.2318840579710145
3 0.6430568499534017 0.9335748792270532 0.21621621621621623 0.13285024154589373
3 0.5149114631873253 0.892512077294686 0.2096924510717614 0.21497584541062803
3 0.5424044734389561 0.6105072463768116 0.06150978564771668 0.06038647342995169
3 0.44920782851817337 0.7632850241545893 0.1015843429636533 0.15579710144927536
3 0.9426840633737186 0.6455314009661836 0.11463187325256291 0.14130434782608695
3 0.9137931034482759 0.7590579710144928 0.15936626281453867 0.14251207729468598
3 0.83690587138863 0.8774154589371981 0.17893755824790308 0.1570048309178744
3 0.7241379310344828 0.5507246376811594 0.07921714818266543 0.07004830917874397
3 0.6272134203168686 0.5791062801932367 0.157502329916123 0.11956521739130435