1 0.2 0.593125 0.1175 0.05375
0 0.04125 0.1225 0.0825 0.145
5 0.21875 0.145625 0.12875 0.16875
9 0.3825 0.544375 0.055 0.09375
11 0.900625 0.318125 0.071875 0.07375
11 0.926875 0.25375 0.048125 0.051875
11 0.86875 0.185625 0.048125 0.049375
11 0.908125 0.11625 0.045 0.051875
11 0.92 0.18875 0.055625 0.065625
11 0.8075 0.5 0.048125 0.054375
11 0.815 0.450625 0.055625 0.06
11 0.685 0.50125 0.098125 0.109375
11 0.610625 0.421875 0.10875 0.079375
11 0.52 0.331875 0.116875 0.095625
11 0.698125 0.231875 0.055625 0.0575
11 0.6225 0.158125 0.05875 0.063125
11 0.566875 0.231875 0.13 0.109375
11 0.47375 0.153125 0.098125 0.093125
11 0.629375 0.3275 0.085 0.093125
0 0.2175 0.808125 0.065625 0.06375
7 0.275625 0.866875 0.02875 0.0325
7 0.17125 0.8175 0.035625 0.043125
7 0.291875 0.82125 0.04375 0.05
7 0.735 0.920625 0.08125 0.07375
7 0.825625 0.75625 0.085 0.07125
7 0.873125 0.66625 0.05375 0.0925
7 0.884375 0.85875 0.045 0.08125
7 0.550625 0.811875 0.06875 0.08
9 0.624375 0.88 0.0875 0.1725
9 0.47 0.885 0.06125 0.09125