8 0.36120630568882794 0.29671939074399534 0.09492803289924606 0.07879320445225542
8 0.25017135023989034 0.2817809021675454 0.09492803289924606 0.09080257762155829
8 0.04763536668951337 0.17369654364381956 0.06339958875942427 0.0849443468072642
8 0.3125428375599726 0.09988283538371412 0.0860178204249486 0.056531927357937904
11 0.4595613433858807 0.04745166959578207 0.07230980123372173 0.06473345049794962
1 0.5784784098697738 0.11306385471587581 0.05654557916381083 0.056531927357937904
4 0.7080191912268677 0.09783245459871119 0.043522960932145305 0.05067369654364382
4 0.8334475668265936 0.2100175746924429 0.045236463331048665 0.05067369654364382
4 0.8584647018505825 0.15026362038664323 0.04043865661411926 0.03719976567076743
7 0.7844413982179576 0.25717633274751023 0.04215215901302262 0.04569420035149385
8 0.5507196710075394 0.5653192735793791 0.1782042494859493 0.12302284710017575
7 0.38074023303632626 0.7205623901581723 0.09869773817683344 0.09080257762155829
9 0.7566826593557231 0.6171646162858817 0.03564084989718986 0.08025776215582894
9 0.7179575051405072 0.6359109548916227 0.02193283070596299 0.05565319273579379
9 0.6943111720356409 0.6816051552431166 0.017135023989033583 0.05565319273579379
9 0.725496915695682 0.7032806092560047 0.023989033584647018 0.048330404217926184
9 0.8444139821795751 0.8617457527826596 0.025017135023989032 0.0638547158758055
9 0.7604523646333105 0.872290568248389 0.023989033584647018 0.0638547158758055
9 0.9437971213159698 0.8558875219683656 0.0339273474982865 0.07322788517867604
8 0.8677176148046607 0.43233743409490333 0.020904729266620972 0.04715875805506737
8 0.8992460589444825 0.7442882249560633 0.025017135023989032 0.05067369654364382
8 0.8690884167237835 0.8427065026362038 0.018848526387936944 0.04364381956649092
2 0.9379712131596984 0.7346221441124781 0.02844413982179575 0.06033977738722906
2 0.9198080877313228 0.6496777973052138 0.03838245373543523 0.09461042765084944
0 0.7995202193283071 0.4291154071470416 0.029472241261137764 0.09109548916227299
0 0.8522960932145305 0.7205623901581723 0.0205620287868403 0.06619800820152313