0 0.20714285714285716 0.4161290322580645 0.029285714285714286 0.053763440860215055
0 0.33285714285714285 0.5172043010752688 0.027857142857142858 0.05053763440860215
0 0.23 0.46236559139784944 0.025 0.053763440860215055
0 0.2814285714285714 0.310752688172043 0.02642857142857143 0.07204301075268817
9 0.2907142857142857 0.4 0.037142857142857144 0.07526881720430108
2 0.035 0.42795698924731185 0.022857142857142857 0.05053763440860215
7 0.2757142857142857 0.1870967741935484 0.05071428571428571 0.08602150537634409
2 0.275 0.5591397849462365 0.032857142857142856 0.03978494623655914
6 0.7271428571428571 0.4096774193548387 0.05142857142857143 0.07741935483870968
6 0.5864285714285714 0.4010752688172043 0.05714285714285714 0.05161290322580645
6 0.8042857142857143 0.44516129032258067 0.05857142857142857 0.09247311827956989
6 0.8707142857142857 0.2172043010752688 0.06571428571428571 0.05591397849462366
6 0.9192857142857143 0.3688172043010753 0.10857142857142857 0.12473118279569892
6 0.9371428571428572 0.2763440860215054 0.07142857142857142 0.05806451612903226
10 0.8028571428571428 0.2989247311827957 0.16285714285714287 0.09032258064516129
10 0.6607142857142857 0.48494623655913977 0.06714285714285714 0.1010752688172043
10 0.7835714285714286 0.543010752688172 0.11857142857142858 0.11612903225806452
5 0.10571428571428572 0.8903225806451613 0.12285714285714286 0.21935483870967742
5 0.09142857142857143 0.689247311827957 0.11714285714285715 0.06236559139784946
9 0.7964285714285714 0.7118279569892473 0.07571428571428572 0.10752688172043011
9 0.9771428571428571 0.7344086021505376 0.045714285714285714 0.09247311827956989
9 0.8885714285714286 0.7118279569892473 0.08571428571428572 0.10752688172043011