0 0.512 0.22692889561270801 0.09866666666666667 0.10287443267776097
1 0.54 0.03252647503782148 0.056 0.06505295007564296
9 0.43 0.6066565809379728 0.096 0.06202723146747353
11 0.9286666666666666 0.31164901664145234 0.051333333333333335 0.07639939485627836
11 0.948 0.3774583963691377 0.034 0.05370650529500756
11 0.906 0.4485627836611195 0.034 0.05068078668683813
11 0.9346666666666666 0.5204236006051437 0.032 0.05370650529500756
11 0.9433333333333334 0.4455370650529501 0.04 0.06732223903177005
11 0.8626666666666667 0.12405446293494705 0.034 0.056732223903177004
11 0.868 0.17473524962178516 0.04 0.06202723146747353
11 0.7753333333333333 0.12254160363086233 0.07 0.11270801815431165
11 0.722 0.2042360060514372 0.078 0.08169440242057488
11 0.6573333333333333 0.2972768532526475 0.08333333333333333 0.09833585476550681
11 0.7846666666666666 0.4001512859304085 0.04 0.059001512859304085
11 0.7306666666666667 0.47655068078668683 0.042 0.06505295007564296
11 0.6906666666666667 0.4001512859304085 0.09266666666666666 0.11270801815431165
11 0.624 0.48184568835098335 0.07 0.09606656580937972
11 0.7353333333333333 0.30181543116490167 0.06066666666666667 0.09606656580937972
9 0.16866666666666666 0.9803328290468987 0.108 0.039334341906202726
9 0.30133333333333334 0.8895612708018155 0.05333333333333334 0.22087745839636913
8 0.2613333333333333 0.8638426626323752 0.050666666666666665 0.08169440242057488
1 0.20066666666666666 0.6732223903177005 0.044 0.059001512859304085
0 0.38266666666666665 0.9531013615733737 0.07466666666666667 0.09379727685325265
8 0.7626666666666667 0.7708018154311649 0.04133333333333333 0.06656580937972768