7 0.4418918918918919 0.21568627450980393 0.05405405405405406 0.06259426847662142
7 0.35202702702702704 0.1847662141779789 0.07027027027027027 0.0784313725490196
7 0.02364864864864865 0.29638009049773756 0.0472972972972973 0.06711915535444947
7 0.09864864864864865 0.26621417797888386 0.05 0.06259426847662142
7 0.2608108108108108 0.3702865761689291 0.06148648648648649 0.07390648567119155
7 0.20135135135135135 0.1870286576168929 0.06824324324324324 0.06033182503770739
8 0.09594594594594595 0.20437405731523378 0.06824324324324324 0.06485671191553545
3 0.8108108108108109 0.40648567119155354 0.2635135135135135 0.14630467571644043
3 0.625 0.1832579185520362 0.1777027027027027 0.12518853695324283
3 0.7824324324324324 0.22549019607843138 0.15 0.1085972850678733
3 0.6094594594594595 0.07767722473604827 0.19054054054054054 0.14856711915535445
1 0.6425675675675676 0.2730015082956259 0.18445945945945946 0.13197586726998492
1 0.6081081081081081 0.3521870286576169 0.18445945945945946 0.1297134238310709
1 0.3290540540540541 0.6055806938159879 0.09324324324324325 0.10407239819004525
6 0.39797297297297296 0.8220211161387632 0.06756756756756757 0.05580693815987934
6 0.26756756756756755 0.9042232277526395 0.060810810810810814 0.0693815987933635
6 0.44391891891891894 0.7285067873303167 0.05 0.08446455505279035
1 0.2797297297297297 0.7081447963800905 0.10810810810810811 0.11764705882352941
1 0.21216216216216216 0.6591251885369532 0.09324324324324325 0.11010558069381599
1 0.1864864864864865 0.773001508295626 0.10135135135135136 0.138763197586727
1 0.12905405405405404 0.5384615384615384 0.10945945945945947 0.11764705882352941
1 0.23513513513513515 0.5618401206636501 0.13513513513513514 0.13273001508295626
1 0.19594594594594594 0.4939668174962293 0.14594594594594595 0.02865761689291101
1 0.12162162162162163 0.6410256410256411 0.12027027027027028 0.12669683257918551
1 0.1945945945945946 0.9042232277526395 0.11081081081081082 0.12368024132730016
1 0.05945945945945946 0.5135746606334841 0.0891891891891892 0.06787330316742081
1 0.41824324324324325 0.6221719457013575 0.10135135135135136 0.12518853695324283
1 0.37094594594594593 0.7345399698340875 0.09594594594594595 0.10708898944193061
1 0.28986486486486485 0.8242835595776772 0.13783783783783785 0.1282051282051282
1 0.3777027027027027 0.9321266968325792 0.1445945945945946 0.13574660633484162
1 0.0918918918918919 0.8823529411764706 0.12432432432432433 0.14027149321266968
1 0.08716216216216216 0.7473604826546003 0.13378378378378378 0.13423831070889894
1 0.038513513513513516 0.5987933634992458 0.07702702702702703 0.1297134238310709
9 0.6837837837837838 0.9260935143288085 0.16756756756756758 0.1478129713423831