0 0.27625 0.22727272727272727 0.08 0.15206611570247933
0 0.200625 0.048760330578512395 0.09625 0.09752066115702479
1 0.175625 0.2768595041322314 0.07875 0.08099173553719008
5 0.51125 0.1669421487603306 0.381875 0.1487603305785124
5 0.580625 0.0603305785123967 0.163125 0.0652892561983471
5 0.715 0.1396694214876033 0.0475 0.05867768595041322
5 0.846875 0.07603305785123966 0.20125 0.09586776859504133
5 0.804375 0.26859504132231404 0.20125 0.08264462809917356
2 0.440625 0.27603305785123966 0.09125 0.06115702479338843
1 0.131875 0.5826446280991735 0.055625 0.1305785123966942
1 0.155625 0.6975206611570248 0.055625 0.07272727272727272
1 0.228125 0.815702479338843 0.040625 0.11487603305785124
1 0.193125 0.6214876033057851 0.0525 0.10909090909090909
8 0.285625 0.7413223140495868 0.034375 0.09586776859504133
6 0.050625 0.6595041322314049 0.054375 0.09421487603305785
8 0.75375 0.6446280991735537 0.0525 0.0859504132231405
8 0.8125 0.7214876033057851 0.0475 0.06115702479338843