7 0.17355371900826447 0.04170403587443946 0.09297520661157024 0.08340807174887892
7 0.040289256198347105 0.18878923766816144 0.08057851239669421 0.09955156950672646
8 0.3331611570247934 0.026905829596412557 0.07128099173553719 0.053811659192825115
7 0.8125 0.14080717488789238 0.08367768595041322 0.08699551569506726
7 0.5976239669421488 0.1515695067264574 0.06301652892561983 0.05560538116591928
8 0.5511363636363636 0.2304932735426009 0.05475206611570248 0.05022421524663677
11 0.6234504132231405 0.4013452914798206 0.045454545454545456 0.04035874439461883
11 0.5878099173553719 0.3547085201793722 0.047520661157024795 0.0484304932735426
11 0.9793388429752066 0.23946188340807176 0.04132231404958678 0.04484304932735426
11 0.9328512396694215 0.16502242152466368 0.04648760330578512 0.045739910313901344
11 0.9881198347107438 0.13542600896860987 0.023760330578512397 0.059192825112107626
11 0.7272727272727273 0.07892376681614349 0.042355371900826444 0.04035874439461883
11 0.7303719008264463 0.20358744394618833 0.049586776859504134 0.04035874439461883
11 0.6678719008264463 0.042152466367713005 0.05268595041322314 0.045739910313901344
11 0.46539256198347106 0.16905829596412555 0.058884297520661155 0.05201793721973094
11 0.8987603305785123 0.19461883408071748 0.05268595041322314 0.05560538116591928
11 0.8693181818181818 0.08116591928251121 0.07954545454545454 0.06098654708520179
9 0.8641528925619835 0.17219730941704037 0.04338842975206612 0.04484304932735426
1 0.6027892561983471 0.23183856502242153 0.04442148760330578 0.042152466367713005
7 0.793904958677686 0.23497757847533632 0.05371900826446281 0.04035874439461883
7 0.9421487603305785 0.26367713004484306 0.049586776859504134 0.04125560538116592
7 0.8739669421487604 0.2502242152466368 0.06714876033057851 0.06188340807174888
7 0.8274793388429752 0.28340807174887894 0.0506198347107438 0.039461883408071746
5 0.32489669421487605 0.6910313901345292 0.09400826446280992 0.16905829596412555
5 0.15547520661157024 0.6878923766816144 0.06766528925619834 0.12331838565022421
5 0.25981404958677684 0.7497757847533633 0.049586776859504134 0.1
5 0.2572314049586777 0.8802690582959641 0.03770661157024793 0.06412556053811659
5 0.10020661157024793 0.7538116591928251 0.02324380165289256 0.042152466367713005
5 0.15960743801652894 0.6224215246636772 0.030475206611570247 0.04708520179372197
5 0.15857438016528927 0.5802690582959641 0.03615702479338843 0.059192825112107626
5 0.1678719008264463 0.5201793721973094 0.05991735537190083 0.08923766816143498
5 0.10433884297520661 0.5183856502242152 0.04648760330578512 0.0968609865470852
5 0.11518595041322315 0.48475336322869955 0.057334710743801656 0.029596412556053813
5 0.05320247933884298 0.4964125560538117 0.02427685950413223 0.0515695067264574
5 0.13326446280991736 0.8452914798206278 0.038739669421487606 0.07982062780269059
5 0.17820247933884298 0.8551569506726457 0.040289256198347105 0.07802690582959641
5 0.19318181818181818 0.7161434977578476 0.030475206611570247 0.09372197309417041
5 0.21642561983471073 0.6295964125560538 0.03615702479338843 0.06547085201793722
5 0.2231404958677686 0.752914798206278 0.040289256198347105 0.1031390134529148
5 0.2660123966942149 0.625560538116592 0.04390495867768595 0.07174887892376682
5 0.2262396694214876 0.9726457399103139 0.03925619834710744 0.054708520179372194
5 0.22004132231404958 0.8914798206278027 0.022727272727272728 0.045291479820627804
5 0.22830578512396693 0.8493273542600897 0.019111570247933883 0.042152466367713005
5 0.2634297520661157 0.8170403587443946 0.038739669421487606 0.07488789237668161
5 0.27892561983471076 0.6780269058295965 0.026859504132231406 0.05650224215246637
5 0.20557851239669422 0.6614349775784754 0.06353305785123967 0.08116591928251121
5 0.10795454545454546 0.5896860986547086 0.04442148760330578 0.07802690582959641
3 0.6136363636363636 0.6713004484304933 0.04700413223140496 0.08520179372197309
3 0.7071280991735537 0.8986547085201794 0.038739669421487606 0.07399103139013453
3 0.6596074380165289 0.8511210762331839 0.04442148760330578 0.05829596412556054
3 0.6601239669421488 0.9385650224215246 0.04597107438016529 0.05829596412556054
3 0.6833677685950413 0.6524663677130045 0.08161157024793389 0.09955156950672646
3 0.6048553719008265 0.5233183856502243 0.045454545454545456 0.07040358744394619
3 0.4984504132231405 0.6376681614349776 0.04132231404958678 0.06457399103139014
3 0.7443181818181818 0.7905829596412556 0.038223140495867766 0.06188340807174888
7 0.5785123966942148 0.9049327354260089 0.05320247933884298 0.08430493273542601