7 0.1341756919374248 0.14019448946515398 0.0421179302045728 0.051053484602917344
7 0.12575210589651023 0.2034035656401945 0.049338146811071 0.03646677471636953
7 0.2148014440433213 0.2025931928687196 0.03309265944645006 0.03646677471636953
8 0.5072202166064982 0.04862236628849271 0.061371841155234655 0.09724473257698542
11 0.2328519855595668 0.646677471636953 0.019253910950661854 0.05348460291734198
11 0.24067388688327315 0.6077795786061588 0.015643802647412757 0.07293354943273905
11 0.21239470517448858 0.6612641815235009 0.015643802647412757 0.05348460291734198
11 0.18832731648616124 0.6904376012965965 0.015643802647412757 0.051053484602917344
11 0.1618531889290012 0.6499189627228525 0.010830324909747292 0.04294975688816856
11 0.19434416365824309 0.6085899513776337 0.012033694344163659 0.06645056726094004
7 0.19915764139590855 0.42949756888168555 0.022262334536702767 0.06645056726094004
0 0.15222623345367028 0.4740680713128039 0.027677496991576414 0.08346839546191248
0 0.1762936221419976 0.6134521880064829 0.018050541516245487 0.08184764991896272
0 0.20938628158844766 0.5615883306320908 0.0210589651022864 0.051053484602917344
10 0.697352587244284 0.6758508914100486 0.12575210589651023 0.18071312803889789
7 0.5210589651022864 0.5413290113452188 0.04151624548736462 0.07293354943273905
7 0.45607701564380265 0.8435980551053485 0.040312876052948254 0.08833063209076175
1 0.5324909747292419 0.8573743922204214 0.03790613718411552 0.07050243111831442
1 0.4963898916967509 0.7414910858995137 0.04151624548736462 0.06726094003241491
11 0.8658243080625753 0.6944894651539708 0.03910950661853189 0.06726094003241491
11 0.9037304452466908 0.44894651539708263 0.044524669073405534 0.07617504051863858
11 0.8315282791817088 0.7625607779578606 0.03369434416365824 0.07293354943273905