1 0.4142670157068063 0.47368421052631576 0.051047120418848166 0.050933786078098474
1 0.19960732984293195 0.4363327674023769 0.04384816753926701 0.06536502546689305
1 0.39397905759162305 0.3030560271646859 0.031413612565445025 0.05602716468590832
1 0.11452879581151833 0.0636672325976231 0.07853403141361257 0.1273344651952462
1 0.1943717277486911 0.03904923599320883 0.051047120418848166 0.07724957555178268
1 0.487565445026178 0.41256366723259763 0.06806282722513089 0.12478777589134125
1 0.4280104712041885 0.166383701188455 0.08049738219895287 0.14261460101867574
11 0.2833769633507853 0.15789473684210525 0.09882198952879581 0.1307300509337861
11 0.29581151832460734 0.26485568760611206 0.10798429319371727 0.166383701188455
11 0.20091623036649214 0.30475382003395585 0.17015706806282724 0.17487266553480477
11 0.3475130890052356 0.32088285229202035 0.06806282722513089 0.10101867572156197
1 0.3776178010471204 0.47538200339558573 0.03664921465968586 0.04753820033955857
11 0.2081151832460733 0.20967741935483872 0.10471204188481675 0.15449915110356535
6 0.5726439790575916 0.10271646859083192 0.04581151832460733 0.0899830220713073
6 0.7395287958115183 0.28098471986417656 0.061518324607329845 0.07979626485568761
6 0.7977748691099477 0.4567062818336163 0.10340314136125654 0.08488964346349745
6 0.7192408376963351 0.47877758913412566 0.06413612565445026 0.04074702886247878
6 0.7369109947643979 0.4227504244482173 0.06282722513089005 0.08149405772495756
6 0.6119109947643979 0.30560271646859083 0.09162303664921466 0.11544991511035653
6 0.7218586387434555 0.05178268251273345 0.07329842931937172 0.1035653650254669
7 0.29842931937172773 0.6782682512733447 0.060209424083769635 0.08828522920203735
7 0.026832460732984294 0.7801358234295416 0.05366492146596859 0.10696095076400679
8 0.25589005235602097 0.5865874363327674 0.061518324607329845 0.06621392190152801
8 0.22971204188481675 0.633276740237691 0.051047120418848166 0.06621392190152801
8 0.19829842931937172 0.6494057724957555 0.04712041884816754 0.057724957555178265
7 0.3841623036649215 0.5203735144312394 0.051047120418848166 0.042444821731748725
7 0.41164921465968585 0.5780984719864176 0.0824607329842932 0.10186757215619695
7 0.26767015706806285 0.7487266553480475 0.10340314136125654 0.12224108658743633
7 0.193717277486911 0.7275042444821732 0.0549738219895288 0.0730050933786078
7 0.2198952879581152 0.5195246179966044 0.07591623036649214 0.04074702886247878
7 0.47513089005235604 0.6621392190152802 0.07591623036649214 0.11375212224108659
7 0.3553664921465969 0.7368421052631579 0.056282722513089 0.07130730050933787
9 0.5615183246073299 0.6409168081494058 0.02356020942408377 0.1307300509337861
9 0.7997382198952879 0.5636672325976231 0.1099476439790576 0.12903225806451613
9 0.6197643979057592 0.7292020373514432 0.09424083769633508 0.12393887945670629
7 0.6079842931937173 0.8641765704584041 0.08376963350785341 0.08488964346349745
7 0.6295811518324608 0.9779286926994907 0.08115183246073299 0.044142614601018676
8 0.7918848167539267 0.7470288624787776 0.061518324607329845 0.100169779286927