8 0.3961038961038961 0.4416195856873823 0.05974025974025974 0.07344632768361582
11 0.22142857142857142 0.0847457627118644 0.05454545454545454 0.08286252354048965
6 0.05909090909090909 0.371939736346516 0.05194805194805195 0.08097928436911488
6 0.15324675324675324 0.416195856873823 0.07142857142857142 0.09227871939736347
6 0.0987012987012987 0.2532956685499058 0.053246753246753244 0.08286252354048965
3 0.17142857142857143 0.005649717514124294 0.07272727272727272 0.011299435028248588
11 0.7097402597402598 0.256120527306968 0.07532467532467532 0.07815442561205273
11 0.7058441558441558 0.147834274952919 0.07272727272727272 0.08662900188323917
11 0.7811688311688312 0.06685499058380415 0.16948051948051948 0.1337099811676083
11 0.9168831168831169 0.1120527306967985 0.12337662337662338 0.12146892655367232
11 0.95 0.24670433145009416 0.09935064935064936 0.11581920903954802
11 0.759090909090909 0.4435028248587571 0.1318181818181818 0.0696798493408663
7 0.8142857142857143 0.2984934086629002 0.09675324675324676 0.10734463276836158
11 0.09415584415584416 0.8314500941619586 0.18831168831168832 0.224105461393597
11 0.2292207792207792 0.64030131826742 0.21493506493506492 0.3173258003766478
3 0.6844155844155844 0.7608286252354048 0.17532467532467533 0.35969868173258
3 0.5136363636363637 0.5753295668549906 0.02727272727272727 0.19397363465160075
3 0.8948051948051948 0.783427495291902 0.2012987012987013 0.3295668549905838
3 0.712987012987013 0.940677966101695 0.15324675324675324 0.11864406779661017
3 0.8201298701298702 0.5489642184557438 0.18831168831168832 0.14124293785310735
3 0.7142857142857143 0.5207156308851224 0.08051948051948052 0.0847457627118644
3 0.5792207792207792 0.5555555555555556 0.15844155844155844 0.1544256120527307
3 0.5357142857142857 0.6638418079096046 0.07142857142857142 0.17890772128060264
3 0.5266233766233767 0.8022598870056498 0.053246753246753244 0.11299435028248588
3 0.7668831168831168 0.8465160075329566 0.1025974025974026 0.15630885122410546