11 0.12045690550363447 0.2328767123287671 0.1261682242990654 0.07534246575342465
11 0.4086188992731049 0.295662100456621 0.1292834890965732 0.0684931506849315
11 0.49428868120456904 0.11073059360730593 0.09916926272066459 0.06278538812785388
11 0.5441329179646937 0.16552511415525115 0.1261682242990654 0.06164383561643835
11 0.5664589823468328 0.0593607305936073 0.09034267912772585 0.07191780821917808
9 0.2751817237798546 0.15639269406392695 0.10539979231568017 0.08447488584474885
7 0.7538940809968847 0.3059360730593607 0.04153686396677051 0.0867579908675799
7 0.8997923156801662 0.19748858447488585 0.05399792315680166 0.13013698630136986
7 0.828141225337487 0.2636986301369863 0.060228452751817235 0.13926940639269406
8 0.6962616822429907 0.0593607305936073 0.03426791277258567 0.1187214611872146
0 0.847871235721703 0.023972602739726026 0.06749740394600208 0.04794520547945205
7 0.06697819314641744 0.5422374429223744 0.09813084112149532 0.09018264840182648
7 0.34683281412253375 0.6723744292237442 0.06853582554517133 0.06735159817351598
7 0.42471443406022846 0.5513698630136986 0.046209761163032194 0.06621004566210045
7 0.5955347871235722 0.5536529680365296 0.05555555555555555 0.07534246575342465
7 0.4517133956386293 0.5068493150684932 0.07424714434060228 0.091324200913242
11 0.2616822429906542 0.6335616438356164 0.08515057113187954 0.07420091324200913
11 0.05763239875389408 0.615296803652968 0.04101765316718588 0.045662100456621
11 0.11993769470404984 0.6267123287671232 0.06334371754932502 0.0776255707762557
11 0.1770508826583593 0.7534246575342466 0.0446521287642783 0.05821917808219178
11 0.5623052959501558 0.6289954337899544 0.06853582554517133 0.07420091324200913
9 0.9662512980269989 0.4863013698630137 0.06749740394600208 0.182648401826484
9 0.8483904465212876 0.6678082191780822 0.08826583592938733 0.1278538812785388
8 0.8509865005192108 0.454337899543379 0.056074766355140186 0.13013698630136986
8 0.7492211838006231 0.3972602739726027 0.0529595015576324 0.0958904109589041