11 0.4426229508196721 0.2021978021978022 0.13752276867030966 0.08021978021978023
11 0.07923497267759563 0.16813186813186815 0.10473588342440801 0.07692307692307693
11 0.20218579234972678 0.23516483516483516 0.09744990892531877 0.06483516483516484
11 0.28688524590163933 0.3032967032967033 0.10109289617486339 0.07142857142857142
11 0.4918032786885246 0.27582417582417584 0.09744990892531877 0.06483516483516484
11 0.24499089253187614 0.07692307692307693 0.10473588342440801 0.06813186813186813
11 0.24499089253187614 0.12967032967032968 0.1092896174863388 0.07472527472527472
11 0.08925318761384335 0.34615384615384615 0.10109289617486339 0.07472527472527472
0 0.8843351548269581 0.4153846153846154 0.056466302367941715 0.04835164835164835
8 0.2167577413479053 0.6175824175824176 0.0965391621129326 0.10329670329670329
8 0.15938069216757741 0.8648351648351649 0.07650273224043716 0.09010989010989011
8 0.5819672131147541 0.6835164835164835 0.06557377049180328 0.08131868131868132
1 0.6548269581056466 0.567032967032967 0.04918032786885246 0.07912087912087912
1 0.6612021857923497 0.5032967032967033 0.03642987249544627 0.07032967032967033
8 0.6420765027322405 0.7428571428571429 0.07285974499089254 0.08351648351648351
11 0.9034608378870674 0.5516483516483517 0.08561020036429873 0.0945054945054945
11 0.8287795992714025 0.5384615384615384 0.056466302367941715 0.09010989010989011