11 0.1817496229260935 0.2765765765765766 0.10030165912518854 0.07117117117117117
11 0.45701357466063347 0.25225225225225223 0.07315233785822021 0.07747747747747748
11 0.3521870286576169 0.2009009009009009 0.07013574660633484 0.06126126126126126
11 0.27601809954751133 0.14234234234234233 0.06711915535444947 0.07117117117117117
11 0.13197586726998492 0.20540540540540542 0.07013574660633484 0.06486486486486487
11 0.3552036199095023 0.37567567567567567 0.07616892911010557 0.06486486486486487
11 0.34464555052790347 0.3207207207207207 0.07616892911010557 0.07117117117117117
11 0.41251885369532426 0.06306306306306306 0.07013574660633484 0.07117117117117117
6 0.8959276018099548 0.2756756756756757 0.06787330316742081 0.08288288288288288
6 0.9849170437405732 0.2126126126126126 0.030165912518853696 0.07927927927927927
6 0.9615384615384616 0.27297297297297296 0.06334841628959276 0.07387387387387387
6 0.7911010558069381 0.26756756756756755 0.08144796380090498 0.07567567567567568
6 0.753393665158371 0.16396396396396395 0.06334841628959276 0.07747747747747748
6 0.9675716440422323 0.4036036036036036 0.05279034690799397 0.06126126126126126
6 0.7571644042232277 0.2072072072072072 0.06033182503770739 0.05765765765765766
6 0.6259426847662142 0.1045045045045045 0.08748114630467571 0.07927927927927927
6 0.6500754147812972 0.05225225225225225 0.0889894419306184 0.08648648648648649
6 0.7790346907993967 0.07567567567567568 0.13725490196078433 0.11891891891891893
6 0.8242835595776772 0.1927927927927928 0.11010558069381599 0.1009009009009009
6 0.8401206636500754 0.2855855855855856 0.08446455505279035 0.08108108108108109
7 0.05580693815987934 0.954954954954955 0.07239819004524888 0.09009009009009009
8 0.7413273001508296 0.6378378378378379 0.0889894419306184 0.11891891891891893
8 0.9049773755656109 0.7144144144144144 0.11161387631975868 0.12072072072072072
11 0.5301659125188537 0.7360360360360361 0.04072398190045249 0.10270270270270271