8 0.229066985645933 0.22089314194577353 0.13217703349282298 0.07655502392344497
9 0.090311004784689 0.41148325358851673 0.10586124401913875 0.10845295055821372
7 0.05263157894736842 0.06379585326953748 0.09270334928229665 0.08931419457735247
7 0.2840909090909091 0.32456140350877194 0.09688995215311005 0.0861244019138756
9 0.13636363636363635 0.32615629984051037 0.11423444976076555 0.09250398724082935
5 0.8588516746411483 0.30063795853269537 0.05801435406698564 0.08532695374800638
5 0.8857655502392344 0.1634768740031898 0.04007177033492823 0.03508771929824561
5 0.8068181818181818 0.35645933014354064 0.049641148325358854 0.07256778309409888
8 0.9599282296650717 0.145933014354067 0.0215311004784689 0.03987240829346093
1 0.9533492822966507 0.04146730462519936 0.031698564593301434 0.08293460925039872
8 0.7452153110047847 0.1722488038277512 0.02452153110047847 0.03987240829346093
7 0.6357655502392344 0.6762360446570973 0.08971291866028708 0.08931419457735247
7 0.22667464114832536 0.8038277511961722 0.06578947368421052 0.13237639553429026
7 0.1423444976076555 0.7208931419457735 0.10645933014354067 0.1674641148325359
2 0.37978468899521534 0.5614035087719298 0.06339712918660287 0.12440191387559808
11 0.2822966507177033 0.5143540669856459 0.0645933014354067 0.030303030303030304
11 0.4730861244019139 0.5095693779904307 0.07775119617224881 0.02073365231259968
11 0.2888755980861244 0.748006379585327 0.05382775119617225 0.04146730462519936
8 0.9575358851674641 0.7400318979266348 0.04425837320574163 0.05741626794258373
8 0.8666267942583732 0.828548644338118 0.0430622009569378 0.049441786283891544