11 0.18526785714285715 0.19974874371859297 0.09040178571428571 0.09547738693467336
11 0.38058035714285715 0.40703517587939697 0.06919642857142858 0.0992462311557789
11 0.28013392857142855 0.38944723618090454 0.06361607142857142 0.08040201005025126
11 0.19754464285714285 0.3969849246231156 0.06361607142857142 0.08793969849246232
11 0.1171875 0.23618090452261306 0.06361607142857142 0.08417085427135679
11 0.35825892857142855 0.21482412060301506 0.06919642857142858 0.08417085427135679
11 0.32589285714285715 0.26256281407035176 0.07254464285714286 0.09170854271356783
11 0.26450892857142855 0.542713567839196 0.06361607142857142 0.05025125628140704
1 0.765625 0.435929648241206 0.041294642857142856 0.07914572864321608
1 0.47544642857142855 0.32537688442211055 0.05357142857142857 0.13316582914572864
8 0.7154017857142857 0.1620603015075377 0.03794642857142857 0.08417085427135679
7 0.6662946428571429 0.3379396984924623 0.03571428571428571 0.06909547738693467
7 0.7444196428571429 0.18467336683417085 0.049107142857142856 0.0992462311557789
7 0.7712053571428571 0.05778894472361809 0.036830357142857144 0.06909547738693467
7 0.6685267857142857 0.1721105527638191 0.04352678571428571 0.08919597989949749
4 0.39732142857142855 0.7047738693467337 0.10267857142857142 0.10552763819095477
4 0.33705357142857145 0.9158291457286433 0.0625 0.08793969849246232
4 0.17745535714285715 0.7248743718592965 0.08035714285714286 0.09798994974874371
4 0.041294642857142856 0.842964824120603 0.06696428571428571 0.08040201005025126
4 0.08705357142857142 0.9057788944723618 0.07142857142857142 0.08793969849246232
4 0.09933035714285714 0.8115577889447236 0.08258928571428571 0.07788944723618091
8 0.6383928571428571 0.6256281407035176 0.06696428571428571 0.09296482412060302
7 0.7366071428571429 0.964824120603015 0.09821428571428571 0.07035175879396985
7 0.8169642857142857 0.7135678391959799 0.11607142857142858 0.12814070351758794
11 0.5669642857142857 0.7701005025125628 0.06696428571428571 0.08040201005025126
11 0.6160714285714286 0.6909547738693468 0.07589285714285714 0.08793969849246232
7 0.6819196428571429 0.9798994974874372 0.08705357142857142 0.04020100502512563