11 0.31413612565445026 0.15503875968992248 0.0968586387434555 0.05232558139534884
11 0.056719022687609075 0.1812015503875969 0.07678883071553229 0.05232558139534884
11 0.1431064572425829 0.13565891472868216 0.06893542757417102 0.04263565891472868
11 0.20157068062827224 0.09011627906976744 0.07155322862129145 0.046511627906976744
11 0.34554973821989526 0.1065891472868217 0.07155322862129145 0.044573643410852716
11 0.17539267015706805 0.23934108527131784 0.07678883071553229 0.044573643410852716
11 0.17452006980802792 0.20445736434108527 0.08027923211169284 0.04844961240310078
11 0.060209424083769635 0.06298449612403101 0.07155322862129145 0.04844961240310078
7 0.13525305410122165 0.9467054263565892 0.07591623036649214 0.1065891472868217
7 0.2443280977312391 0.6414728682170543 0.05410122164048865 0.08527131782945736
7 0.33595113438045376 0.6947674418604651 0.04101221640488656 0.07848837209302326
7 0.4328097731239092 0.5746124031007752 0.04712041884816754 0.08914728682170543
7 0.36910994764397903 0.7151162790697675 0.06195462478184991 0.10949612403100775
11 0.2111692844677138 0.7335271317829457 0.06544502617801047 0.09786821705426356
11 0.1012216404886562 0.8905038759689923 0.034031413612565446 0.05717054263565891
11 0.13263525305410123 0.8381782945736435 0.05235602094240838 0.0939922480620155
11 0.1169284467713787 0.687015503875969 0.03664921465968586 0.06976744186046512
11 0.38481675392670156 0.5310077519379846 0.0549738219895288 0.09205426356589147
7 0.6212914485165794 0.8420542635658915 0.049738219895287955 0.12790697674418605
0 0.6684118673647469 0.5096899224806202 0.06893542757417102 0.11337209302325581
0 0.6178010471204188 0.46027131782945735 0.055846422338568937 0.09496124031007752