11 0.04039497307001795 0.3477272727272727 0.0807899461400359 0.06212121212121212
11 0.22262118491921004 0.30454545454545456 0.15798922800718132 0.1484848484848485
11 0.35547576301615796 0.2946969696969697 0.1059245960502693 0.11515151515151516
2 0.5709156193895871 0.16515151515151516 0.10412926391382406 0.11212121212121212
9 0.5502692998204668 0.05303030303030303 0.06283662477558348 0.10606060606060606
9 0.8402154398563735 0.03484848484848485 0.11131059245960502 0.0696969696969697
11 0.3985637342908438 0.6840909090909091 0.08258527827648116 0.08181818181818182
11 0.289048473967684 0.771969696969697 0.05745062836624776 0.05909090909090909
11 0.2333931777378815 0.7689393939393939 0.05745062836624776 0.06060606060606061
11 0.2926391382405745 0.8734848484848485 0.04488330341113106 0.03636363636363636
11 0.362657091561939 0.9401515151515152 0.07001795332136446 0.07878787878787878
11 0.11400359066427289 0.9840909090909091 0.059245960502693 0.031818181818181815
11 0.4030520646319569 0.8704545454545455 0.08617594254937164 0.07727272727272727
11 0.5053859964093357 0.4265151515151515 0.026929982046678635 0.06212121212121212
11 0.13016157989228008 0.8704545454545455 0.0807899461400359 0.08636363636363636
9 0.6436265709156194 0.7446969696969697 0.1526032315978456 0.13484848484848486
9 0.8168761220825853 0.7287878787878788 0.15080789946140036 0.08484848484848485
9 0.9784560143626571 0.6454545454545455 0.04308797127468582 0.09090909090909091
7 0.9721723518850988 0.7560606060606061 0.05565529622980251 0.07575757575757576
7 0.5529622980251346 0.6212121212121212 0.06822262118491922 0.1
7 0.9039497307001796 0.41515151515151516 0.1490125673249551 0.07272727272727272
8 0.7854578096947935 0.6037878787878788 0.05385996409335727 0.04393939393939394
8 0.9254937163375224 0.5068181818181818 0.05385996409335727 0.05
8 0.7836624775583483 0.509090909090909 0.05745062836624776 0.04393939393939394
8 0.8231597845601436 0.5590909090909091 0.04308797127468582 0.05454545454545454
8 0.8599640933572711 0.7856060606060606 0.05026929982046679 0.048484848484848485
8 0.7244165170556554 0.9878787878787879 0.0843806104129264 0.024242424242424242