11 0.23581081081081082 0.2696526508226691 0.06891891891891892 0.1170018281535649
11 0.09054054054054055 0.360146252285192 0.05945945945945946 0.08318098720292505
11 0.2885135135135135 0.4524680073126143 0.0804054054054054 0.0923217550274223
11 0.23581081081081082 0.3820840950639854 0.05337837837837838 0.07678244972577697
11 0.05472972972972973 0.22486288848263253 0.051351351351351354 0.08592321755027423
11 0.13783783783783785 0.21389396709323583 0.07432432432432433 0.11974405850091407
1 0.3439189189189189 0.40493601462522855 0.041891891891891894 0.0740402193784278
1 0.14864864864864866 0.42321755027422303 0.05540540540540541 0.10786106032906764
7 0.6222972972972973 0.3217550274223035 0.11283783783783784 0.06764168190127971
8 0.6087837837837838 0.23491773308957953 0.08378378378378379 0.051188299817184646
8 0.7344594594594595 0.2979890310786106 0.06013513513513514 0.03473491773308958
1 0.9587837837837838 0.15356489945155394 0.05878378378378379 0.043875685557586835
1 0.4574324324324324 0.31444241316270566 0.05540540540540541 0.038391224862888484
1 0.6547297297297298 0.1846435100548446 0.07297297297297298 0.04021937842778794
9 0.13783783783783785 0.6334552102376599 0.07837837837837838 0.09872029250457039
0 0.0918918918918919 0.8336380255941499 0.08108108108108109 0.10786106032906764
7 0.6790540540540541 0.8793418647166362 0.06486486486486487 0.07678244972577697
11 0.9662162162162162 0.5904936014625228 0.052702702702702706 0.0712979890310786
11 0.8837837837837837 0.9497257769652651 0.062162162162162166 0.062157221206581355
11 0.8263513513513514 0.6489945155393053 0.043243243243243246 0.051188299817184646
11 0.8797297297297297 0.6389396709323584 0.04864864864864865 0.062157221206581355
11 0.9466216216216217 0.6535648994515539 0.043243243243243246 0.06398537477148081