6 0.14528593508500773 0.04515418502202643 0.16769706336939721 0.09030837004405286
6 0.22024729520865532 0.2830396475770925 0.10819165378670788 0.1013215859030837
6 0.19706336939721794 0.36123348017621143 0.15765069551777433 0.09911894273127753
6 0.18083462132921174 0.14537444933920704 0.061823802163833076 0.051762114537444934
6 0.1035548686244204 0.15528634361233482 0.0687789799072643 0.06938325991189427
6 0.35316846986089645 0.381057268722467 0.08578052550231839 0.09911894273127753
6 0.41576506955177744 0.27312775330396477 0.06414219474497682 0.06938325991189427
6 0.3091190108191654 0.15638766519823788 0.0517774343122102 0.0473568281938326
6 0.4095826893353941 0.22026431718061673 0.10819165378670788 0.0881057268722467
4 0.7364760432766615 0.08259911894273128 0.06800618238021638 0.09251101321585903
4 0.8068006182380216 0.01762114537444934 0.05255023183925812 0.03524229074889868
4 0.8786707882534776 0.05506607929515418 0.06646058732612056 0.11013215859030837
4 0.7040185471406492 0.05726872246696035 0.04482225656877898 0.09030837004405286
4 0.7867078825347759 0.3645374449339207 0.08191653786707882 0.09911894273127753
8 0.5548686244204019 0.34251101321585903 0.012364760432766615 0.07709251101321586
8 0.58887171561051 0.2026431718061674 0.04791344667697063 0.10792951541850221
11 0.9559505409582689 0.10682819383259912 0.04945904173106646 0.05726872246696035
8 0.3075734157650695 0.8634361233480177 0.04482225656877898 0.06387665198237885
8 0.4242658423493045 0.9537444933920705 0.04791344667697063 0.07488986784140969
8 0.4891808346213292 0.8204845814977973 0.04173106646058733 0.07929515418502203
8 0.42272024729520863 0.8601321585903083 0.06800618238021638 0.07268722466960352
8 0.1391035548686244 0.8072687224669604 0.04636785162287481 0.07268722466960352
8 0.16924265842349304 0.9306167400881057 0.03400309119010819 0.046255506607929514
8 0.3446676970633694 0.5649779735682819 0.04791344667697063 0.0881057268722467
8 0.1839258114374034 0.6497797356828194 0.08191653786707882 0.08149779735682819
8 0.28593508500772796 0.8634361233480177 0.03245749613601236 0.06387665198237885
8 0.09814528593508501 0.8348017621145375 0.0401854714064915 0.06828193832599119
8 0.13987635239567234 0.933920704845815 0.03863987635239567 0.04405286343612335
7 0.28593508500772796 0.9537444933920705 0.04173106646058733 0.05947136563876652
7 0.37094281298299847 0.9669603524229075 0.04173106646058733 0.06167400881057269
7 0.13833075734157652 0.711453744493392 0.03863987635239567 0.06828193832599119
7 0.5200927357032458 0.8425110132158591 0.04791344667697063 0.07488986784140969
8 0.46367851622874806 0.7444933920704846 0.0401854714064915 0.05506607929515418
8 0.08346213292117466 0.7136563876651982 0.0401854714064915 0.07048458149779736
8 0.0695517774343122 0.8193832599118943 0.02627511591962906 0.03524229074889868
8 0.08114374034003091 0.7797356828193832 0.027820710973724884 0.04405286343612335
8 0.11051004636785162 0.7610132158590308 0.023183925811437404 0.037444933920704845
8 0.16537867078825347 0.9713656387665198 0.02627511591962906 0.04185022026431718
9 0.7063369397217929 0.8887665198237885 0.06491499227202473 0.09691629955947137
9 0.705564142194745 0.5407488986784141 0.06027820710973725 0.06387665198237885
11 0.955177743431221 0.698237885462555 0.04482225656877898 0.07048458149779736
11 0.7094281298299846 0.776431718061674 0.061823802163833076 0.06167400881057269
11 0.8323029366306027 0.7665198237885462 0.05255023183925812 0.06607929515418502
7 0.7511591962905718 0.9724669603524229 0.07727975270479134 0.05506607929515418
7 0.9227202472952086 0.8920704845814978 0.07573415765069552 0.10352422907488987
7 0.580370942812983 0.9680616740088106 0.05409582689335394 0.06387665198237885