11 0.19875 0.224375 0.085625 0.070625
7 0.40875 0.175 0.04875 0.049375
11 0.26625 0.209375 0.060625 0.049375
11 0.254375 0.181875 0.085625 0.06
11 0.325625 0.16875 0.0725 0.06625
7 0.76625 0.04875 0.08375 0.095
7 0.663125 0.016875 0.08125 0.03375
11 0.27875 0.9775 0.12 0.045
11 0.26125 0.80125 0.06875 0.0775
0 0.28875 0.461875 0.16625 0.25375
0 0.39125 0.804375 0.1175 0.17625
8 0.69375 0.67875 0.063125 0.064375
8 0.6 0.80875 0.055 0.09875
11 0.75375 0.49 0.04625 0.07125
7 0.790625 0.75 0.06125 0.08625
7 0.58 0.433125 0.0575 0.075625
7 0.675625 0.760625 0.055 0.064375