6 0.4293785310734463 0.45644283121597096 0.1384180790960452 0.10617059891107078
6 0.2853107344632768 0.23411978221415608 0.096045197740113 0.11070780399274047
6 0.2749529190207156 0.14337568058076225 0.1431261770244821 0.10617059891107078
6 0.3691148775894539 0.3620689655172414 0.05555555555555555 0.05807622504537205
6 0.4312617702448211 0.32123411978221417 0.060263653483992465 0.0780399274047187
6 0.13559322033898305 0.1823956442831216 0.07344632768361582 0.10798548094373865
6 0.12335216572504708 0.3194192377495463 0.05555555555555555 0.07531760435571688
6 0.2570621468926554 0.3992740471869328 0.047080979284369114 0.050816696914700546
6 0.147834274952919 0.3720508166969147 0.096045197740113 0.09618874773139746
11 0.8954802259887006 0.4401088929219601 0.2062146892655367 0.20235934664246824
11 0.7919020715630886 0.18602540834845735 0.1591337099811676 0.33575317604355714
11 0.060263653483992465 0.7096188747731398 0.07532956685499058 0.07259528130671507
11 0.11487758945386065 0.852087114337568 0.07156308851224105 0.1088929219600726
11 0.011299435028248588 0.7377495462794919 0.022598870056497175 0.056261343012704176
11 0.1854990583804143 0.8920145190562614 0.04331450094161959 0.06533575317604355
11 0.2457627118644068 0.9246823956442831 0.054613935969868174 0.045372050816696916
11 0.18455743879472694 0.6506352087114338 0.05084745762711865 0.05263157894736842
11 0.3615819209039548 0.6288566243194192 0.04331450094161959 0.043557168784029036
11 0.3333333333333333 0.5952813067150635 0.03766478342749529 0.034482758620689655
11 0.2580037664783427 0.5952813067150635 0.04143126177024482 0.04900181488203267
11 0.4152542372881356 0.5825771324863884 0.035781544256120526 0.025408348457350273
7 0.14500941619585686 0.588021778584392 0.060263653483992465 0.036297640653357534
7 0.08286252354048965 0.6007259528130672 0.04143126177024482 0.05263157894736842
7 0.062146892655367235 0.8321234119782214 0.0696798493408663 0.06533575317604355
2 0.7777777777777778 0.9292196007259528 0.32015065913371 0.14156079854809436