11 0.15625 0.16186440677966102 0.033203125 0.04406779661016949
11 0.18359375 0.23813559322033898 0.028515625 0.05508474576271186
11 0.165234375 0.3313559322033898 0.0828125 0.07796610169491526
11 0.084765625 0.3432203389830508 0.05703125 0.06864406779661017
11 0.03671875 0.2584745762711864 0.04375 0.0711864406779661
11 0.082421875 0.029661016949152543 0.06328125 0.059322033898305086
7 0.094140625 0.1711864406779661 0.040625 0.06440677966101695
11 0.8125 0.0635593220338983 0.0359375 0.02457627118644068
11 0.882421875 0.1423728813559322 0.04453125 0.03559322033898305
11 0.572265625 0.1 0.030859375 0.027966101694915254
11 0.40546875 0.12457627118644068 0.06796875 0.061016949152542375
11 0.678515625 0.08813559322033898 0.0328125 0.03728813559322034
11 0.69140625 0.21864406779661016 0.04453125 0.04745762711864407
11 0.801953125 0.2305084745762712 0.033984375 0.03389830508474576
11 0.517578125 0.08220338983050847 0.022265625 0.029661016949152543
11 0.58125 0.15 0.024609375 0.02457627118644068
11 0.756640625 0.05593220338983051 0.0296875 0.03135593220338983
11 0.7421875 0.0788135593220339 0.037109375 0.019491525423728815
11 0.8203125 0.12796610169491526 0.040234375 0.029661016949152543
11 0.0609375 0.4245762711864407 0.034375 0.08983050847457627
11 0.02890625 0.6745762711864407 0.0265625 0.06779661016949153
11 0.01015625 0.7025423728813559 0.01953125 0.05254237288135593
11 0.092578125 0.6016949152542372 0.03046875 0.04745762711864407
11 0.075 0.6423728813559322 0.02578125 0.05084745762711865
11 0.103125 0.5288135593220339 0.02734375 0.06949152542372881
7 0.183203125 0.8483050847457627 0.01796875 0.09152542372881356
7 0.117578125 0.7338983050847457 0.0296875 0.10508474576271186
7 0.260546875 0.44322033898305085 0.03828125 0.1271186440677966
1 0.312890625 0.9203389830508475 0.021875 0.04067796610169491
10 0.767578125 0.49915254237288137 0.0859375 0.16101694915254236
10 0.441015625 0.5033898305084745 0.06171875 0.08135593220338982
6 0.42421875 0.6110169491525423 0.025 0.05254237288135593