11 0.20540540540540542 0.3590686274509804 0.06351351351351352 0.09191176470588236
11 0.13918918918918918 0.2647058823529412 0.06148648648648649 0.10661764705882353
11 0.13445945945945945 0.1090686274509804 0.14662162162162162 0.1801470588235294
11 0.24932432432432433 0.05024509803921569 0.10608108108108108 0.09926470588235294
11 0.3493243243243243 0.11642156862745098 0.08716216216216216 0.14338235294117646
11 0.35743243243243245 0.4987745098039216 0.11351351351351352 0.13970588235294118
7 0.2939189189189189 0.29411764705882354 0.08243243243243244 0.1323529411764706
8 0.7283783783783784 0.0857843137254902 0.043243243243243246 0.0784313725490196
8 0.8891891891891892 0.09191176470588236 0.041891891891891894 0.09068627450980392
8 0.8283783783783784 0.06372549019607843 0.062162162162162166 0.09068627450980392
8 0.5871621621621622 0.18504901960784315 0.0445945945945946 0.0857843137254902
8 0.6027027027027027 0.041666666666666664 0.032432432432432434 0.056372549019607844
8 0.7858108108108108 0.4056372549019608 0.0472972972972973 0.10294117647058823
8 0.6391891891891892 0.3480392156862745 0.07432432432432433 0.1053921568627451
8 0.7101351351351352 0.09068627450980392 0.032432432432432434 0.07352941176470588
8 0.55 0.1642156862745098 0.03918918918918919 0.08088235294117647
8 0.577027027027027 0.04534313725490196 0.03513513513513514 0.056372549019607844
7 0.702027027027027 0.012254901960784314 0.03918918918918919 0.024509803921568627
7 0.5945945945945946 0.29044117647058826 0.03783783783783784 0.0784313725490196
7 0.9141891891891892 0.061274509803921566 0.04594594594594595 0.08823529411764706
8 0.8743243243243243 0.18259803921568626 0.03783783783783784 0.0661764705882353
8 0.5472972972972973 0.3002450980392157 0.03918918918918919 0.08088235294117647
8 0.5263513513513514 0.18627450980392157 0.024324324324324326 0.04411764705882353
8 0.5391891891891892 0.22794117647058823 0.02702702702702703 0.051470588235294115
8 0.5668918918918919 0.24142156862745098 0.022972972972972974 0.04411764705882353
8 0.5966216216216216 0.011029411764705883 0.025675675675675677 0.022058823529411766
2 0.25472972972972974 0.875 0.17972972972972973 0.25
7 0.7831081081081082 0.7328431372549019 0.07972972972972973 0.14705882352941177
7 0.5912162162162162 0.7892156862745098 0.060810810810810814 0.12009803921568628
11 0.9337837837837838 0.7990196078431373 0.05540540540540541 0.09803921568627451
11 0.9783783783783784 0.6544117647058824 0.043243243243243246 0.08823529411764706
11 0.9222972972972973 0.7095588235294118 0.0445945945945946 0.08823529411764706