8 0.01436265709156194 0.28202247191011237 0.02872531418312388 0.08764044943820225
11 0.4030520646319569 0.23146067415730337 0.07540394973070018 0.09887640449438202
6 0.2253141831238779 0.5426966292134832 0.09874326750448834 0.033707865168539325
6 0.39138240574506283 0.5168539325842697 0.0718132854578097 0.0853932584269663
11 0.8599640933572711 0.09887640449438202 0.17594254937163376 0.19775280898876405
11 0.9640933572710951 0.12359550561797752 0.0718132854578097 0.1797752808988764
11 0.4856373429084381 0.14831460674157304 0.05206463195691203 0.10786516853932585
1 0.16427289048473967 0.7595505617977528 0.06463195691202872 0.07640449438202247
1 0.11400359066427289 0.5741573033707865 0.04847396768402154 0.029213483146067417
1 0.31597845601436264 0.6955056179775281 0.06283662477558348 0.0898876404494382
11 0.44254937163375224 0.5988764044943821 0.03411131059245961 0.07865168539325842
11 0.22980251346499103 0.6157303370786517 0.0843806104129264 0.10561797752808989
9 0.04937163375224417 0.7089887640449438 0.07899461400359066 0.10561797752808989
9 0.39138240574506283 0.5988764044943821 0.05745062836624776 0.07865168539325842
9 0.3096947935368043 0.6022471910112359 0.0807899461400359 0.0853932584269663
11 0.6579892280071813 0.7617977528089888 0.0718132854578097 0.09213483146067415
1 0.48114901256732495 0.8921348314606742 0.04308797127468582 0.08089887640449438
0 0.9622980251346499 0.7966292134831461 0.07540394973070018 0.13258426966292136
0 0.8195691202872532 0.7202247191011236 0.08617594254937164 0.10337078651685393
0 0.933572710951526 0.7134831460674157 0.08617594254937164 0.1258426966292135
0 0.6624775583482945 0.596629213483146 0.08258527827648116 0.07415730337078652
0 0.4829443447037702 0.5943820224719101 0.0466786355475763 0.0696629213483146