11 0.24071428571428571 0.27487562189054726 0.09285714285714286 0.08830845771144279
7 0.43785714285714283 0.15049751243781095 0.055714285714285716 0.060945273631840796
11 0.30428571428571427 0.236318407960199 0.06642857142857143 0.060945273631840796
11 0.28285714285714286 0.20771144278606965 0.09285714285714286 0.07835820895522388
11 0.3507142857142857 0.1691542288557214 0.08071428571428571 0.08333333333333333
7 0.9478571428571428 0.13930348258706468 0.07571428571428572 0.11194029850746269
7 0.6728571428571428 0.11940298507462686 0.03571428571428571 0.08208955223880597
7 0.5414285714285715 0.11194029850746269 0.04285714285714286 0.0945273631840796
7 0.6514285714285715 0.17412935323383086 0.055714285714285716 0.11194029850746269
11 0.8 0.03233830845771144 0.06571428571428571 0.06467661691542288
11 0.9564285714285714 0.0472636815920398 0.03142857142857143 0.05721393034825871
11 0.9092857142857143 0.03980099502487562 0.047142857142857146 0.07960199004975124
11 0.5678571428571428 0.03109452736318408 0.05285714285714286 0.06218905472636816
7 0.015714285714285715 0.8992537313432836 0.03142857142857143 0.11691542288557213
7 0.24071428571428571 0.3793532338308458 0.055714285714285716 0.06218905472636816
7 0.04 0.47761194029850745 0.07285714285714286 0.1417910447761194
7 0.13785714285714284 0.4154228855721393 0.08142857142857143 0.13432835820895522
8 0.3264285714285714 0.6368159203980099 0.06428571428571428 0.12935323383084577
0 0.10857142857142857 0.6977611940298507 0.09142857142857143 0.11194029850746269
0 0.045714285714285714 0.7748756218905473 0.08 0.10696517412935323
7 0.7578571428571429 0.6654228855721394 0.10571428571428572 0.1691542288557214
7 0.7321428571428571 0.3855721393034826 0.05857142857142857 0.07462686567164178
7 0.8728571428571429 0.4639303482587065 0.06571428571428571 0.1044776119402985
7 0.8164285714285714 0.9813432835820896 0.041428571428571426 0.03731343283582089
7 0.9764285714285714 0.6554726368159204 0.047142857142857146 0.1318407960199005
11 0.6635714285714286 0.9912935323383084 0.04428571428571428 0.017412935323383085
11 0.5492857142857143 0.8781094527363185 0.02857142857142857 0.06467661691542288
11 0.58 0.8171641791044776 0.025714285714285714 0.07213930348258707
11 0.6128571428571429 0.6654228855721394 0.054285714285714284 0.11940298507462686
11 0.8607142857142858 0.6480099502487562 0.054285714285714284 0.0945273631840796
11 0.9014285714285715 0.9738805970149254 0.04285714285714286 0.05223880597014925
8 0.5092857142857142 0.7810945273631841 0.05857142857142857 0.11442786069651742
9 0.6371428571428571 0.8805970149253731 0.09142857142857143 0.19651741293532338