1 0.28828229027962715 0.25862068965517243 0.10119840213049268 0.11273209549071618
1 0.3968042609853529 0.15119363395225463 0.118508655126498 0.1286472148541114
1 0.15912117177097204 0.253315649867374 0.05792276964047936 0.0636604774535809
1 0.4966711051930759 0.09814323607427056 0.08388814913448735 0.11538461538461539
1 0.5472703062583223 0.1312997347480106 0.023968042609853527 0.09946949602122016
1 0.3808255659121172 0.3063660477453581 0.07323568575233022 0.08620689655172414
7 0.6930758988015979 0.08753315649867374 0.1411451398135819 0.16180371352785147
7 0.8135818908122503 0.0623342175066313 0.09587217043941411 0.1246684350132626
7 0.6118508655126498 0.15649867374005305 0.04660452729693742 0.08753315649867374
7 0.6910785619174434 0.1843501326259947 0.06391478029294274 0.07692307692307693
7 0.6051930758988016 0.04376657824933687 0.041278295605858856 0.08753315649867374
7 0.30758988015978694 0.5782493368700266 0.07323568575233022 0.05968169761273209
11 0.6304926764314248 0.7851458885941645 0.02929427430093209 0.08222811671087533
7 0.8062583222370173 0.4442970822281167 0.04660452729693742 0.029177718832891247
7 0.8894806924101198 0.5557029177718833 0.045272969374167776 0.10610079575596817
1 0.689081225033289 0.7745358090185677 0.03861517976031957 0.06896551724137931
1 0.8342210386151797 0.8753315649867374 0.03595206391478029 0.07692307692307693
1 0.8841544607190412 0.8129973474801061 0.047936085219707054 0.0636604774535809