11 0.11588235294117646 0.04623824451410658 0.10352941176470588 0.09247648902821316
11 0.1588235294117647 0.25156739811912227 0.14647058823529413 0.15987460815047022
11 0.22294117647058823 0.43573667711598746 0.1676470588235294 0.10815047021943573
11 0.3176470588235294 0.3432601880877743 0.13529411764705881 0.10815047021943573
11 0.3211764705882353 0.2139498432601881 0.1 0.13557993730407525
11 0.4117647058823529 0.08620689655172414 0.10352941176470588 0.0987460815047022
7 0.43529411764705883 0.20532915360501566 0.09294117647058824 0.10501567398119123
7 0.788235294117647 0.06426332288401254 0.07058823529411765 0.12225705329153605
7 0.7135294117647059 0.08150470219435736 0.06823529411764706 0.109717868338558
9 0.7535294117647059 0.28213166144200624 0.05529411764705883 0.08150470219435736
9 0.6105882352941177 0.3573667711598746 0.0811764705882353 0.11442006269592477
8 0.7841176470588235 0.07445141065830721 0.06470588235294118 0.09090909090909091
10 0.5211764705882352 0.5642633228840125 0.04 0.03134796238244514
5 0.7076470588235294 0.9012539184952978 0.28705882352941176 0.14341692789968652
5 0.7735294117647059 0.786833855799373 0.1111764705882353 0.06504702194357367
5 0.6241176470588236 0.7703761755485894 0.14941176470588236 0.08620689655172414
5 0.7029411764705882 0.7288401253918495 0.1711764705882353 0.07758620689655173
5 0.8594117647058823 0.7108150470219435 0.14588235294117646 0.06347962382445141
5 0.9576470588235294 0.8409090909090909 0.07764705882352942 0.050156739811912224
5 0.8194117647058824 0.5940438871473355 0.05235294117647059 0.07758620689655173
5 0.7741176470588236 0.6410658307210031 0.11705882352941177 0.06974921630094044
5 0.7394117647058823 0.677115987460815 0.09235294117647058 0.06269592476489028
5 0.8864705882352941 0.7789968652037618 0.09117647058823529 0.04467084639498432