11 0.20171339563862928 0.50231124807396 0.050623052959501556 0.07781201848998459
11 0.3652647975077882 0.48921417565485364 0.04672897196261682 0.0839753466872111
11 0.2772585669781931 0.06317411402157165 0.12071651090342679 0.1263482280431433
11 0.08255451713395638 0.27349768875192604 0.07009345794392523 0.1263482280431433
11 0.12383177570093458 0.47996918335901384 0.05529595015576324 0.06779661016949153
11 0.4742990654205608 0.3628659476117103 0.09968847352024922 0.16563944530046226
11 0.3925233644859813 0.30585516178736516 0.061526479750778816 0.12018489984591679
11 0.4088785046728972 0.46841294298921415 0.040498442367601244 0.08089368258859785
1 0.2515576323987539 0.18335901386748846 0.06386292834890965 0.11016949152542373
1 0.3356697819314642 0.28043143297380585 0.059190031152647975 0.08089368258859785
11 0.14563862928348908 0.4098613251155624 0.04672897196261682 0.09090909090909091
11 0.1721183800623053 0.46841294298921415 0.031931464174454825 0.05161787365177196
11 0.08177570093457943 0.4406779661016949 0.03582554517133956 0.05161787365177196
11 0.11137071651090343 0.33513097072419107 0.0381619937694704 0.05546995377503852
11 0.8730529595015576 0.5893682588597843 0.06074766355140187 0.07858243451463791
11 0.8691588785046729 0.5030816640986132 0.07320872274143302 0.08628659476117104
8 0.6682242990654206 0.5007704160246533 0.07009345794392523 0.06779661016949153
8 0.5825545171339563 0.38366718027734975 0.06542056074766354 0.061633281972265024
5 0.29595015576323985 0.9060092449922958 0.3052959501557632 0.18798151001540833
11 0.8333333333333334 0.9583975346687211 0.059190031152647975 0.05238828967642527
11 0.867601246105919 0.9645608628659477 0.03894080996884735 0.05701078582434515
7 0.6105919003115264 0.9221879815100154 0.07009345794392523 0.07395993836671803