11 0.2037037037037037 0.3840947546531303 0.04853128991060025 0.05922165820642978
11 0.3665389527458493 0.37055837563451777 0.04661558109833972 0.06429780033840947
11 0.27586206896551724 0.048223350253807105 0.11877394636015326 0.09644670050761421
11 0.08237547892720307 0.21235194585448391 0.070242656449553 0.09644670050761421
11 0.12643678160919541 0.3680203045685279 0.05491698595146871 0.051607445008460234
11 0.47381864623243936 0.272419627749577 0.09961685823754789 0.12351945854483926
11 0.39208173690932313 0.23181049069373943 0.06130268199233716 0.09137055837563451
11 0.4106002554278416 0.35279187817258884 0.038314176245210725 0.06175972927241963
1 0.24904214559386972 0.13959390862944163 0.06130268199233716 0.08121827411167512
1 0.33524904214559387 0.21235194585448391 0.05938697318007663 0.06175972927241963
11 0.14623243933588762 0.3147208121827411 0.04469987228607918 0.06937394247038917
11 0.17369093231162197 0.3587140439932318 0.031928480204342274 0.03976311336717428
11 0.08237547892720307 0.3392554991539763 0.03384418901660281 0.03976311336717428
11 0.1111111111111111 0.25888324873096447 0.038314176245210725 0.04230118443316413
7 0.9693486590038314 0.025380710659898477 0.06130268199233716 0.050761421319796954
7 0.7043422733077905 0.10744500846023688 0.06002554278416347 0.07952622673434856
8 0.561941251596424 0.3595600676818951 0.02554278416347382 0.10998307952622674
8 0.8767560664112388 0.4560067681895093 0.10089399744572158 0.04568527918781726
8 0.29310344827586204 0.6751269035532995 0.04853128991060025 0.07106598984771574
7 0.2471264367816092 0.9906937394247038 0.037037037037037035 0.018612521150592216
7 0.2541507024265645 0.5710659898477157 0.04980842911877394 0.06091370558375635
11 0.8856960408684547 0.9746192893401016 0.04980842911877394 0.050761421319796954
11 0.8812260536398467 0.8976311336717429 0.05874840357598978 0.09475465313028765
8 0.7171136653895275 0.8993231810490694 0.05747126436781609 0.07445008460236886
8 0.644955300127714 0.7715736040609137 0.05491698595146871 0.06598984771573604