11 0.3010882708585248 0.26666666666666666 0.08162031438935913 0.12105263157894737
11 0.17230955259975816 0.4692982456140351 0.07194679564691657 0.08508771929824561
11 0.4365175332527207 0.41842105263157897 0.09613059250302297 0.14035087719298245
11 0.34159613059250304 0.37280701754385964 0.06469165659008465 0.0780701754385965
11 0.08282950423216445 0.37105263157894736 0.05985489721886336 0.08859649122807017
11 0.17110036275695284 0.2929824561403509 0.08887545344619105 0.12456140350877193
1 0.469770253929867 0.30701754385964913 0.0501813784764208 0.07543859649122807
1 0.2587666263603386 0.47719298245614034 0.06711003627569528 0.10438596491228071
8 0.8016928657799275 0.3026315789473684 0.10882708585247884 0.17017543859649123
7 0.45163240628778717 0.8868421052631579 0.08706166868198308 0.14035087719298245
7 0.3561064087061669 0.9587719298245614 0.08343409915356712 0.0824561403508772
11 0.6759371221281741 0.9719298245614035 0.07496977025392987 0.056140350877192984