1 0.10759493670886076 0.37965260545905705 0.04430379746835443 0.07196029776674938
1 0.31645569620253167 0.38213399503722084 0.03867791842475387 0.04714640198511166
1 0.14627285513361463 0.22580645161290322 0.026722925457102673 0.04466501240694789
1 0.4353023909985935 0.08188585607940446 0.06540084388185655 0.12779156327543426
1 0.3628691983122363 0.04590570719602978 0.04430379746835443 0.0794044665012407
1 0.04571026722925457 0.29280397022332505 0.058368495077355836 0.09925558312655088
1 0.1279887482419128 0.10421836228287841 0.06891701828410689 0.11290322580645161
11 0.26652601969057665 0.1315136476426799 0.09353023909985936 0.09429280397022333
11 0.24331926863572434 0.21712158808933002 0.0970464135021097 0.12531017369727046
11 0.329817158931083 0.2729528535980149 0.16736990154711673 0.11290322580645161
11 0.18846694796061886 0.2506203473945409 0.06188466947960619 0.07692307692307693
1 0.14275668073136427 0.3784119106699752 0.03375527426160337 0.04714640198511166
11 0.33263009845288327 0.19230769230769232 0.0949367088607595 0.11786600496277916
8 0.8375527426160337 0.12034739454094293 0.0450070323488045 0.08436724565756824
8 0.869198312236287 0.16501240694789082 0.057665260196905765 0.11910669975186104
7 0.7510548523206751 0.052109181141439205 0.04922644163150492 0.09429280397022333
7 0.9233473980309423 0.3746898263027295 0.046413502109704644 0.08933002481389578
11 0.5668073136427567 0.04714640198511166 0.06469760900140648 0.09429280397022333
11 0.9774964838255977 0.29404466501240695 0.0450070323488045 0.10173697270471464
7 0.8326300984528833 0.03970223325062035 0.05063291139240506 0.0794044665012407
11 0.7812939521800282 0.009925558312655087 0.052039381153305204 0.019851116625310174
7 0.8839662447257384 0.01240694789081886 0.057665260196905765 0.02481389578163772
11 0.4908579465541491 0.9292803970223326 0.05063291139240506 0.07196029776674938
11 0.189873417721519 0.5880893300248139 0.05063291139240506 0.0794044665012407
11 0.3389592123769339 0.5471464019851117 0.04360056258790436 0.08436724565756824
11 0.32489451476793246 0.6687344913151365 0.04360056258790436 0.07444168734491315
11 0.4268635724331927 0.5942928039702233 0.05907172995780591 0.09181141439205956
11 0.4549929676511955 0.46029776674937967 0.06891701828410689 0.08188585607940446
11 0.4964838255977497 0.6004962779156328 0.06469760900140648 0.09429280397022333
11 0.1779184247538678 0.705955334987593 0.03938115330520394 0.0794044665012407
11 0.18213783403656822 0.8870967741935484 0.040787623066104076 0.06451612903225806
11 0.17721518987341772 0.9379652605459057 0.0450070323488045 0.07196029776674938
1 0.03305203938115331 0.7444168734491315 0.05485232067510549 0.10421836228287841
8 0.015471167369901548 0.858560794044665 0.030942334739803096 0.1141439205955335
1 0.7236286919831224 0.8573200992555832 0.034458509142053444 0.07568238213399504
1 0.9753867791842475 0.7977667493796526 0.04922644163150492 0.1315136476426799
8 0.7763713080168776 0.5880893300248139 0.03164556962025317 0.08064516129032258
7 0.8115330520393812 0.7754342431761787 0.029535864978902954 0.06823821339950373
7 0.7510548523206751 0.6054590570719603 0.040787623066104076 0.0967741935483871
7 0.7327707454289732 0.47022332506203474 0.030239099859353025 0.06823821339950373
7 0.8157524613220816 0.6066997518610422 0.034458509142053444 0.08684863523573201