11 0.36860795454545453 0.22802197802197802 0.12713068181818182 0.10989010989010989
11 0.09375 0.4597069597069597 0.09375 0.10989010989010989
11 0.234375 0.4423076923076923 0.09019886363636363 0.09157509157509157
11 0.35014204545454547 0.4532967032967033 0.09019886363636363 0.10073260073260074
11 0.46448863636363635 0.27197802197802196 0.09019886363636363 0.09157509157509157
11 0.12713068181818182 0.24084249084249085 0.09730113636363637 0.09615384615384616
11 0.17258522727272727 0.2976190476190476 0.10085227272727272 0.10531135531135531
11 0.2507102272727273 0.61996336996337 0.09019886363636363 0.056776556776556776
7 0.8330965909090909 0.16025641025641027 0.14488636363636365 0.18315018315018314
3 0.5007102272727273 0.7060439560439561 0.203125 0.11538461538461539
3 0.3934659090909091 0.7875457875457875 0.1278409090909091 0.2454212454212454
3 0.5348011363636364 0.8177655677655677 0.18892045454545456 0.163003663003663
11 0.2919034090909091 0.7307692307692307 0.04971590909090909 0.0641025641025641
11 0.2507102272727273 0.8351648351648352 0.048295454545454544 0.05860805860805861
5 0.8018465909090909 0.9111721611721612 0.140625 0.17765567765567766
5 0.9289772727272727 0.7591575091575091 0.14204545454545456 0.2216117216117216
5 0.703125 0.9294871794871795 0.14772727272727273 0.14102564102564102
1 0.84375 0.760989010989011 0.045454545454545456 0.040293040293040296