11 0.35027472527472525 0.16095890410958905 0.11401098901098901 0.06164383561643835
11 0.07280219780219781 0.2853881278538813 0.07967032967032966 0.0684931506849315
11 0.2032967032967033 0.2888127853881279 0.07623626373626374 0.05593607305936073
11 0.3090659340659341 0.3093607305936073 0.07623626373626374 0.06164383561643835
11 0.4326923076923077 0.2009132420091324 0.07623626373626374 0.05593607305936073
11 0.12774725274725274 0.14269406392694065 0.08653846153846154 0.05593607305936073
11 0.16414835164835165 0.18493150684931506 0.08653846153846154 0.06506849315068493
11 0.19574175824175824 0.4155251141552511 0.07554945054945054 0.045662100456621
8 0.7870879120879121 0.04337899543378995 0.10164835164835165 0.0867579908675799
8 0.8042582417582418 0.14840182648401826 0.06456043956043957 0.08904109589041095
3 0.3475274725274725 0.6015981735159818 0.07967032967032966 0.08904109589041095
3 0.4072802197802198 0.6689497716894978 0.06456043956043957 0.09817351598173515
3 0.4210164835164835 0.7591324200913242 0.061813186813186816 0.11187214611872145
3 0.16071428571428573 0.730593607305936 0.05631868131868132 0.06621004566210045
11 0.27472527472527475 0.6038812785388128 0.04120879120879121 0.08447488584474885
11 0.24175824175824176 0.6301369863013698 0.028846153846153848 0.05707762557077625
11 0.27266483516483514 0.8321917808219178 0.04395604395604396 0.0821917808219178
11 0.25824175824175827 0.973744292237443 0.04945054945054945 0.05251141552511415
11 0.4835164835164835 0.9634703196347032 0.038461538461538464 0.0730593607305936
11 0.5432692307692307 0.952054794520548 0.04532967032967033 0.0730593607305936
11 0.5151098901098901 0.5490867579908676 0.046703296703296704 0.0821917808219178
3 0.9519230769230769 0.9646118721461188 0.04945054945054945 0.07077625570776255