8 0.06162464985994398 0.19983277591973245 0.05392156862745098 0.04933110367892977
11 0.3396358543417367 0.3712374581939799 0.04481792717086835 0.06605351170568562
6 0.38095238095238093 0.028428093645484948 0.04061624649859944 0.056856187290969896
6 0.28361344537815125 0.05434782608695652 0.06302521008403361 0.06605351170568562
6 0.38795518207282914 0.1496655518394649 0.04061624649859944 0.0677257525083612
3 0.42507002801120447 0.43645484949832775 0.06162464985994398 0.07274247491638795
0 0.9033613445378151 0.18394648829431437 0.0196078431372549 0.05852842809364549
0 0.8977591036414566 0.25334448160535117 0.023109243697478993 0.05852842809364549
0 0.5875350140056023 0.34615384615384615 0.025210084033613446 0.04933110367892977
0 0.9131652661064426 0.34364548494983277 0.023109243697478993 0.06605351170568562
0 0.5812324929971989 0.4590301003344482 0.03431372549019608 0.05351170568561873
0 0.5749299719887955 0.39548494983277593 0.03081232492997199 0.033444816053511704
1 0.9621848739495799 0.41638795986622074 0.0273109243697479 0.056856187290969896
7 0.7878151260504201 0.030100334448160536 0.023809523809523808 0.06020066889632107
7 0.39845938375350143 0.8403010033444817 0.09103641456582633 0.12374581939799331
7 0.280812324929972 0.9063545150501672 0.08823529411764706 0.09698996655518395
7 0.8242296918767507 0.5769230769230769 0.16666666666666666 0.11705685618729098