1 0.2303851640513552 0.28956521739130436 0.09557774607703282 0.1408695652173913
1 0.12482168330955777 0.1991304347826087 0.11126961483594865 0.1608695652173913
1 0.333095577746077 0.2539130434782609 0.05492154065620542 0.0817391304347826
1 0.03851640513552068 0.16260869565217392 0.07703281027104136 0.1373913043478261
1 0.007845934379457917 0.21565217391304348 0.015691868758915834 0.11391304347826087
1 0.16333808844507847 0.3652173913043478 0.06918687589158345 0.10608695652173913
1 0.87660485021398 0.1443478260869565 0.06419400855920114 0.07478260869565218
1 0.8537803138373752 0.04434782608695652 0.06419400855920114 0.0817391304347826
11 0.9778887303851641 0.18782608695652173 0.0442225392296719 0.08
11 0.9572039942938659 0.06173913043478261 0.05135520684736091 0.06608695652173913
11 0.5235378031383737 0.23478260869565218 0.06704707560627675 0.0782608695652174
7 0.7211126961483595 0.03391304347826087 0.09843081312410841 0.06782608695652174
7 0.47075606276747506 0.19304347826086957 0.02282453637660485 0.06956521739130435
6 0.2296718972895863 0.9208695652173913 0.24964336661911554 0.15739130434782608
6 0.1797432239657632 0.7791304347826087 0.23609129814550642 0.1356521739130435
6 0.3587731811697575 0.7278260869565217 0.20042796005706134 0.12695652173913044
6 0.25106990014265335 0.5469565217391305 0.24607703281027105 0.13391304347826086
8 0.5891583452211127 0.508695652173913 0.05420827389443652 0.057391304347826085
8 0.920827389443652 0.72 0.07703281027104136 0.08695652173913043
8 0.48216833095577744 0.5495652173913044 0.0456490727532097 0.059130434782608696
8 0.6191155492154066 0.8365217391304348 0.03851640513552068 0.04521739130434783
7 0.5527817403708987 0.9147826086956522 0.06419400855920114 0.0782608695652174
7 0.9835948644793152 0.6860869565217391 0.03281027104136947 0.09217391304347826