11 0.38125 0.3597222222222222 0.095703125 0.1
11 0.398828125 0.20972222222222223 0.0921875 0.11597222222222223
11 0.30859375 0.08611111111111111 0.219921875 0.17222222222222222
11 0.12421875 0.13402777777777777 0.159375 0.1597222222222222
11 0.063671875 0.31319444444444444 0.12734375 0.15694444444444444
11 0.290625 0.6138888888888889 0.1703125 0.09166666666666666
7 0.2375 0.4041666666666667 0.12421875 0.14375
9 0.857421875 0.26875 0.04375 0.07361111111111111
9 0.883203125 0.17430555555555555 0.05859375 0.1111111111111111
9 0.9625 0.4840277777777778 0.0625 0.1361111111111111
9 0.79375 0.2743055555555556 0.0640625 0.09166666666666666
9 0.909375 0.2861111111111111 0.053125 0.08055555555555556
8 0.958203125 0.19236111111111112 0.04140625 0.075
8 0.8359375 0.22777777777777777 0.03359375 0.06805555555555555
8 0.42109375 0.9694444444444444 0.040234375 0.03125
8 0.108984375 0.9548611111111112 0.0546875 0.043055555555555555
8 0.25 0.8076388888888889 0.05546875 0.05555555555555555
8 0.330859375 0.7631944444444444 0.043359375 0.043055555555555555
9 0.42734375 0.7652777777777777 0.09140625 0.07013888888888889
11 0.31328125 0.8444444444444444 0.050390625 0.03888888888888889
3 0.795703125 0.8854166666666666 0.1 0.15138888888888888
3 0.829296875 0.6736111111111112 0.06171875 0.027777777777777776
3 0.778515625 0.79375 0.0453125 0.0763888888888889
3 0.858984375 0.7909722222222222 0.075 0.10694444444444444
1 0.66484375 0.9097222222222222 0.0109375 0.05555555555555555