8 0.1780821917808219 0.2580935251798561 0.11064278187565858 0.09622302158273381
9 0.0916754478398314 0.4829136690647482 0.09325605900948367 0.12859712230215828
7 0.03108535300316122 0.09622302158273381 0.06217070600632244 0.10701438848920863
7 0.23129610115911486 0.3669064748201439 0.08640674394099052 0.10341726618705036
9 0.11591148577449947 0.381294964028777 0.0964172813487882 0.11061151079136691
8 0.863013698630137 0.3516187050359712 0.059009483667017915 0.09532374100719425
8 0.7644889357218124 0.4577338129496403 0.0410958904109589 0.08453237410071943
9 0.850895679662803 0.4262589928057554 0.045310853530031614 0.06294964028776978
9 0.9362486828240253 0.22931654676258992 0.07060063224446786 0.08812949640287769
2 0.7186512118018967 0.2356115107913669 0.09483667017913593 0.14388489208633093
2 0.9515279241306639 0.36151079136690645 0.04636459430979979 0.09532374100719425
2 0.667017913593256 0.38758992805755393 0.05268703898840885 0.09352517985611511
7 0.9805057955742887 0.06205035971223022 0.03898840885142255 0.12410071942446044
3 0.37407797681770283 0.6241007194244604 0.2655426765015806 0.12949640287769784
3 0.1559536354056902 0.8174460431654677 0.1791359325605901 0.09802158273381295
3 0.3219178082191781 0.7985611510791367 0.1506849315068493 0.08453237410071943
3 0.12750263435194942 0.9118705035971223 0.19020021074815596 0.1196043165467626
1 0.1838777660695469 0.737410071942446 0.18598524762908325 0.10431654676258993
1 0.15806111696522657 0.6609712230215827 0.18598524762908325 0.10161870503597123
8 0.7544783983140148 0.9568345323741008 0.08640674394099052 0.08633093525179857