11 0.16383307573415765 0.24672131147540985 0.04945904173106646 0.10901639344262296
11 0.27666151468315303 0.1040983606557377 0.04404945904173107 0.07377049180327869
11 0.09582689335394126 0.05737704918032787 0.05873261205564142 0.11475409836065574
11 0.15224111282843894 0.13114754098360656 0.04095826893353941 0.06721311475409836
11 0.3222565687789799 0.22950819672131148 0.03786707882534776 0.07704918032786885
11 0.2534775888717156 0.26967213114754096 0.05409582689335394 0.10901639344262296
1 0.05873261205564142 0.14590163934426228 0.02936630602782071 0.06721311475409836
1 0.22102009273570325 0.05901639344262295 0.03941267387944358 0.09918032786885246
2 0.8361669242658424 0.09836065573770492 0.08191653786707882 0.07868852459016394
9 0.41576506955177744 0.47950819672131145 0.09273570324574962 0.08032786885245902
9 0.785935085007728 0.2942622950819672 0.07109737248840804 0.060655737704918035
9 0.9698608964451314 0.2319672131147541 0.06027820710973725 0.07377049180327869
9 0.9629057187017002 0.029508196721311476 0.07418856259659969 0.05901639344262295
9 0.723338485316847 0.03360655737704918 0.12210200927357033 0.06229508196721312
9 0.3902627511591963 0.11311475409836065 0.04173106646058733 0.06557377049180328
9 0.9443585780525502 0.3622950819672131 0.11128284389489954 0.13442622950819672
9 0.6591962905718701 0.08032786885245902 0.06491499227202473 0.05573770491803279
8 0.8802163833075735 0.21639344262295082 0.07882534775888717 0.06557377049180328
11 0.6792890262751159 0.4967213114754098 0.03245749613601236 0.04590163934426229
11 0.6599690880989181 0.44344262295081965 0.03709428129829984 0.04918032786885246
11 0.8191653786707882 0.45 0.08346213292117466 0.05081967213114754
11 0.5842349304482226 0.32131147540983607 0.0401854714064915 0.04918032786885246
11 0.38098918083462135 0.1942622950819672 0.023183925811437404 0.03770491803278689
11 0.47990726429675423 0.23688524590163934 0.04945904173106646 0.04262295081967213
7 0.446676970633694 0.047540983606557376 0.07109737248840804 0.06885245901639345
7 0.5911901081916537 0.1737704918032787 0.0695517774343122 0.06885245901639345
7 0.7210200927357032 0.26967213114754096 0.08964451313755796 0.10819672131147541
8 0.3160741885625966 0.6221311475409836 0.04482225656877898 0.04918032786885246
11 0.25579598145285937 0.5557377049180328 0.05564142194744977 0.05081967213114754
11 0.26661514683153015 0.6778688524590164 0.03245749613601236 0.03770491803278689
11 0.13833075734157652 0.6647540983606557 0.03245749613601236 0.027868852459016394
11 0.1545595054095827 0.7508196721311475 0.03245749613601236 0.036065573770491806
7 0.3616692426584235 0.6065573770491803 0.015455950540958269 0.036065573770491806
7 0.023183925811437404 0.5483606557377049 0.04636785162287481 0.047540983606557376
8 0.5494590417310664 0.659016393442623 0.06646058732612056 0.08196721311475409
9 0.8145285935085008 0.6286885245901639 0.07727975270479134 0.08524590163934426
11 0.44435857805255025 0.9114754098360656 0.11901081916537867 0.12622950819672132
11 0.874806800618238 0.7098360655737705 0.08964451313755796 0.09836065573770492
11 0.6939721792890263 0.7786885245901639 0.07727975270479134 0.06393442622950819
11 0.7897990726429676 0.7475409836065574 0.0865533230293663 0.08032786885245902