11 0.6026392961876833 0.276536312849162 0.0855327468230694 0.055865921787709494
11 0.6422287390029325 0.2255586592178771 0.05571847507331378 0.040502793296089384
11 0.5796676441837733 0.164804469273743 0.05571847507331378 0.040502793296089384
11 0.6339198435972629 0.11103351955307263 0.05571847507331378 0.040502793296089384
11 0.6422287390029325 0.17039106145251395 0.06549364613880743 0.051675977653631286
11 0.4696969696969697 0.4175977653631285 0.05571847507331378 0.04259776536312849
11 0.4863147605083089 0.3770949720670391 0.06549364613880743 0.04748603351955307
11 0.31867057673509286 0.4099162011173184 0.11485826001955034 0.08729050279329609
11 0.23655913978494625 0.3400837988826816 0.13147605083088953 0.06075418994413408
11 0.1348973607038123 0.2590782122905028 0.1378299120234604 0.07402234636871509
11 0.364613880742913 0.19064245810055866 0.06549364613880743 0.0446927374301676
11 0.27908113391984357 0.12430167597765363 0.0689149560117302 0.04958100558659218
11 0.20185728250244378 0.1808659217877095 0.1544477028347996 0.08519553072625698
11 0.0967741935483871 0.11033519553072625 0.11485826001955034 0.07192737430167598
11 0.26930596285434993 0.2639664804469274 0.10166177908113393 0.07402234636871509
7 0.9843597262952102 0.263268156424581 0.03128054740957967 0.09636871508379888
9 0.3201368523949169 0.6668994413407822 0.23069403714565004 0.16620111731843576
9 0.3563049853372434 0.9567039106145251 0.14760508308895406 0.08659217877094973
2 0.5957966764418378 0.664804469273743 0.07135874877810362 0.09916201117318436
2 0.7497556207233627 0.7451117318435754 0.04105571847507331 0.09636871508379888
9 0.8782991202346041 0.8247206703910615 0.06256109481915934 0.06005586592178771