11 0.4780316344463972 0.3 0.06678383128295255 0.054838709677419356
11 0.47363796133567665 0.43870967741935485 0.07644991212653779 0.04112903225806452
11 0.23550087873462214 0.12661290322580646 0.11862917398945519 0.05725806451612903
11 0.5325131810193322 0.2032258064516129 0.1282952548330404 0.06693548387096775
11 0.17135325131810195 0.4088709677419355 0.1054481546572935 0.05967741935483871
11 0.28822495606326887 0.23790322580645162 0.070298769771529 0.050806451612903224
9 0.9543057996485061 0.1782258064516129 0.0913884007029877 0.19193548387096773
9 0.29701230228471004 0.5330645161290323 0.10896309314586995 0.07741935483870968
9 0.4358523725834798 0.6951612903225807 0.14586994727592267 0.07741935483870968
11 0.1608084358523726 0.482258064516129 0.07908611599297012 0.04516129032258064
11 0.4288224956063269 0.4806451612903226 0.0773286467486819 0.041935483870967745
11 0.5878734622144113 0.5274193548387097 0.07381370826010544 0.07096774193548387
11 0.3110720562390158 0.692741935483871 0.054481546572934976 0.08225806451612903
11 0.24340949033391915 0.6975806451612904 0.03866432337434095 0.0532258064516129
11 0.4086115992970123 0.8580645161290322 0.0773286467486819 0.07741935483870968
7 0.06854130052724078 0.964516129032258 0.13708260105448156 0.07096774193548387
7 0.4947275922671353 0.8895161290322581 0.08611599297012303 0.08870967741935484
7 0.5729349736379613 0.8491935483870968 0.061511423550087874 0.08548387096774193
7 0.4209138840070299 0.5790322580645161 0.10369068541300527 0.08709677419354839
8 0.9578207381370826 0.6782258064516129 0.03866432337434095 0.055645161290322584
11 0.7627416520210897 0.842741935483871 0.03163444639718805 0.07016129032258064
6 0.7390158172231986 0.4870967741935484 0.029876977152899824 0.054838709677419356
6 0.8066783831282952 0.5153225806451613 0.04481546572934974 0.07016129032258064
6 0.7328646748681898 0.6096774193548387 0.02899824253075571 0.0717741935483871
3 0.7021089630931459 0.9064516129032258 0.043936731107205626 0.07741935483870968