1 0.23333333333333334 0.30647709320695105 0.09583333333333334 0.14691943127962084
1 0.12916666666666668 0.20458135860979462 0.11190476190476191 0.1674565560821485
1 0.3392857142857143 0.2740916271721959 0.055952380952380955 0.08372827804107424
1 0.03988095238095238 0.165086887835703 0.07916666666666666 0.14691943127962084
1 0.008333333333333333 0.21484992101105846 0.01607142857142857 0.12085308056872038
1 0.1630952380952381 0.3830963665086888 0.06845238095238096 0.10979462875197472
7 0.7648809523809523 0.23933649289099526 0.12380952380952381 0.1674565560821485
7 0.549404761904762 0.19826224328593997 0.10833333333333334 0.15955766192733017
0 0.6553571428571429 0.28988941548183256 0.0988095238095238 0.14375987361769352
7 0.35059523809523807 0.9210110584518167 0.05 0.0679304897314376
7 0.3404761904761905 0.8372827804107424 0.05238095238095238 0.07582938388625593
7 0.4380952380952381 0.8530805687203792 0.05 0.06003159557661927
7 0.30714285714285716 0.6200631911532386 0.04404761904761905 0.052132701421800945
7 0.25595238095238093 0.5560821484992101 0.08571428571428572 0.07582938388625593
11 0.3517857142857143 0.5260663507109005 0.036904761904761905 0.03475513428120063
11 0.18988095238095237 0.6350710900473934 0.030952380952380953 0.045813586097946286
11 0.31785714285714284 0.7693522906793049 0.030952380952380953 0.04265402843601896
11 0.27380952380952384 0.8009478672985783 0.04523809523809524 0.06635071090047394
11 0.31666666666666665 0.9739336492890995 0.04285714285714286 0.052132701421800945
11 0.44226190476190474 0.593996840442338 0.05357142857142857 0.07582938388625593
7 0.3136904761904762 0.580568720379147 0.04047619047619048 0.053712480252764615
9 0.5529761904761905 0.7338072669826224 0.0761904761904762 0.10900473933649289
9 0.7309523809523809 0.7488151658767772 0.09761904761904762 0.12796208530805686
8 0.7761904761904762 0.6342812006319115 0.05476190476190476 0.0679304897314376