11 0.4221183800623053 0.1860655737704918 0.06853582554517133 0.04590163934426229
11 0.4369158878504673 0.22377049180327868 0.045950155763239874 0.031967213114754096
11 0.38006230529595014 0.2565573770491803 0.045950155763239874 0.03114754098360656
11 0.4057632398753894 0.2983606557377049 0.045950155763239874 0.031967213114754096
11 0.42445482866043616 0.2598360655737705 0.05529595015576324 0.04016393442622951
11 0.3637071651090343 0.07704918032786885 0.045950155763239874 0.03360655737704918
11 0.3644859813084112 0.10573770491803279 0.0529595015576324 0.036885245901639344
11 0.25934579439252337 0.06639344262295081 0.09657320872274143 0.0680327868852459
11 0.18691588785046728 0.10491803278688525 0.10124610591900311 0.05245901639344262
11 0.09890965732087227 0.14754098360655737 0.10981308411214953 0.06311475409836066
11 0.24065420560747663 0.2180327868852459 0.0529595015576324 0.036885245901639344
11 0.16666666666666666 0.25245901639344265 0.05529595015576324 0.04016393442622951
11 0.1277258566978193 0.20655737704918034 0.12149532710280374 0.07049180327868852
11 0.04205607476635514 0.24262295081967214 0.08411214953271028 0.05901639344262295
11 0.19158878504672897 0.1581967213114754 0.08255451713395638 0.05819672131147541
11 0.9400311526479751 0.15 0.08566978193146417 0.08852459016393442
11 0.9828660436137072 0.1959016393442623 0.03426791277258567 0.07049180327868852
11 0.7437694704049844 0.3262295081967213 0.07009345794392523 0.04590163934426229
11 0.5848909657320872 0.04836065573770492 0.05451713395638629 0.06393442622950819
11 0.9680685358255452 0.2967213114754098 0.06386292834890965 0.10491803278688525
8 0.6900311526479751 0.26967213114754096 0.06230529595015576 0.06229508196721312
8 0.7858255451713395 0.013114754098360656 0.06697819314641744 0.02622950819672131
8 0.5864485981308412 0.21475409836065573 0.06542056074766354 0.08196721311475409
0 0.7040498442367601 0.0778688524590164 0.11059190031152648 0.08032786885245902
7 0.8177570093457944 0.3016393442622951 0.06697819314641744 0.07377049180327869
7 0.03582554517133956 0.5647540983606557 0.07165109034267912 0.11639344262295082
7 0.027258566978193146 0.4483606557377049 0.05451713395638629 0.11967213114754098
7 0.397196261682243 0.648360655737705 0.1043613707165109 0.09508196721311475
11 0.1394080996884735 0.7549180327868853 0.09345794392523364 0.12622950819672132
11 0.21261682242990654 0.6360655737704918 0.07320872274143302 0.1
5 0.7336448598130841 0.739344262295082 0.07242990654205607 0.2040983606557377
5 0.7515576323987538 0.510655737704918 0.06853582554517133 0.18360655737704917
5 0.8278816199376947 0.7475409836065574 0.0911214953271028 0.16393442622950818