1 0.08191653786707882 0.15555555555555556 0.03632148377125193 0.09
1 0.2890262751159196 0.03111111111111111 0.03632148377125193 0.05555555555555555
1 0.15378670788253476 0.33666666666666667 0.021638330757341576 0.05555555555555555
1 0.4721792890262751 0.3611111111111111 0.05100463678516229 0.1622222222222222
1 0.4072642967542504 0.45 0.0347758887171561 0.1
1 0.03941267387944358 0.30333333333333334 0.04791344667697063 0.12444444444444444
1 0.160741885625966 0.5055555555555555 0.05641421947449768 0.13777777777777778
11 0.2928902627511592 0.39222222222222225 0.08964451313755796 0.09666666666666666
11 0.2511591962905719 0.2922222222222222 0.08809891808346214 0.1411111111111111
11 0.32534775888717155 0.1688888888888889 0.17001545595054096 0.08666666666666667
11 0.1901081916537867 0.2777777777777778 0.05641421947449768 0.08666666666666667
1 0.11669242658423493 0.13666666666666666 0.02936630602782071 0.05555555555555555
11 0.3446676970633694 0.27444444444444444 0.08578052550231839 0.13111111111111112
9 0.6236476043276662 0.21444444444444444 0.0695517774343122 0.08
9 0.8137557959814529 0.10111111111111111 0.08346213292117466 0.09555555555555556
9 0.7975270479134466 0.2822222222222222 0.1267387944358578 0.17777777777777778
8 0.7094281298299846 0.09555555555555556 0.07727975270479134 0.08666666666666667
11 0.6723338485316847 0.42 0.08191653786707882 0.06444444444444444
7 0.5741885625965997 0.19111111111111112 0.05100463678516229 0.14222222222222222
7 0.8052550231839258 0.5655555555555556 0.10200927357032458 0.028888888888888888
9 0.3670788253477589 0.6022222222222222 0.0695517774343122 0.044444444444444446
7 0.8137557959814529 0.8522222222222222 0.04482225656877898 0.05555555555555555
7 0.8647604327666152 0.99 0.04482225656877898 0.02
7 0.9273570324574961 0.8822222222222222 0.03709428129829984 0.04666666666666667
7 0.9327666151468316 0.7888888888888889 0.04173106646058733 0.05555555555555555
7 0.7310664605873262 0.9888888888888889 0.03400309119010819 0.022222222222222223