11 0.555625 0.03125 0.125625 0.0625
11 0.490625 0.166875 0.175 0.10125
11 0.40125 0.28625 0.20625 0.06875
11 0.286875 0.224375 0.165625 0.06875
11 0.28875 0.139375 0.12125 0.08875
11 0.18125 0.054375 0.125625 0.0625
7 0.145625 0.13125 0.111875 0.06875
1 0.7875 0.045625 0.02625 0.0275
1 0.784375 0.1475 0.03375 0.02625
1 0.874375 0.0125 0.03125 0.025
1 0.72375 0.039375 0.03375 0.0325
1 0.825 0.119375 0.02875 0.0275
8 0.231875 0.72875 0.13 0.098125
9 0.065 0.5025 0.104375 0.13875
7 0.0825 0.946875 0.095625 0.10625
7 0.26875 0.5925 0.1 0.11
9 0.12375 0.60875 0.113125 0.118125
11 0.9325 0.716875 0.0525 0.07375
11 0.979375 0.929375 0.04125 0.10875