11 0.19966996699669967 0.2632013201320132 0.04702970297029703 0.08333333333333333
11 0.22112211221122113 0.3935643564356436 0.0429042904290429 0.09818481848184818
11 0.18316831683168316 0.5264026402640264 0.11056105610561057 0.14521452145214522
11 0.08333333333333333 0.5115511551155115 0.07673267326732673 0.12706270627062707
11 0.037953795379537955 0.35973597359735976 0.06188118811881188 0.12706270627062707
11 0.12788778877887788 0.04207920792079208 0.08663366336633663 0.08333333333333333
7 0.12128712871287128 0.2508250825082508 0.05858085808580858 0.11633663366336634
2 0.5750825082508251 0.12458745874587458 0.2755775577557756 0.24917491749174916
2 0.7103960396039604 0.33085808580858084 0.22277227722772278 0.21947194719471946
9 0.3102310231023102 0.8679867986798679 0.07920792079207921 0.09570957095709572
8 0.6856435643564357 0.6443894389438944 0.11716171617161716 0.09075907590759076
9 0.6575907590759076 0.981023102310231 0.09735973597359736 0.037953795379537955
0 0.41914191419141916 0.966996699669967 0.0924092409240924 0.066006600660066
0 0.8044554455445545 0.8085808580858086 0.08085808580858085 0.07260726072607261
0 0.5495049504950495 0.8836633663366337 0.0891089108910891 0.07095709570957096
0 0.6179867986798679 0.7301980198019802 0.09405940594059406 0.09075907590759076
0 0.7533003300330033 0.8655115511551155 0.08415841584158416 0.06765676567656766
0 0.8432343234323433 0.6971947194719472 0.10066006600660066 0.09075907590759076