11 0.166796875 0.29073856975381007 0.070703125 0.05451348182883939
11 0.201953125 0.4070926143024619 0.0796875 0.025205158264947247
11 0.349609375 0.10697538100820633 0.11484375 0.06506447831184056
11 0.095703125 0.20984759671746775 0.126953125 0.07356389214536929
11 0.46875 0.35345838218053927 0.10625 0.06301289566236812
11 0.32578125 0.21395076201641267 0.070703125 0.05246189917936694
11 0.95546875 0.21101992966002345 0.0890625 0.09613130128956623
3 0.9734375 0.05451348182883939 0.053125 0.10902696365767878
8 0.34140625 0.7620164126611958 0.077734375 0.09056271981242672
11 0.51640625 0.7406213364595545 0.059375 0.06652989449003517
11 0.434765625 0.48446658851113716 0.056640625 0.06535756154747949
11 0.473046875 0.6491793669402111 0.0296875 0.036635404454865184
11 0.165625 0.6474208675263775 0.036328125 0.04337631887456037
11 0.17109375 0.7247948417350527 0.035546875 0.04220398593200469
11 0.165625 0.779601406799531 0.02890625 0.03780773739742087
11 0.048046875 0.7007620164126612 0.048828125 0.055978898007034
11 0.40234375 0.6676436107854631 0.031640625 0.03077373974208675
11 0.38359375 0.7001758499413834 0.036328125 0.04015240328253224
11 0.294140625 0.7951348182883939 0.02890625 0.03898007033997655
11 0.29140625 0.753810082063306 0.02890625 0.04337631887456037
11 0.325 0.6515240328253223 0.043359375 0.05949589683470106
11 0.309375 0.5128956623681126 0.0546875 0.0492379835873388
11 0.21171875 0.8613716295427901 0.0578125 0.0641852286049238
11 0.391015625 0.8179953106682297 0.040234375 0.04015240328253224
11 0.37421875 0.8980070339976554 0.0375 0.04689331770222743
11 0.28671875 0.8660609613130129 0.056640625 0.053927315357561546
7 0.253125 0.7927901524032825 0.05 0.06652989449003517
7 0.197265625 0.7567409144196952 0.060546875 0.07327080890973037
7 0.11640625 0.6582649472450176 0.051953125 0.070926143024619
9 0.37578125 0.5272567409144197 0.06640625 0.06301289566236812
7 0.4421875 0.6450762016412661 0.05390625 0.06184056271981243
11 0.3171875 0.6016998827667057 0.055859375 0.06652989449003517
11 0.218359375 0.645662368112544 0.039453125 0.04132473622508793
9 0.419140625 0.5471864009378663 0.05859375 0.055978898007034
8 0.816015625 0.5586166471277842 0.042578125 0.10785463071512309
8 0.829296875 0.6544548651817116 0.03046875 0.08587338804220399
4 0.708203125 0.6828839390386869 0.02578125 0.06066822977725674
8 0.900390625 0.4361078546307151 0.023046875 0.032825322391559206
8 0.886328125 0.5228604923798359 0.0234375 0.0779601406799531
8 0.882421875 0.679073856975381 0.025 0.07121922626025791
4 0.837109375 0.8856975381008206 0.03203125 0.07913247362250879
9 0.9421875 0.63042203985932 0.041015625 0.12631887456037513
9 0.940625 0.8308909730363423 0.030078125 0.10785463071512309
9 0.632421875 0.8379249706916765 0.040234375 0.12924970691676435
9 0.650390625 0.9531066822977726 0.042578125 0.09349355216881594
9 0.606640625 0.6245603751465416 0.03359375 0.13774912075029308
9 0.660546875 0.7696365767878077 0.02109375 0.059788980070339975
8 0.882421875 0.8660609613130129 0.03203125 0.07415005861664713
8 0.8109375 0.9575029308323564 0.02109375 0.05480656506447831
8 0.77265625 0.9868112543962485 0.0234375 0.02637749120750293
8 0.648828125 0.6096131301289566 0.0390625 0.111957796014068