1 0.21407185628742514 0.31448763250883394 0.05538922155688623 0.06448763250883392
1 0.19610778443113772 0.4496466431095406 0.0718562874251497 0.06978798586572438
11 0.3615269461077844 0.48586572438162545 0.09580838323353294 0.06713780918727916
1 0.31961077844311375 0.18197879858657243 0.08383233532934131 0.07773851590106007
1 0.19011976047904192 0.19434628975265017 0.10254491017964072 0.0989399293286219
11 0.2754491017964072 0.3330388692579505 0.05538922155688623 0.07508833922261485
10 0.30389221556886226 0.09275618374558305 0.06961077844311377 0.10954063604240283
4 0.8547904191616766 0.17137809187279152 0.07035928143712575 0.07950530035335689
4 0.780688622754491 0.11484098939929328 0.05239520958083832 0.05653710247349823
4 0.7155688622754491 0.16342756183745583 0.0688622754491018 0.09187279151943463
4 0.8839820359281437 0.14752650176678445 0.04790419161676647 0.07420494699646643
4 0.8226047904191617 0.4019434628975265 0.08233532934131736 0.08480565371024736
8 0.9887724550898204 0.25176678445229683 0.02245508982035928 0.08657243816254417
11 0.6444610778443114 0.21201413427561838 0.04940119760479042 0.04946996466431095
8 0.06811377245508982 0.7570671378091873 0.07035928143712575 0.05742049469964664
11 0.4236526946107784 0.8401060070671378 0.06287425149700598 0.06890459363957598
6 0.4086826347305389 0.534452296819788 0.058383233532934134 0.030035335689045935
6 0.2994011976047904 0.5680212014134276 0.08308383233532934 0.07420494699646643
6 0.4393712574850299 0.627208480565371 0.058383233532934134 0.0706713780918728
3 0.5351796407185628 0.877208480565371 0.08308383233532934 0.07862190812720848
6 0.9161676646706587 0.9496466431095406 0.08532934131736528 0.08657243816254417