11 0.17425149700598802 0.0773405698778833 0.0688622754491018 0.1010854816824966
7 0.2970059880239521 0.23337856173677068 0.041916167664670656 0.06852103120759837
11 0.21377245508982035 0.12618724559023067 0.04910179640718563 0.07055630936227951
11 0.19700598802395208 0.1519674355495251 0.06766467065868263 0.08955223880597014
11 0.23952095808383234 0.20081411126187246 0.06047904191616767 0.09362279511533243
3 0.8317365269461078 0.1560379918588874 0.10179640718562874 0.05495251017639077
3 0.7119760479041917 0.1587516960651289 0.0784431137724551 0.03459972862957938
3 0.6574850299401198 0.1824966078697422 0.09101796407185629 0.04002713704206241
3 0.6119760479041916 0.24491180461329715 0.14610778443113773 0.059023066485753055
11 0.17305389221556886 0.6343283582089553 0.05389221556886228 0.052917232021709636
0 0.27365269461077846 0.6763907734056988 0.06826347305389222 0.08548168249660787
0 0.06407185628742515 0.6601085481682497 0.11377245508982035 0.09633649932157395
0 0.3095808383233533 0.7130257801899593 0.03952095808383234 0.06919945725915876
0 0.2155688622754491 0.5563093622795116 0.06467065868263473 0.06919945725915876
0 0.21017964071856288 0.6207598371777476 0.045508982035928146 0.04613297150610583
7 0.1155688622754491 0.4837177747625509 0.07784431137724551 0.08005427408412483
7 0.8383233532934131 0.7598371777476255 0.08023952095808383 0.1044776119402985
7 0.7778443113772455 0.9470827679782904 0.2958083832335329 0.10583446404341927
11 0.6736526946107785 0.5834464043419267 0.08982035928143713 0.10176390773405698
11 0.5904191616766467 0.6248303934871099 0.08383233532934131 0.10719131614654002
1 0.3718562874251497 0.9430122116689281 0.08502994011976048 0.11397557666214382
1 0.411377245508982 0.9830393487109905 0.12574850299401197 0.033921302578018994
9 0.5904191616766467 0.7639077340569878 0.16167664670658682 0.17774762550881953
8 0.6520958083832336 0.6852103120759837 0.08383233532934131 0.10719131614654002