11 0.11648351648351649 0.42882882882882883 0.23296703296703297 0.2702702702702703
11 0.2824175824175824 0.1945945945945946 0.26263736263736265 0.38198198198198197
6 0.8208791208791208 0.281981981981982 0.189010989010989 0.2864864864864865
10 0.8225274725274725 0.44594594594594594 0.22087912087912087 0.23963963963963963
9 0.6692307692307692 0.02252252252252252 0.09230769230769231 0.04504504504504504
9 0.7296703296703296 0.12612612612612611 0.13956043956043956 0.20540540540540542
9 0.6412087912087913 0.0972972972972973 0.04285714285714286 0.1945945945945946
3 0.4307692307692308 0.9009009009009009 0.08351648351648351 0.13153153153153152
3 0.2631868131868132 0.7414414414414414 0.14945054945054945 0.1927927927927928
3 0.48131868131868133 0.7441441441441441 0.11648351648351649 0.17297297297297298
6 0.7851648351648352 0.8783783783783784 0.21868131868131868 0.24324324324324326
6 0.9664835164835165 0.6657657657657657 0.06703296703296703 0.07387387387387387
6 0.8379120879120879 0.6594594594594595 0.1835164835164835 0.06126126126126126