11 0.3067047075606277 0.07917570498915401 0.15834522111269614 0.12472885032537961
11 0.2289586305278174 0.23969631236442515 0.12125534950071326 0.20824295010845986
7 0.5741797432239658 0.03253796095444685 0.11483594864479316 0.033622559652928416
7 0.5691868758915835 0.2559652928416486 0.06348074179743224 0.031453362255965296
11 0.6398002853067047 0.14099783080260303 0.10770328102710414 0.055314533622559656
11 0.7902995720399429 0.03036876355748373 0.10413694721825963 0.04013015184381779
1 0.7068473609129815 0.0824295010845987 0.047075606276747506 0.01735357917570499
1 0.6647646219686163 0.07917570498915401 0.03637660485021398 0.020607375271149676
1 0.6248216833095578 0.0737527114967462 0.047075606276747506 0.019522776572668113
1 0.5534950071326676 0.19305856832971802 0.04208273894436519 0.020607375271149676
11 0.9757489300998573 0.028199566160520606 0.03637660485021398 0.01735357917570499
11 0.8259629101283881 0.2245119305856833 0.03851640513552068 0.01843817787418655
7 0.7068473609129815 0.28308026030368766 0.03637660485021398 0.015184381778741865
7 0.62339514978602 0.20498915401301518 0.039942938659058486 0.016268980477223426
7 0.6968616262482168 0.22885032537960953 0.047075606276747506 0.020607375271149676
7 0.6975748930099858 0.2440347071583514 0.04208273894436519 0.020607375271149676
7 0.8102710413694721 0.2039045553145336 0.043509272467902996 0.01843817787418655
7 0.9136947218259629 0.1052060737527115 0.05135520684736091 0.020607375271149676
7 0.7582025677603423 0.09219088937093275 0.06918687589158345 0.02928416485900217
7 0.4614835948644793 0.20607375271149675 0.047075606276747506 0.01735357917570499
7 0.48573466476462196 0.10086767895878525 0.056348074179743225 0.026030368763557483
7 0.7132667617689016 0.1822125813449024 0.049215406562054205 0.01843817787418655
7 0.8609129814550642 0.13882863340563992 0.09272467902995721 0.028199566160520606
8 0.2731811697574893 0.8980477223427332 0.05991440798858773 0.0737527114967462
8 0.21968616262482168 0.8286334056399133 0.03566333808844508 0.08026030368763558
7 0.012125534950071327 0.7082429501084598 0.024251069900142655 0.08893709327548807
7 0.10841654778887304 0.7993492407809111 0.052781740370898715 0.0911062906724512
7 0.15691868758915833 0.8275488069414316 0.04850213980028531 0.08026030368763558
7 0.27746077032810273 0.5162689804772235 0.07417974322396577 0.14533622559652928
11 0.3017118402282454 0.7516268980477223 0.03851640513552068 0.05856832971800434
1 0.16619115549215407 0.4848156182212581 0.05420827389443652 0.06941431670281996
11 0.8238231098430813 0.6550976138828634 0.06134094151212553 0.08676789587852494
7 0.7567760342368046 0.7277657266811279 0.05991440798858773 0.07592190889370933
0 0.5185449358059915 0.482646420824295 0.10128388017118402 0.13665943600867678