1 0.2454981992797119 0.34430176565008025 0.030012004801920768 0.06821829855537721
1 0.2653061224489796 0.49518459069020865 0.040216086434573826 0.0738362760834671
11 0.16986794717887155 0.5658105939004815 0.056422569027611044 0.06581059390048154
1 0.17346938775510204 0.21268057784911718 0.0468187274909964 0.07704654895666131
1 0.2503001200480192 0.20385232744783308 0.05702280912364946 0.10192616372391654
11 0.2112845138055222 0.37640449438202245 0.030012004801920768 0.08025682182985554
10 0.1758703481392557 0.10674157303370786 0.035414165666266505 0.12359550561797752
11 0.843937575030012 0.0449438202247191 0.07202881152460984 0.0449438202247191
11 0.8745498199279712 0.08025682182985554 0.04801920768307323 0.04012841091492777
11 0.7911164465786314 0.08587479935794542 0.045018007202881155 0.02969502407704655
11 0.8199279711884754 0.29775280898876405 0.06062424969987995 0.038523274478330656
11 0.882953181272509 0.34590690208667735 0.046218487394957986 0.033707865168539325
11 0.6782713085234093 0.08105939004815409 0.046218487394957986 0.03451043338683788
11 0.5720288115246098 0.16452648475120385 0.06062424969987995 0.04253611556982344
9 0.5522208883553421 0.26163723916532905 0.09603841536614646 0.0738362760834671
7 0.6584633853541416 0.3001605136436597 0.09423769507803122 0.05778491171749599
8 0.5798319327731093 0.31219903691813805 0.06542617046818727 0.045746388443017656
11 0.7791116446578632 0.22552166934189405 0.05942376950780312 0.033707865168539325
11 0.773109243697479 0.18780096308186195 0.05102040816326531 0.02969502407704655
11 0.8793517406962785 0.21508828250401285 0.0546218487394958 0.03210272873194221
11 0.7881152460984394 0.05457463884430177 0.05582232893157263 0.038523274478330656
11 0.7274909963985594 0.058587479935794544 0.062424969987995196 0.036115569823434994
11 0.7262905162064826 0.09550561797752809 0.046218487394957986 0.033707865168539325
11 0.6206482593037215 0.24077046548956663 0.05942376950780312 0.036115569823434994
7 0.06602641056422569 0.8964686998394864 0.08043217286914765 0.09951845906902086
7 0.44357743097238894 0.666131621187801 0.14765906362545017 0.1348314606741573
8 0.8547418967587035 0.8900481540930979 0.08283313325330131 0.12199036918138041
11 0.5882352941176471 0.6468699839486356 0.060024009603841535 0.09630818619582665