11 0.1723090277777778 0.2716049382716049 0.043547453703703706 0.04205246913580247
11 0.3120659722222222 0.2644675925925926 0.03993055555555555 0.04552469135802469
11 0.23683449074074073 0.03414351851851852 0.10344328703703703 0.06828703703703703
11 0.07074652777777778 0.14795524691358025 0.059895833333333336 0.06828703703703703
11 0.10619212962962964 0.25925925925925924 0.04716435185185185 0.03684413580246913
11 0.40552662037037035 0.19618055555555555 0.08521412037037036 0.08931327160493827
11 0.33564814814814814 0.16550925925925927 0.052662037037037035 0.06481481481481481
11 0.3492476851851852 0.25308641975308643 0.03443287037037037 0.04378858024691358
1 0.21498842592592593 0.09895833333333333 0.05439814814814815 0.05960648148148148
1 0.28660300925925924 0.15162037037037038 0.05078125 0.04378858024691358
11 0.12427662037037036 0.22164351851851852 0.03993055555555555 0.048996913580246916
11 0.14699074074074073 0.25308641975308643 0.027199074074074073 0.02797067901234568
11 0.06987847222222222 0.23823302469135801 0.030815972222222224 0.02797067901234568
11 0.09519675925925926 0.18132716049382716 0.03269675925925926 0.02970679012345679
7 0.7728587962962963 0.2777777777777778 0.1892361111111111 0.12422839506172839
7 0.17809606481481483 0.6996527777777778 0.07060185185185185 0.09741512345679013
11 0.3146701388888889 0.5046296296296297 0.045717592592592594 0.08526234567901235
11 0.06929976851851852 0.8094135802469136 0.0630787037037037 0.09529320987654322
11 0.3715277777777778 0.7119984567901234 0.045717592592592594 0.07291666666666667
11 0.36863425925925924 0.8946759259259259 0.04398148148148148 0.07388117283950617
8 0.62890625 0.5071373456790124 0.05164930555555555 0.10262345679012345
8 0.7350983796296297 0.9851466049382716 0.024016203703703703 0.02970679012345679
7 0.6549479166666666 0.8840663580246914 0.04195601851851852 0.08834876543209877
7 0.6385995370370371 0.6975308641975309 0.04456018518518518 0.09104938271604938
7 0.5750868055555556 0.5802469135802469 0.042534722222222224 0.08333333333333333
7 0.5240162037037037 0.8159722222222222 0.049623842592592594 0.09876543209876543
7 0.8493923611111112 0.4955632716049383 0.042534722222222224 0.08333333333333333
7 0.8091724537037037 0.6923225308641975 0.029658564814814815 0.05381944444444445
8 0.7039930555555556 0.5200617283950617 0.03544560185185185 0.06674382716049383
8 0.7217881944444444 0.8090277777777778 0.03226273148148148 0.059027777777777776
7 0.4754050925925926 0.7411265432098766 0.01099537037037037 0.07175925925925926
7 0.6940104166666666 0.38213734567901236 0.030960648148148147 0.05632716049382716
7 0.5150462962962963 0.7436342592592593 0.056712962962962965 0.08969907407407407
7 0.8451967592592593 0.8570601851851852 0.03226273148148148 0.06018518518518518