1 0.2935862691960253 0.135 0.12466124661246612 0.10142857142857142
1 0.42999096657633246 0.19714285714285715 0.14272809394760613 0.11571428571428571
1 0.16214995483288167 0.16214285714285714 0.07271906052393858 0.05785714285714286
1 0.539747064137308 0.22 0.0998193315266486 0.1
1 0.5785907859078591 0.18214285714285713 0.022583559168925023 0.08071428571428571
1 0.37759710930442636 0.08071428571428571 0.09078590785907859 0.07571428571428572
3 0.6350496838301717 0.32 0.09033423667570009 0.04
3 0.8242999096657633 0.016428571428571428 0.0948509485094851 0.032857142857142856
7 0.2904245709123758 0.7042857142857143 0.14092140921409213 0.145
7 0.4083107497741644 0.6985714285714286 0.10298102981029811 0.13785714285714284
7 0.3319783197831978 0.8042857142857143 0.09530261969286359 0.12
7 0.23667570009033423 0.8342857142857143 0.07497741644083107 0.10357142857142858
7 0.20776874435411022 0.6828571428571428 0.04968383017163505 0.06785714285714285
7 0.27822944896115626 0.6407142857142857 0.06368563685636856 0.06785714285714285
7 0.2140921409214092 0.7614285714285715 0.04697380307136405 0.07142857142857142
3 0.8839205058717254 0.8964285714285715 0.12466124661246612 0.18357142857142858
3 0.8861788617886179 0.7328571428571429 0.09259259259259259 0.19642857142857142
3 0.59936766034327 0.5414285714285715 0.018970189701897018 0.13214285714285715
3 0.8455284552845529 0.39357142857142857 0.0984643179765131 0.10714285714285714
3 0.8473351400180669 0.5535714285714286 0.1070460704607046 0.2342857142857143
3 0.9232158988256549 0.5242857142857142 0.0966576332429991 0.22
3 0.7118337850045167 0.9407142857142857 0.05465221318879855 0.11
3 0.7962962962962963 0.9585714285714285 0.07633242999096658 0.08285714285714285
3 0.7628726287262872 0.7028571428571428 0.06910569105691057 0.15285714285714286
3 0.6838301716350497 0.7478571428571429 0.06278229448961156 0.12285714285714286
3 0.7073170731707317 0.6435714285714286 0.10569105691056911 0.22285714285714286
3 0.7375790424570913 0.5664285714285714 0.07678410117434507 0.1692857142857143
3 0.7999096657633243 0.7535714285714286 0.06413730803974707 0.12285714285714286
3 0.8315266485998193 0.7135714285714285 0.04742547425474255 0.09571428571428571