11 0.26906474820143883 0.23792486583184258 0.08201438848920864 0.08318425760286226
11 0.04388489208633094 0.26118067978533094 0.05971223021582734 0.09123434704830054
11 0.12805755395683452 0.32379248658318427 0.05755395683453238 0.07155635062611806
11 0.1906474820143885 0.3935599284436494 0.05755395683453238 0.08318425760286226
11 0.3100719424460432 0.32379248658318427 0.05755395683453238 0.07602862254025045
11 0.12949640287769784 0.11896243291592129 0.06258992805755395 0.07602862254025045
11 0.13741007194244603 0.18336314847942756 0.06474820143884892 0.08318425760286226
11 0.07697841726618705 0.4821109123434705 0.05755395683453238 0.08318425760286226
8 0.7848920863309352 0.36583184257602863 0.07482014388489208 0.09123434704830054
7 0.8798561151079136 0.5304114490161002 0.09640287769784173 0.059033989266547404
11 0.5719424460431655 0.5116279069767442 0.04316546762589928 0.046511627906976744
7 0.3402877697841727 0.9838998211091234 0.053237410071942444 0.03220035778175313
7 0.15611510791366906 0.6735241502683363 0.04748201438848921 0.10196779964221825
7 0.09424460431654676 0.6565295169946332 0.08201438848920864 0.11985688729874776
11 0.27266187050359714 0.6046511627906976 0.07625899280575539 0.07513416815742398
11 0.3043165467625899 0.5661896243291592 0.04460431654676259 0.012522361359570662
11 0.2460431654676259 0.5706618962432916 0.03741007194244604 0.02146690518783542
11 0.2474820143884892 0.870304114490161 0.041726618705035974 0.03935599284436494
11 0.18776978417266188 0.7710196779964222 0.030215827338129497 0.0518783542039356
1 0.3985611510791367 0.6073345259391771 0.04028776978417266 0.07334525939177101
11 0.697841726618705 0.7844364937388193 0.08345323741007195 0.08586762075134168
11 0.8697841726618705 0.9803220035778175 0.03884892086330935 0.03935599284436494
11 0.702158273381295 0.8595706618962433 0.06474820143884892 0.07334525939177101
11 0.60431654676259 0.9212880143112702 0.05755395683453238 0.07692307692307693
11 0.9035971223021583 0.8067978533094812 0.07338129496402877 0.08944543828264759
11 0.8093525179856115 0.9186046511627907 0.05611510791366906 0.06618962432915922
11 0.7352517985611511 0.721824686940966 0.06762589928057554 0.08944543828264759