11 0.195625 0.410625 0.075625 0.1325
7 0.355625 0.22375 0.045 0.09125
11 0.2475 0.3525 0.05375 0.09125
11 0.23 0.31 0.075625 0.11625
11 0.285 0.253125 0.065625 0.124375
8 0.600625 0.235625 0.075 0.060625
7 0.446875 0.13875 0.094375 0.09
7 0.54625 0.07875 0.07625 0.066875
11 0.769375 0.0125 0.046875 0.025
11 0.754375 0.071875 0.0425 0.030625
11 0.13625 0.955625 0.0725 0.08
0 0.07625 0.635625 0.1525 0.23125
0 0.26875 0.91375 0.14 0.1725
7 0.68 0.765 0.058125 0.045
7 0.61375 0.6725 0.039375 0.0375
7 0.653125 0.55375 0.0375 0.034375
7 0.705625 0.585 0.0475 0.0425
7 0.758125 0.921875 0.063125 0.05125
7 0.7675 0.878125 0.056875 0.041875
2 0.718125 0.870625 0.0475 0.048125
11 0.455625 0.69625 0.05 0.035
1 0.793125 0.81875 0.025625 0.02125
1 0.77125 0.796875 0.043125 0.0275
7 0.811875 0.89125 0.040625 0.02875
7 0.87625 0.87375 0.040625 0.02875
7 0.74625 0.736875 0.0475 0.039375
7 0.7675 0.850625 0.079375 0.0425