1 0.41132075471698115 0.4056776556776557 0.033962264150943396 0.09523809523809523
1 0.2358490566037736 0.5586080586080586 0.03207547169811321 0.05952380952380952
1 0.3433962264150943 0.2316849816849817 0.020754716981132074 0.05952380952380952
1 0.06509433962264151 0.2509157509157509 0.04905660377358491 0.1684981684981685
1 0.11886792452830189 0.14926739926739926 0.033962264150943396 0.10531135531135531
1 0.44433962264150945 0.2490842490842491 0.04622641509433962 0.13003663003663005
1 0.3311320754716981 0.06684981684981685 0.05471698113207547 0.1336996336996337
11 0.22075471698113208 0.19322344322344323 0.08018867924528301 0.10897435897435898
11 0.25943396226415094 0.2893772893772894 0.08113207547169811 0.15476190476190477
11 0.19905660377358492 0.4249084249084249 0.15 0.10897435897435898
11 0.3141509433962264 0.2948717948717949 0.0509433962264151 0.09523809523809523
1 0.38113207547169814 0.43040293040293043 0.027358490566037737 0.05952380952380952
11 0.17830188679245282 0.32142857142857145 0.07830188679245283 0.14377289377289376
7 0.619811320754717 0.009157509157509158 0.09245283018867924 0.018315018315018316
7 0.8037735849056604 0.2206959706959707 0.06981132075471698 0.06043956043956044
8 0.5811320754716981 0.4258241758241758 0.07547169811320754 0.06593406593406594
0 0.8018867924528302 0.31868131868131866 0.1471698113207547 0.15567765567765568
7 0.24528301886792453 0.8882783882783882 0.05660377358490566 0.06227106227106227
1 0.18584905660377357 0.6208791208791209 0.05849056603773585 0.04945054945054945
1 0.08490566037735849 0.7582417582417582 0.04339622641509434 0.03663003663003663
1 0.32075471698113206 0.717948717948718 0.0509433962264151 0.0641025641025641
11 0.44150943396226416 0.8507326007326007 0.06415094339622641 0.07509157509157509
11 0.21509433962264152 0.7527472527472527 0.07358490566037736 0.07142857142857142
9 0.05849056603773585 0.6245421245421245 0.06792452830188679 0.0695970695970696
9 0.37075471698113205 0.8195970695970696 0.04339622641509434 0.06776556776556776
9 0.28962264150943395 0.7948717948717948 0.06981132075471698 0.0695970695970696
7 0.11415094339622642 0.7948717948717948 0.04716981132075472 0.045787545787545784
7 0.8330188679245283 0.9835164835164835 0.16792452830188678 0.03296703296703297