8 0.5419664268585132 0.2375601926163724 0.06954436450839328 0.06420545746388442
11 0.1882494004796163 0.17736757624398075 0.06294964028776978 0.07463884430176565
6 0.223621103117506 0.49518459069020865 0.05875299760191847 0.027287319422150885
6 0.32673860911270985 0.456661316211878 0.08333333333333333 0.08186195826645265
6 0.18645083932853718 0.4044943820224719 0.05995203836930456 0.07704654895666131
3 0.07553956834532374 0.14686998394863562 0.08333333333333333 0.08747993579454254
7 0.9238609112709832 0.013643659711075442 0.12350119904076738 0.027287319422150885
7 0.9178657074340527 0.08426966292134831 0.11990407673860912 0.1508828250401284
7 0.8039568345323741 0.02086677367576244 0.10431654676258993 0.04173354735152488
9 0.47721822541966424 0.7054574638844302 0.08333333333333333 0.06260032102728733
9 0.3381294964028777 0.7945425361155698 0.10611510791366907 0.07303370786516854
8 0.2434052757793765 0.7656500802568218 0.05935251798561151 0.038523274478330656
5 0.9820143884892086 0.6974317817014446 0.03597122302158273 0.16853932584269662
5 0.9394484412470024 0.5834670947030498 0.11390887290167866 0.1492776886035313
5 0.9094724220623501 0.7223113964686998 0.1630695443645084 0.26484751203852325
5 0.6288968824940048 0.7295345104333868 0.039568345323741004 0.13643659711075443
5 0.6678657074340527 0.6019261637239165 0.07314148681055156 0.1492776886035313
1 0.9310551558752997 0.9028892455858748 0.050359712230215826 0.06260032102728733