11 0.32769230769230767 0.09163987138263666 0.11692307692307692 0.1045016077170418
7 0.06769230769230769 0.08842443729903537 0.07076923076923076 0.0707395498392283
11 0.24461538461538462 0.09003215434083602 0.0823076923076923 0.07234726688102894
11 0.24769230769230768 0.12620578778135047 0.11307692307692307 0.0932475884244373
11 0.16153846153846155 0.1197749196141479 0.10307692307692308 0.0972668810289389
11 0.98 0.03135048231511254 0.04 0.06270096463022508
11 0.9092307692307692 0.022508038585209004 0.04923076923076923 0.04501607717041801
11 0.8623076923076923 0.3408360128617363 0.06615384615384616 0.03536977491961415
11 0.8046153846153846 0.008842443729903537 0.052307692307692305 0.017684887459807074
11 0.6761538461538461 0.0932475884244373 0.06769230769230769 0.07556270096463022
9 0.6238461538461538 0.24196141479099678 0.10923076923076923 0.1302250803858521
7 0.71 0.3159163987138264 0.10307692307692308 0.08520900321543408
8 0.6323076923076923 0.32234726688102894 0.07384615384615385 0.07234726688102894
11 0.8492307692307692 0.2347266881028939 0.06307692307692307 0.06270096463022508
11 0.8569230769230769 0.17443729903536978 0.055384615384615386 0.05627009646302251
11 0.946923076923077 0.24196141479099678 0.05846153846153846 0.0594855305466238
11 0.8446153846153847 0.024115755627009645 0.052307692307692305 0.04823151125401929
11 0.6961538461538461 0.22347266881028938 0.06461538461538462 0.06591639871382636
9 0.44076923076923075 0.7057877813504824 0.19846153846153847 0.2315112540192926
11 0.7146153846153847 0.41639871382636656 0.08 0.09003215434083602
11 0.7715384615384615 0.3745980707395498 0.08153846153846153 0.03215434083601286
9 0.556923076923077 0.6310289389067524 0.033846153846153845 0.13344051446945338
9 0.5907692307692308 0.4670418006430868 0.10153846153846154 0.12379421221864952
9 0.9215384615384615 0.5176848874598071 0.12 0.12379421221864952
7 0.5869230769230769 0.3858520900321543 0.09384615384615384 0.05466237942122187
7 0.7069230769230769 0.7170418006430869 0.07538461538461538 0.10771704180064309
8 0.6892307692307692 0.907556270096463 0.07538461538461538 0.07877813504823152
8 0.6438461538461538 0.6318327974276527 0.09076923076923077 0.09003215434083602
8 0.5676923076923077 0.7347266881028939 0.055384615384615386 0.09967845659163987
0 0.9146153846153846 0.8593247588424437 0.10923076923076923 0.12540192926045016
0 0.98 0.6463022508038585 0.04 0.08360128617363344
0 0.9746153846153847 0.4252411575562701 0.05076923076923077 0.13344051446945338