11 0.3716012084592145 0.2116788321167883 0.17522658610271905 0.29288321167883213
11 0.2515105740181269 0.4762773722627737 0.19184290030211482 0.4187956204379562
11 0.7348942598187311 0.12135036496350365 0.08157099697885196 0.09306569343065693
11 0.6563444108761329 0.028284671532846715 0.0891238670694864 0.05656934306569343
11 0.5921450151057401 0.05291970802919708 0.052870090634441085 0.07481751824817519
11 0.9214501510574018 0.3102189781021898 0.0649546827794562 0.09854014598540146
11 0.9327794561933535 0.21624087591240876 0.07401812688821752 0.08029197080291971
11 0.8512084592145015 0.040145985401459854 0.061933534743202415 0.08029197080291971
11 0.9358006042296072 0.02737226277372263 0.0891238670694864 0.05474452554744526
11 0.5188821752265861 0.16423357664233576 0.08006042296072508 0.09124087591240876
11 0.48867069486404835 0.03832116788321168 0.05891238670694864 0.07664233576642336
11 0.6374622356495468 0.2791970802919708 0.08459214501510574 0.12408759124087591
11 0.654833836858006 0.07208029197080291 0.09969788519637462 0.12956204379562045
1 0.9070996978851964 0.4990875912408759 0.07401812688821752 0.09124087591240876
1 0.7069486404833837 0.5465328467153284 0.06797583081570997 0.09124087591240876
1 0.48942598187311176 0.2545620437956204 0.06042296072507553 0.08576642335766424
2 0.18277945619335348 0.7335766423357665 0.09214501510574018 0.04470802919708029
8 0.1661631419939577 0.7755474452554745 0.05362537764350453 0.03375912408759124
7 0.23036253776435045 0.906021897810219 0.07854984894259819 0.0364963503649635
7 0.3028700906344411 0.8111313868613139 0.09214501510574018 0.04744525547445255
11 0.243202416918429 0.7436131386861314 0.06797583081570997 0.03923357664233577
11 0.10574018126888217 0.8266423357664233 0.05211480362537765 0.030109489051094892
11 0.14803625377643503 0.7992700729927007 0.06117824773413897 0.032846715328467155
7 0.28172205438066467 0.9388686131386861 0.06797583081570997 0.037408759124087594
7 0.22280966767371602 0.9562043795620438 0.04833836858006042 0.02737226277372263
7 0.18731117824773413 0.9151459854014599 0.06948640483383686 0.03467153284671533
11 0.6518126888217523 0.7417883211678832 0.0770392749244713 0.10401459854014598
11 0.49697885196374625 0.8284671532846716 0.05740181268882175 0.06751824817518248
11 0.5996978851963746 0.9406934306569343 0.0649546827794562 0.08029197080291971
11 0.5370090634441088 0.8813868613138686 0.05740181268882175 0.07664233576642336
11 0.7462235649546828 0.7773722627737226 0.061933534743202415 0.07664233576642336
11 0.6049848942598187 0.7235401459854015 0.055891238670694864 0.06751824817518248