1 0.217578125 0.1388888888888889 0.057421875 0.04791666666666667
1 0.21171875 0.041666666666666664 0.07421875 0.05347222222222222
11 0.37890625 0.02638888888888889 0.0984375 0.05277777777777778
1 0.31328125 0.24097222222222223 0.0859375 0.059027777777777776
1 0.185546875 0.22291666666666668 0.105078125 0.07430555555555556
11 0.28125 0.13055555555555556 0.059765625 0.05555555555555555
10 0.290625 0.30277777777777776 0.07421875 0.07777777777777778
7 0.0921875 0.7694444444444445 0.079296875 0.08819444444444445
7 0.39765625 0.6305555555555555 0.050390625 0.06944444444444445
7 0.232421875 0.5743055555555555 0.067578125 0.09722222222222222
7 0.316796875 0.5951388888888889 0.074609375 0.10555555555555556
7 0.19453125 0.3861111111111111 0.06328125 0.03333333333333333
8 0.3890625 0.8277777777777777 0.059765625 0.08958333333333333
0 0.225390625 0.7333333333333333 0.078125 0.08680555555555555
0 0.163671875 0.7375 0.06875 0.08194444444444444
7 0.8375 0.5215277777777778 0.0234375 0.1
7 0.76640625 0.5131944444444444 0.039453125 0.1076388888888889
7 0.890234375 0.9013888888888889 0.021875 0.10555555555555556
7 0.9125 0.9319444444444445 0.034375 0.12916666666666668
11 0.783203125 0.40208333333333335 0.026171875 0.06527777777777778
11 0.725390625 0.4638888888888889 0.016796875 0.05277777777777778
11 0.709765625 0.4097222222222222 0.01796875 0.06041666666666667
11 0.843359375 0.9479166666666666 0.03046875 0.08541666666666667
11 0.828515625 0.9854166666666667 0.01796875 0.029166666666666667
11 0.85078125 0.9868055555555556 0.015625 0.02638888888888889
11 0.865234375 0.6854166666666667 0.01640625 0.04722222222222222
11 0.883203125 0.7965277777777777 0.013671875 0.05486111111111111
1 0.79453125 0.91875 0.01953125 0.07847222222222222
9 0.75 0.8805555555555555 0.046484375 0.12013888888888889
9 0.76171875 0.7875 0.0421875 0.11875