1 0.3034188034188034 0.3192868719611021 0.11904761904761904 0.14748784440842788
1 0.1752136752136752 0.19692058346839547 0.13797313797313798 0.16693679092382496
1 0.44505494505494503 0.30226904376012964 0.06898656898656899 0.08184764991896272
1 0.061660561660561664 0.14100486223662884 0.10012210012210013 0.14748784440842788
1 0.01098901098901099 0.18557536466774716 0.021367521367521368 0.12560777957860617
1 0.2045177045177045 0.386547811993517 0.08547008547008547 0.1094003241491086
8 0.63003663003663 0.05753646677471637 0.02197802197802198 0.08589951377633712
8 0.7741147741147741 0.22771474878444084 0.10134310134310134 0.11183144246353323
9 0.7271062271062271 0.051053484602917344 0.15506715506715507 0.10210696920583469
7 0.6916971916971917 0.28282009724473256 0.11477411477411477 0.1539708265802269
7 0.854090354090354 0.055105348460291734 0.10622710622710622 0.09076175040518639
7 0.9658119658119658 0.10210696920583469 0.06715506715506715 0.11993517017828201
11 0.9768009768009768 0.011345218800648298 0.0463980463980464 0.022690437601296597
11 0.9108669108669109 0.31037277147487846 0.0695970695970696 0.08265802269043761
11 0.9835164835164835 0.46029173419773095 0.03296703296703297 0.05834683954619125
11 0.9957264957264957 0.2909238249594814 0.008547008547008548 0.06969205834683954
11 0.6440781440781441 0.44327390599675853 0.050061050061050064 0.08914100486223663
11 0.8235653235653235 0.14910858995137763 0.03663003663003663 0.05348460291734198
11 0.8882783882783882 0.11507293354943274 0.045177045177045176 0.06482982171799027
7 0.6416361416361417 0.273095623987034 0.045177045177045176 0.14748784440842788
11 0.8760683760683761 0.42625607779578606 0.07326007326007326 0.09724473257698542
9 0.12332112332112333 0.7876823338735819 0.07692307692307693 0.055915721231766614
9 0.3125763125763126 0.8095623987034035 0.0989010989010989 0.0640194489465154
8 0.3711843711843712 0.7512155591572123 0.056776556776556776 0.03403565640194489
7 0.9194139194139194 0.7641815235008104 0.033577533577533576 0.06320907617504051
7 0.9224664224664225 0.6855753646677472 0.026251526251526252 0.06482982171799027
7 0.7698412698412699 0.9619124797406807 0.030525030525030524 0.06158833063209076
1 0.7087912087912088 0.646677471636953 0.03907203907203907 0.06807131280388978
1 0.703907203907204 0.7325769854132901 0.031746031746031744 0.051053484602917344