8 0.38143525741029644 0.28023850085178875 0.04758190327613104 0.06899488926746167
11 0.13962558502340094 0.41737649063032367 0.041341653666146644 0.08347529812606473
6 0.13494539781591264 0.022998296422487224 0.038221528861154444 0.04599659284497445
6 0.2121684867394696 0.06047700170357751 0.05538221528861154 0.08773424190800681
6 0.11856474258970359 0.14906303236797275 0.038221528861154444 0.08603066439522998
3 0.06396255850234009 0.4752981260647359 0.05538221528861154 0.09625212947189098
8 0.9734789391575663 0.46507666098807493 0.0530421216848674 0.05792163543441227
8 0.9227769110764431 0.5425894378194208 0.0655226209048362 0.0817717206132879
8 0.4711388455538221 0.2708688245315162 0.06708268330733229 0.06814310051107325
8 0.5054602184087363 0.4463373083475298 0.0421216848673947 0.05792163543441227
8 0.6591263650546022 0.42674616695059625 0.054602184087363496 0.056218057921635436
7 0.9609984399375975 0.28534923339011925 0.056162246489859596 0.06473594548551959
11 0.9110764430577223 0.3287904599659284 0.07644305772230889 0.06643952299829642
11 0.7012480499219969 0.3023850085178876 0.056162246489859596 0.07495741056218058
11 0.5491419656786272 0.25383304940374785 0.062402496099843996 0.07325383304940375
11 0.8619344773790951 0.38841567291311757 0.0452418096723869 0.056218057921635436
11 0.9890795631825273 0.30153321976149916 0.0218408736349454 0.06814310051107325
11 0.9898595943837754 0.393526405451448 0.0202808112324493 0.06473594548551959
8 0.3205928237129485 0.9403747870528109 0.057722308892355696 0.08517887563884156
9 0.1996879875195008 0.8509369676320273 0.1310452418096724 0.13458262350936967
11 0.4095163806552262 0.8160136286201022 0.0390015600624025 0.07495741056218058
7 0.6162246489859594 0.6703577512776832 0.0655226209048362 0.026405451448040886
7 0.6973478939157566 0.7086882453151618 0.08346333853354135 0.03151618398637138
1 0.6872074882995319 0.6831345826235093 0.0358814352574103 0.02129471890971039
1 0.6053042121684867 0.712947189097104 0.029641185647425898 0.018739352640545145
1 0.8939157566302652 0.8603066439522998 0.06396255850234009 0.03236797274275979
11 0.6318252730109204 0.7240204429301533 0.054602184087363496 0.028960817717206135
7 0.5390015600624025 0.7291311754684838 0.0358814352574103 0.017035775127768313