1 0.12545235223160434 0.401453957996769 0.04945717732207479 0.05654281098546042
1 0.3413751507840772 0.38368336025848143 0.04221954161640531 0.05331179321486268
1 0.15379975874547647 0.2495961227786753 0.029553679131483716 0.048465266558966075
1 0.44209891435464416 0.0630048465266559 0.07478890229191798 0.12520193861066237
1 0.36308805790108567 0.03715670436187399 0.04945717732207479 0.07431340872374798
1 0.0548854041013269 0.33360258481421645 0.06574185765983112 0.1074313408723748
1 0.12545235223160434 0.12924071082390953 0.07659831121833534 0.12035541195476575
11 0.26960193003618815 0.13570274636510501 0.09891435464414958 0.1050080775444265
11 0.25271411338962607 0.22617124394184168 0.10615199034981906 0.1381260096930533
11 0.3468033775633293 0.26978998384491115 0.17189384800965019 0.1381260096930533
11 0.19963811821471653 0.2681744749596123 0.06755126658624849 0.0840064620355412
1 0.16103739445114595 0.40387722132471726 0.0367913148371532 0.05088852988691438
11 0.34318455971049455 0.18659127625201938 0.10253317249698432 0.12762520193861066
8 0.8474065138721351 0.3344103392568659 0.09891435464414958 0.10016155088852989
7 0.5603136308805791 0.04119547657512116 0.022919179734620022 0.08239095315024232
1 0.606151990349819 0.1284329563812601 0.05910735826296743 0.06785137318255251
1 0.6839565741857659 0.08723747980613894 0.06272617611580217 0.07431340872374798
5 0.9234016887816646 0.1567043618739903 0.12665862484921592 0.1631663974151858
8 0.6688781664656213 0.16235864297253635 0.04825090470446321 0.05977382875605816
8 0.6284680337756333 0.1825525040387722 0.04825090470446321 0.05815831987075929
8 0.7231604342581424 0.31017770597738287 0.04463208685162847 0.05977382875605816
11 0.6375150784077201 0.030694668820678513 0.08082026537997587 0.061389337641357025
1 0.6827503015681544 0.007269789983844911 0.04342581423401689 0.014539579967689823
1 0.586248492159228 0.20920840064620355 0.030156815440289506 0.03877221324717286
7 0.7358262967430639 0.11389337641357028 0.04825090470446321 0.06785137318255251
7 0.7376357056694813 0.05896607431340872 0.05186972255729795 0.07108239095315025
8 0.1344993968636912 0.5323101777059773 0.047044632086851626 0.06946688206785137
8 0.15259348612786489 0.6066235864297254 0.04463208685162847 0.06623586429725363
8 0.2436670687575392 0.6421647819063004 0.045838359469240045 0.05815831987075929
8 0.2738238841978287 0.5961227786752827 0.047044632086851626 0.06785137318255251
8 0.2575392038600724 0.7512116316639742 0.04101326899879373 0.05815831987075929
8 0.2864897466827503 0.7754442649434572 0.05307599517490953 0.0791599353796446
8 0.21592279855247287 0.5500807754442649 0.04221954161640531 0.051696284329563816
8 0.195416164053076 0.5840064620355412 0.04945717732207479 0.07108239095315025
7 0.3365500603136309 0.45718901453957994 0.05307599517490953 0.05492730210016155
7 0.41133896260554886 0.7197092084006462 0.04463208685162847 0.06623586429725363
7 0.17973462002412546 0.7172859450726979 0.045838359469240045 0.06462035541195477
7 0.34378769601930037 0.9079159935379645 0.04342581423401689 0.06623586429725363
11 0.4505428226779252 0.7310177705977383 0.047044632086851626 0.06623586429725363
11 0.44933655006031364 0.518578352180937 0.03498190591073583 0.050080775444264945
11 0.4378769601930036 0.5856219709208401 0.039806996381182146 0.05331179321486268
11 0.37454764776839566 0.568659127625202 0.04463208685162847 0.06623586429725363
11 0.008443908323281062 0.5290791599353797 0.016887816646562123 0.03715670436187399
11 0.05790108564535585 0.5387722132471728 0.04945717732207479 0.06946688206785137
11 0.025331724969843185 0.7326332794830371 0.05066344993968637 0.07269789983844911
11 0.38600723763570566 0.8465266558966075 0.04221954161640531 0.06785137318255251
11 0.4221954161640531 0.9531502423263328 0.039806996381182146 0.050080775444264945
11 0.45235223160434257 0.8869143780290791 0.04825090470446321 0.0630048465266559
8 0.3100120627261761 0.5250403877221325 0.04463208685162847 0.05815831987075929
7 0.24969843184559712 0.6962843295638126 0.045838359469240045 0.0630048465266559
11 0.2014475271411339 0.6623586429725363 0.047044632086851626 0.0630048465266559
11 0.42460796139927626 0.6833602584814217 0.04825090470446321 0.061389337641357025
7 0.28890229191797345 0.6494345718901454 0.05186972255729795 0.07269789983844911
7 0.3407720144752714 0.5444264943457189 0.06031363088057901 0.07754442649434572
8 0.7895054282267793 0.5121163166397416 0.06875753920386007 0.1098546042003231
11 0.6242460796139928 0.4798061389337641 0.03739445114595899 0.05977382875605816
7 0.9668275030156815 0.5654281098546042 0.06634499396863691 0.10339256865912763
5 0.8685162846803377 0.981421647819063 0.1037394451145959 0.03715670436187399
5 0.8100120627261761 0.9523424878836834 0.07599517490952955 0.09531502423263329
5 0.7376357056694813 0.8570274636510501 0.11097708082026538 0.13408723747980614
5 0.6399276236429433 0.8093699515347335 0.08082026537997587 0.11954765751211632
8 0.876357056694813 0.5177705977382876 0.04825090470446321 0.05815831987075929
8 0.7159227985524729 0.6260096930533118 0.05307599517490953 0.0630048465266559
8 0.5934861278648975 0.6873990306946688 0.04825090470446321 0.06623586429725363
8 0.7949336550060314 0.635702746365105 0.06513872135102533 0.08723747980613894
7 0.7515078407720145 0.6882067851373183 0.05548854041013269 0.06623586429725363
7 0.9119420989143546 0.747172859450727 0.047044632086851626 0.05815831987075929
7 0.8655006031363088 0.7019386106623586 0.04463208685162847 0.05654281098546042
7 0.9650180940892642 0.6930533117932148 0.06996381182147166 0.09046849757673667
7 0.9499396863691194 0.8933764135702746 0.07478890229191798 0.0791599353796446
7 0.8425814234016887 0.8126009693053312 0.06031363088057901 0.07431340872374798
2 0.8214716525934861 0.7609046849757674 0.04101326899879373 0.050080775444264945
7 0.9788902291917974 0.8150242326332795 0.04221954161640531 0.05977382875605816
7 0.8751507840772015 0.7891760904684976 0.047044632086851626 0.06462035541195477