11 0.11842105263157894 0.030694668820678513 0.08791866028708134 0.061389337641357025
11 0.12200956937799043 0.1801292407108239 0.125 0.13166397415185785
11 0.14473684210526316 0.3255250403877221 0.13576555023923445 0.09612277867528271
11 0.22727272727272727 0.265751211631664 0.1118421052631579 0.09369951534733441
11 0.24700956937799043 0.1680129240710824 0.090311004784689 0.11066235864297254
11 0.3307416267942584 0.08239095315024232 0.08791866028708134 0.08239095315024232
7 0.3319377990430622 0.17366720516962844 0.07954545454545454 0.08723747980613894
2 0.6979665071770335 0.3546042003231018 0.180622009569378 0.12762520193861066
9 0.6297846889952153 0.17447495961227788 0.18181818181818182 0.16155088852988692
8 0.6830143540669856 0.2778675282714055 0.11124401913875598 0.09046849757673667
8 0.3618421052631579 0.4991922455573506 0.06818181818181818 0.06623586429725363
8 0.07057416267942583 0.9668820678513732 0.0430622009569378 0.06623586429725363
8 0.11363636363636363 0.7956381260096931 0.04904306220095694 0.08562197092084006
7 0.3427033492822967 0.9321486268174475 0.06339712918660287 0.06785137318255251
7 0.9647129186602871 0.5500807754442649 0.07057416267942583 0.12439418416801293
7 0.9760765550239234 0.7940226171243941 0.04784688995215311 0.12762520193861066
7 0.8229665071770335 0.6647819063004846 0.07535885167464115 0.1470113085621971