11 0.11366459627329192 0.09983361064891846 0.2267080745341615 0.15307820299500832
11 0.23664596273291927 0.27703826955074873 0.1937888198757764 0.2437603993344426
8 0.8875776397515528 0.09900166389351081 0.06583850931677018 0.09983361064891846
8 0.622360248447205 0.3985024958402662 0.05714285714285714 0.021630615640599003
8 0.6484472049689441 0.29201331114808654 0.06086956521739131 0.09151414309484193
7 0.7298136645962733 0.37603993344425957 0.06583850931677018 0.06655574043261231
11 0.631055900621118 0.09234608985024959 0.05217391304347826 0.059900166389351084
9 0.808695652173913 0.1464226289517471 0.07329192546583851 0.17470881863560733
0 0.8552795031055901 0.39933444259567386 0.0782608695652174 0.019966722129783693
0 0.7366459627329193 0.29034941763727123 0.12298136645962733 0.1314475873544093
2 0.36770186335403726 0.8818635607321131 0.06894409937888199 0.045757071547420966
2 0.39316770186335404 0.7603993344425957 0.06521739130434782 0.0524126455906822
2 0.42795031055900623 0.8286189683860233 0.059006211180124224 0.0524126455906822
7 0.15900621118012423 0.7004991680532446 0.07329192546583851 0.0524126455906822
7 0.23478260869565218 0.802828618968386 0.06521739130434782 0.050748752079866885
8 0.19006211180124225 0.6023294509151415 0.05403726708074534 0.04991680532445923
8 0.08757763975155279 0.7354409317803661 0.06521739130434782 0.04658901830282862
9 0.36024844720496896 0.7004991680532446 0.06770186335403727 0.04742096505823627
8 0.7074534161490683 0.43926788685524126 0.04596273291925466 0.05823627287853577
8 0.8832298136645963 0.7978369384359401 0.05962732919254658 0.10815307820299501
8 0.7782608695652173 0.870216306156406 0.04596273291925466 0.08319467554076539
9 0.6633540372670808 0.8477537437603994 0.10434782608695652 0.1314475873544093
11 0.8142857142857143 0.7113144758735441 0.05714285714285714 0.07321131447587355