11 0.150390625 0.2014218009478673 0.051171875 0.09162717219589257
11 0.23125 0.353870458135861 0.0453125 0.06398104265402843
11 0.06484375 0.315955766192733 0.060546875 0.10584518167456557
11 0.124609375 0.2812006319115324 0.040625 0.05924170616113744
11 0.287890625 0.2804107424960506 0.037890625 0.06635071090047394
11 0.23203125 0.2211690363349131 0.055859375 0.09399684044233807
1 0.04375 0.23222748815165878 0.031640625 0.05687203791469194
1 0.175390625 0.36018957345971564 0.0421875 0.07898894154818326
8 0.65234375 0.2132701421800948 0.10390625 0.0750394944707741
8 0.496875 0.02843601895734597 0.071484375 0.05687203791469194
7 0.749609375 0.3080568720379147 0.080078125 0.06714060031595577
11 0.5671875 0.24960505529225907 0.052734375 0.04028436018957346
11 0.5171875 0.21800947867298578 0.044921875 0.03712480252764613
11 0.56171875 0.3570300157977883 0.051171875 0.04186413902053712
11 0.5578125 0.2725118483412322 0.038671875 0.0315955766192733
10 0.150390625 0.6129541864139021 0.09765625 0.17851500789889416
7 0.862109375 0.9170616113744076 0.068359375 0.08530805687203792
7 0.57890625 0.6563981042654028 0.076953125 0.0947867298578199
7 0.69140625 0.7630331753554502 0.066015625 0.09083728278041074
11 0.388671875 0.8080568720379147 0.041796875 0.05687203791469194
1 0.587890625 0.42496050552922593 0.03671875 0.05055292259083728
11 0.921875 0.8625592417061612 0.044140625 0.08530805687203792
0 0.801171875 0.8214849921011058 0.054296875 0.0750394944707741
0 0.654296875 0.6729857819905213 0.060546875 0.08135860979462875