11 0.10899873257287707 0.21021611001964635 0.051330798479087454 0.060903732809430254
11 0.07351077313054499 0.05009823182711198 0.058935361216730035 0.06385068762278978
11 0.33396704689480355 0.3487229862475442 0.09062103929024082 0.06385068762278978
11 0.0944233206590621 0.3231827111984283 0.09759188846641319 0.07367387033398821
11 0.30798479087452474 0.03339882121807466 0.08048162230671736 0.06581532416502947
11 0.26552598225602025 0.2387033398821218 0.053865652724968315 0.055992141453831044
3 0.9581749049429658 0.38605108055009824 0.08365019011406843 0.08840864440078586
3 0.8003802281368821 0.462671905697446 0.06717363751584284 0.09233791748526522
3 0.9664131812420785 0.4636542239685658 0.04055766793409379 0.07662082514734773
3 0.8973384030418251 0.4204322200392927 0.03802281368821293 0.05108055009823183
11 0.7275031685678074 0.4066797642436149 0.03802281368821293 0.06483300589390963
11 0.7902408111533586 0.3369351669941061 0.057034220532319393 0.06483300589390963
11 0.8561470215462611 0.49803536345776034 0.026615969581749048 0.021611001964636542
11 0.8339670468948035 0.224950884086444 0.04055766793409379 0.05893909626719057
11 0.7484157160963245 0.2554027504911591 0.026615969581749048 0.043222003929273084
3 0.9315589353612167 0.2043222003929273 0.08998732572877059 0.10805500982318271
3 0.7002534854245881 0.43222003929273084 0.10266159695817491 0.09037328094302555
11 0.8814955640050697 0.13654223968565815 0.048162230671736375 0.068762278978389
11 0.8833967046894804 0.34970530451866405 0.036755386565272496 0.0550098231827112
11 0.7642585551330798 0.4774066797642436 0.048162230671736375 0.06286836935166994
7 0.29594423320659063 0.9803536345776032 0.07984790874524715 0.03929273084479371
1 0.21989860583016477 0.9715127701375246 0.036755386565272496 0.05697445972495088
1 0.27566539923954375 0.7897838899803536 0.051964512040557666 0.08840864440078586
1 0.3193916349809886 0.7337917485265226 0.034220532319391636 0.07858546168958742
11 0.37072243346007605 0.9037328094302554 0.022813688212927757 0.07465618860510806
11 0.34220532319391633 0.9194499017681729 0.034220532319391636 0.0550098231827112
11 0.30671736375158426 0.5383104125736738 0.045627376425855515 0.05893909626719057
11 0.21989860583016477 0.9056974459724951 0.03802281368821293 0.08055009823182711
6 0.5874524714828897 0.7966601178781926 0.050697084917617236 0.0825147347740668