11 0.11219512195121951 0.37295825771324864 0.10365853658536585 0.07078039927404718
11 0.15914634146341464 0.22050816696914702 0.14268292682926828 0.11705989110707804
11 0.22682926829268293 0.08348457350272233 0.1676829268292683 0.07985480943738657
11 0.3195121951219512 0.15335753176043557 0.13597560975609757 0.07985480943738657
11 0.32134146341463415 0.25045372050816694 0.1 0.10072595281306715
11 0.4091463414634146 0.3448275862068966 0.1 0.07078039927404718
7 0.43414634146341463 0.25680580762250454 0.09268292682926829 0.0780399274047187
11 0.7518292682926829 0.27223230490018147 0.09146341463414634 0.06896551724137931
11 0.8195121951219512 0.16878402903811252 0.04878048780487805 0.08892921960072596
11 0.624390243902439 0.3929219600725953 0.03414634146341464 0.030852994555353903
11 0.9768292682926829 0.3892921960072595 0.046341463414634146 0.038112522686025406
11 0.9792682926829268 0.05989110707803993 0.041463414634146344 0.11978221415607986
8 0.7615853658536585 0.10526315789473684 0.045121951219512194 0.06352087114337568
8 0.6725609756097561 0.08257713248638839 0.046341463414634146 0.0852994555353902
7 0.8640243902439024 0.09618874773139746 0.0475609756097561 0.07441016333938294
6 0.2475609756097561 0.7477313974591652 0.04390243902439024 0.06533575317604355
6 0.3646341463414634 0.705989110707804 0.04878048780487805 0.041742286751361164
6 0.18658536585365854 0.7958257713248639 0.04878048780487805 0.07622504537205081
6 0.10609756097560975 0.6234119782214156 0.05609756097560976 0.047186932849364795
6 0.08170731707317073 0.7604355716878403 0.09146341463414634 0.10344827586206896
6 0.05731707317073171 0.6878402903811253 0.06097560975609756 0.047186932849364795
10 0.1719512195121951 0.6733212341197822 0.1378048780487805 0.07441016333938294
10 0.31158536585365854 0.794010889292196 0.05731707317073171 0.0852994555353902
10 0.2146341463414634 0.8711433756805808 0.10121951219512196 0.09618874773139746
6 0.7030487804878048 0.8330308529945554 0.2658536585365854 0.13793103448275862
6 0.927439024390244 0.7486388384754991 0.14512195121951219 0.12522686025408347
6 0.8091463414634147 0.9754990925589837 0.16951219512195123 0.04900181488203267
6 0.9420731707317073 0.852087114337568 0.11585365853658537 0.1397459165154265
6 0.8152439024390243 0.8929219600725953 0.17560975609756097 0.12341197822141561