8 0.22530864197530864 0.1936813186813187 0.13695987654320987 0.059065934065934064
9 0.04436728395061729 0.09752747252747253 0.08834876543209877 0.07692307692307693
7 0.13271604938271606 0.3001373626373626 0.10455246913580248 0.036401098901098904
7 0.2334104938271605 0.12362637362637363 0.1087962962962963 0.06318681318681318
9 0.10455246913580248 0.14423076923076922 0.1246141975308642 0.0673076923076923
1 0.9274691358024691 0.2184065934065934 0.05324074074074074 0.09478021978021978
1 0.9301697530864198 0.29464285714285715 0.06095679012345679 0.04807692307692308
1 0.8838734567901234 0.29532967032967034 0.05324074074074074 0.046703296703296704
1 0.8109567901234568 0.2644230769230769 0.06172839506172839 0.10851648351648352
1 0.8699845679012346 0.23351648351648352 0.0763888888888889 0.11950549450549451
1 0.8194444444444444 0.16071428571428573 0.08333333333333333 0.11950549450549451
1 0.7658179012345679 0.27197802197802196 0.05015432098765432 0.09340659340659341
1 0.9729938271604939 0.17994505494505494 0.05401234567901234 0.11263736263736264
1 0.9772376543209876 0.28365384615384615 0.04552469135802469 0.07005494505494506
3 0.49459876543209874 0.6627747252747253 0.09915123456790123 0.16414835164835165
3 0.4486882716049383 0.3866758241758242 0.11419753086419752 0.13598901098901098
3 0.5802469135802469 0.6002747252747253 0.06944444444444445 0.15384615384615385
8 0.7183641975308642 0.9567307692307693 0.07407407407407407 0.08653846153846154
8 0.6643518518518519 0.5975274725274725 0.04938271604938271 0.17857142857142858
8 0.6786265432098766 0.896978021978022 0.0779320987654321 0.20604395604395603