11 0.05102040816326531 0.31701444622792935 0.07623049219687875 0.13723916532905298
11 0.14345738295318128 0.0898876404494382 0.07623049219687875 0.12921348314606743
11 0.28331332533013204 0.31059390048154095 0.06062424969987995 0.11396468699839486
11 0.2755102040816326 0.2102728731942215 0.07322929171668667 0.11637239165329052
11 0.336734693877551 0.34831460674157305 0.04441776710684274 0.12680577849117175
9 0.1602641056422569 0.35152487961476725 0.06842737094837935 0.1476725521669342
11 0.4531812725090036 0.20786516853932585 0.06602641056422569 0.07142857142857142
11 0.4531812725090036 0.13162118780096307 0.06782713085234093 0.0521669341894061
11 0.4651860744297719 0.08346709470304976 0.08043217286914765 0.06581059390048154
11 0.5762304921968787 0.038523274478330656 0.09423769507803122 0.06741573033707865
11 0.5864345738295318 0.21348314606741572 0.05582232893157263 0.07142857142857142
5 0.734093637454982 0.7600321027287319 0.12244897959183673 0.16853932584269662
5 0.6452581032412965 0.6556982343499197 0.11644657863145258 0.1332263242375602
5 0.9105642256902761 0.7640449438202247 0.17406962785114047 0.24077046548956663
5 0.6182472989195679 0.7873194221508828 0.16566626650660263 0.2664526484751204
5 0.38535414165666265 0.6717495987158909 0.05282112845138055 0.1492776886035313
1 0.8277310924369747 0.8322632423756019 0.03841536614645858 0.03691813804173355
1 0.6422569027611045 0.9670947030497592 0.05042016806722689 0.06420545746388442
1 0.9777911164465787 0.7367576243980738 0.03961584633853541 0.0593900481540931