1 0.34232954545454547 0.2561436672967864 0.045454545454545456 0.05954631379962193
1 0.41264204545454547 0.166351606805293 0.05894886363636364 0.0661625708884688
11 0.31889204545454547 0.035916824196597356 0.08096590909090909 0.06899810964083176
1 0.21448863636363635 0.29111531190926276 0.06889204545454546 0.07372400756143667
1 0.30610795454545453 0.3601134215500945 0.08451704545454546 0.09357277882797732
11 0.3103693181818182 0.2060491493383743 0.04758522727272727 0.06899810964083176
10 0.18607954545454544 0.3676748582230624 0.05894886363636364 0.10113421550094517
10 0.6619318181818182 0.3809073724007561 0.22585227272727273 0.1899810964083176
10 0.6697443181818182 0.2826086956521739 0.10653409090909091 0.09735349716446125
10 0.7876420454545454 0.2674858223062382 0.14275568181818182 0.11720226843100189
6 0.8423295454545454 0.22684310018903592 0.07315340909090909 0.07277882797731569
6 0.8686079545454546 0.3591682419659735 0.061079545454545456 0.07844990548204159
3 0.4005681818181818 0.9102079395085066 0.21875 0.17958412098298676
3 0.45454545454545453 0.7296786389413988 0.11079545454545454 0.2722117202268431
3 0.3934659090909091 0.5879017013232514 0.1278409090909091 0.21928166351606806
3 0.47514204545454547 0.5500945179584121 0.06960227272727272 0.14366729678638943
3 0.32457386363636365 0.8128544423440454 0.12215909090909091 0.2533081285444234
11 0.2919034090909091 0.6294896030245747 0.04971590909090909 0.0661625708884688
11 0.2507102272727273 0.5217391304347826 0.048295454545454544 0.06049149338374291
11 0.609375 0.6294896030245747 0.1015625 0.11909262759924386
11 0.8288352272727273 0.5671077504725898 0.09943181818181818 0.11247637051039698
11 0.8536931818181818 0.8506616257088847 0.08025568181818182 0.09829867674858223
11 0.8991477272727273 0.775047258979206 0.09730113636363637 0.1001890359168242
11 0.8948863636363636 0.9347826086956522 0.07599431818181818 0.11247637051039698
9 0.7052556818181818 0.7589792060491494 0.08877840909090909 0.13137996219281664