1 0.22135416666666666 0.12018348623853212 0.0546875 0.028440366972477066
1 0.14322916666666666 0.06972477064220184 0.07378472222222222 0.029357798165137616
11 0.2821180555555556 0.013761467889908258 0.10590277777777778 0.027522935779816515
1 0.3854166666666667 0.14770642201834863 0.08680555555555555 0.03211009174311927
1 0.2543402777777778 0.1743119266055046 0.1076388888888889 0.04220183486238532
11 0.2708333333333333 0.0981651376146789 0.0546875 0.03302752293577982
10 0.4105902777777778 0.1889908256880734 0.0685763888888889 0.04954128440366973
8 0.9184027777777778 0.024770642201834864 0.04513888888888889 0.04954128440366973
7 0.7838541666666666 0.045871559633027525 0.06597222222222222 0.07889908256880734
7 0.8428819444444444 0.026605504587155965 0.06076388888888889 0.05321100917431193
9 0.15104166666666666 0.5229357798165137 0.1284722222222222 0.12110091743119267
9 0.4904513888888889 0.7073394495412844 0.1284722222222222 0.13577981651376148
9 0.3012152777777778 0.4651376146788991 0.109375 0.11926605504587157
7 0.07552083333333333 0.3394495412844037 0.08854166666666667 0.08807339449541285
7 0.3194444444444444 0.3192660550458716 0.1076388888888889 0.07155963302752294
8 0.5269097222222222 0.5045871559633027 0.0642361111111111 0.10275229357798166
9 0.6935763888888888 0.5504587155963303 0.029513888888888888 0.08807339449541285
9 0.7369791666666666 0.43669724770642204 0.11631944444444445 0.13577981651376148
9 0.8515625 0.8706422018348624 0.11979166666666667 0.1724770642201835
9 0.7734375 0.5926605504587156 0.1111111111111111 0.09357798165137615
8 0.8993055555555556 0.4889908256880734 0.08333333333333333 0.09174311926605505