11 0.5816666666666667 0.3288888888888889 0.07666666666666666 0.09555555555555556
11 0.43666666666666665 0.19777777777777777 0.21333333333333335 0.14888888888888888
11 0.25166666666666665 0.09111111111111111 0.21333333333333335 0.11777777777777777
11 0.22166666666666668 0.19111111111111112 0.18166666666666667 0.1111111111111111
11 0.30666666666666664 0.28444444444444444 0.16166666666666665 0.12
11 0.3 0.4022222222222222 0.14666666666666667 0.09333333333333334
7 0.20166666666666666 0.33111111111111113 0.13666666666666666 0.09777777777777778
3 0.6516666666666666 0.3088888888888889 0.06333333333333334 0.23555555555555555
0 0.3433333333333333 0.9155555555555556 0.18666666666666668 0.1688888888888889
7 0.17 0.8666666666666667 0.08666666666666667 0.1111111111111111
7 0.44166666666666665 0.8622222222222222 0.10333333333333333 0.13777777777777778
7 0.165 0.9555555555555556 0.13 0.08888888888888889
1 0.6416666666666667 0.6044444444444445 0.043333333333333335 0.18666666666666668
1 0.7866666666666666 0.7533333333333333 0.12 0.18222222222222223
1 0.71 0.8688888888888889 0.11666666666666667 0.18666666666666668