11 0.1145710928319624 0.37765089722675366 0.20799059929494712 0.16068515497553018
11 0.2109283196239718 0.15905383360522024 0.15276145710928318 0.2765089722675367
7 0.9459459459459459 0.4233278955954323 0.07050528789659224 0.11256117455138662
7 0.763219741480611 0.0734094616639478 0.0963572267920094 0.13376835236541598
7 0.8672150411280846 0.466557911908646 0.07520564042303172 0.026101141924959218
0 0.7309048178613397 0.2724306688417618 0.15041128084606345 0.18760195758564438
11 0.5511163337250293 0.19820554649265906 0.06345475910693302 0.0864600326264274
3 0.44242068155111636 0.933931484502447 0.0881316098707403 0.13213703099510604
3 0.37309048178613397 0.9437194127243067 0.038777908343125736 0.11256117455138662
3 0.47238542890716806 0.6827079934747146 0.09400705052878966 0.11256117455138662
3 0.1398354876615746 0.5212071778140294 0.15746180963572268 0.08319738988580751
3 0.3219741480611046 0.531810766721044 0.06110458284371328 0.10440456769983687
3 0.2720329024676851 0.8523654159869495 0.172737955346651 0.23164763458401305
3 0.15334900117508812 0.8401305057096248 0.07873090481786134 0.1729200652528548
3 0.28319623971797886 0.6574225122349103 0.25616921269095183 0.1598694942903752
3 0.020564042303172738 0.5367047308319739 0.041128084606345476 0.09787928221859707
7 0.690951821386604 0.8703099510603589 0.043478260869565216 0.06199021207177814
7 0.6891891891891891 0.7830342577487766 0.04465334900117509 0.07177814029363784
7 0.5969447708578144 0.8238172920065253 0.04465334900117509 0.053833605220228384
7 0.690951821386604 0.5538336052202284 0.0399529964747356 0.04730831973898858
7 0.7314923619271445 0.4926590538336052 0.08108108108108109 0.026101141924959218
11 0.8061104582843713 0.5383360522022839 0.02702702702702703 0.04241435562805873
11 0.7015276145710928 0.7079934747145188 0.02702702702702703 0.03915171288743882
11 0.7485311398354877 0.7283849918433931 0.038777908343125736 0.06199021207177814
11 0.7314923619271445 0.9184339314845025 0.036427732079905996 0.053833605220228384
11 0.5528789659224442 0.5636215334420881 0.05170387779083431 0.06851549755301795
7 0.6786133960047004 0.5154975530179445 0.03525264394829612 0.048939641109298535