6 0.06684027777777778 0.28621659634317864 0.13368055555555555 0.06047819971870605
6 0.1987847222222222 0.14486638537271448 0.0859375 0.06469760900140648
6 0.20399305555555555 0.08931082981715893 0.13020833333333334 0.06047819971870605
6 0.125 0.22644163150492264 0.050347222222222224 0.03375527426160337
6 0.06597222222222222 0.2039381153305204 0.0546875 0.046413502109704644
6 0.3359375 0.10829817158931083 0.06684027777777778 0.06469760900140648
6 0.3541666666666667 0.19057665260196907 0.050347222222222224 0.0450070323488045
6 0.2326388888888889 0.24472573839662448 0.041666666666666664 0.029535864978902954
6 0.3333333333333333 0.22433192686357242 0.08854166666666667 0.05555555555555555
7 0.6276041666666666 0.02180028129395218 0.0920138888888889 0.04360056258790436
7 0.8706597222222222 0.29043600562587907 0.059027777777777776 0.05625879043600562
7 0.6692708333333334 0.1258790436005626 0.04513888888888889 0.03656821378340366
7 0.6336805555555556 0.16947960618846694 0.03993055555555555 0.035161744022503515
7 0.5564236111111112 0.19971870604781997 0.06076388888888889 0.052039381153305204
7 0.8480902777777778 0.07454289732770746 0.057291666666666664 0.04219409282700422
7 0.8107638888888888 0.21026722925457103 0.052083333333333336 0.040787623066104076
7 0.5321180555555556 0.1518987341772152 0.059027777777777776 0.05063291139240506
9 0.3897569444444444 0.6673699015471167 0.08680555555555555 0.06329113924050633
9 0.3081597222222222 0.5843881856540084 0.1111111111111111 0.09845288326300984
9 0.2230902777777778 0.9226441631504922 0.1111111111111111 0.1279887482419128
9 0.2829861111111111 0.7060478199718706 0.1076388888888889 0.06751054852320675
8 0.1501736111111111 0.6329113924050633 0.0798611111111111 0.06751054852320675
8 0.4253472222222222 0.6181434599156118 0.0625 0.06188466947960619
7 0.9487847222222222 0.6786216596343179 0.10243055555555555 0.08860759493670886
7 0.96875 0.9507735583684951 0.0625 0.0759493670886076
7 0.7473958333333334 0.6835443037974683 0.18055555555555555 0.15330520393811534
5 0.7960069444444444 0.45218002812939523 0.359375 0.20675105485232068
5 0.6024305555555556 0.5717299578059072 0.08680555555555555 0.09985935302390998
5 0.5147569444444444 0.4880450070323488 0.078125 0.05063291139240506
5 0.5460069444444444 0.4247538677918425 0.1076388888888889 0.0829817158931083
11 0.8975694444444444 0.919831223628692 0.07118055555555555 0.07032348804500703