11 0.2940267765190525 0.39701338825952626 0.04042224510813594 0.04840370751802266
11 0.14752832131822863 0.31462409886714726 0.03398558187435633 0.055612770339855816
11 0.3385684860968074 0.052008238928939236 0.10401647785787847 0.08470648815653965
11 0.46189495365602473 0.29170957775489187 0.0509783728115345 0.082389289392379
11 0.371524201853759 0.41503604531410915 0.04891864057672503 0.036302780638516996
11 0.07852729145211122 0.18022657054582905 0.07646755921730175 0.10169927909371781
11 0.16889804325437693 0.17662203913491245 0.04248197734294542 0.07981462409886715
11 0.11251287332646756 0.2808959835221421 0.02548918640576725 0.055612770339855816
1 0.33007209062821835 0.154994850669413 0.04660144181256436 0.07028836251287332
1 0.22708547888774458 0.1840885684860968 0.0509783728115345 0.046086508753862
11 0.3694644696189495 0.3583934088568486 0.0296086508753862 0.06282183316168898
11 0.33007209062821835 0.3861997940267765 0.02548918640576725 0.03141091658084449
11 0.420442842430484 0.407826982492276 0.027548918640576726 0.02909371781668383
11 0.420442842430484 0.3218331616889804 0.03192584963954686 0.03141091658084449
8 0.8465499485066942 0.45494335736354274 0.05664263645726056 0.029351184346035016
8 0.6995365602471678 0.019309989701338827 0.0674562306900103 0.038619979402677654
9 0.9629248197734295 0.01596292481977343 0.07415036045314109 0.03192584963954686
7 0.5661688980432544 0.052008238928939236 0.03244078269824923 0.10401647785787847
7 0.8717816683831102 0.013130792996910402 0.09268795056642637 0.026261585993820804
4 0.240216271884655 0.685633367662204 0.05509783728115345 0.08625128733264675
8 0.8012358393408857 0.8792481977342945 0.022914521112255407 0.04454170957775489
8 0.759783728115345 0.6570545829042225 0.017507723995880537 0.03012358393408857
8 0.8200308959835222 0.7783213182286303 0.014675592173017508 0.047631307929969106
11 0.7906797116374872 0.8187435633367662 0.015705458290422244 0.04454170957775489
9 0.807157569515963 0.7088053553038105 0.024716786817713696 0.04660144181256436
0 0.8416580844490217 0.6073635427394438 0.01879505664263646 0.03836251287332647
0 0.7453656024716787 0.6037590113285273 0.027548918640576726 0.032183316168898045
1 0.7935118434603502 0.5792996910401648 0.02059732234809475 0.03424304840370752