11 0.094140625 0.13716295427901523 0.09765625 0.10082063305978899
11 0.309765625 0.07356389214536929 0.09765625 0.09261430246189918
11 0.348828125 0.3156506447831184 0.078125 0.08264947245017586
11 0.39140625 0.24912075029308323 0.0953125 0.0847010550996483
11 0.393359375 0.38599062133645956 0.071484375 0.09466588511137163
9 0.19609375 0.24384525205158264 0.084375 0.11078546307151231
8 0.710546875 0.4111957796014068 0.06015625 0.05744431418522861
8 0.770703125 0.4026963657678781 0.0453125 0.06359906213364595
8 0.779296875 0.28839390386869873 0.03984375 0.05158264947245018
8 0.802734375 0.20310668229777257 0.04609375 0.05041031652989449
8 0.7859375 0.15562719812426729 0.04140625 0.05363423212192263
8 0.648828125 0.16354044548651817 0.057421875 0.06565064478311841
8 0.732421875 0.10463071512309496 0.04453125 0.04044548651817116
11 0.50078125 0.31535756154747946 0.021875 0.053927315357561546
11 0.701953125 0.011137162954279016 0.032421875 0.022274325908558032
11 0.801953125 0.30158264947245017 0.037890625 0.03751465416178194
11 0.889453125 0.27784290738569756 0.040625 0.05568581477139507
11 0.723046875 0.14302461899179367 0.04140625 0.045427901524032824
7 0.905859375 0.4413833528722157 0.0515625 0.01611957796014068
2 0.64921875 0.03487690504103165 0.0359375 0.03341148886283705
8 0.740625 0.06477139507620164 0.05 0.05246189917936694
7 0.2453125 0.6541617819460727 0.1671875 0.21570926143024619
11 0.553125 0.49413833528722156 0.1265625 0.08909730363423213
11 0.568359375 0.8045134818288394 0.15703125 0.09437280187573271