11 0.18607954545454544 0.2381852551984877 0.061079545454545456 0.09829867674858223
11 0.040482954545454544 0.43950850661625707 0.04403409090909091 0.10680529300567108
11 0.11079545454545454 0.43950850661625707 0.04261363636363636 0.08506616257088846
11 0.1669034090909091 0.4659735349716446 0.04261363636363636 0.09829867674858223
11 0.23011363636363635 0.29678638941398866 0.04261363636363636 0.0888468809073724
11 0.06747159090909091 0.22306238185255198 0.04616477272727273 0.0888468809073724
11 0.08664772727272728 0.28544423440453687 0.04758522727272727 0.09829867674858223
11 0.109375 0.6285444234404537 0.04261363636363636 0.062381852551984876
11 0.8515625 0.3676748582230624 0.07599431818181818 0.08223062381852551
11 0.9240056818181818 0.5708884688090737 0.08948863636363637 0.0888468809073724
11 0.5149147727272727 0.22117202268431002 0.13139204545454544 0.09546313799621928
11 0.8565340909090909 0.21928166351606806 0.14488636363636365 0.10869565217391304
11 0.5944602272727273 0.6181474480151229 0.12073863636363637 0.08223062381852551
11 0.6271306818181818 0.35255198487712663 0.07954545454545454 0.07939508506616257
7 0.08025568181818182 0.9111531190926276 0.14630681818181818 0.1776937618147448
3 0.7151988636363636 0.8544423440453687 0.22585227272727273 0.28544423440453687
3 0.6157670454545454 0.9376181474480151 0.10653409090909091 0.12476370510396975