11 0.1952479338842975 0.2206405693950178 0.05785123966942149 0.06494661921708185
11 0.16115702479338842 0.3300711743772242 0.0506198347107438 0.0800711743772242
11 0.20144628099173553 0.4501779359430605 0.13739669421487602 0.11743772241992882
11 0.3305785123966942 0.44395017793594305 0.09607438016528926 0.10142348754448399
11 0.39669421487603307 0.3211743772241993 0.0743801652892562 0.10498220640569395
11 0.2944214876033058 0.03558718861209965 0.10640495867768596 0.0711743772241993
7 0.29545454545454547 0.2188612099644128 0.07231404958677685 0.09519572953736655
11 0.5578512396694215 0.3701067615658363 0.05785123966942149 0.0498220640569395
11 0.640495867768595 0.1903914590747331 0.049586776859504134 0.046263345195729534
11 0.6663223140495868 0.07028469750889679 0.06818181818181818 0.033807829181494664
11 0.5671487603305785 0.03291814946619217 0.045454545454545456 0.046263345195729534
7 0.49483471074380164 0.02491103202846975 0.08471074380165289 0.0498220640569395
7 0.1322314049586777 0.5169039145907474 0.0743801652892562 0.01601423487544484
7 0.12913223140495866 0.5871886120996441 0.07644628099173553 0.07651245551601424
7 0.12603305785123967 0.8371886120996441 0.06818181818181818 0.0498220640569395
7 0.1952479338842975 0.9234875444839857 0.14256198347107438 0.06405693950177936
11 0.024793388429752067 0.9314946619217082 0.049586776859504134 0.04092526690391459
11 0.3285123966942149 0.8567615658362989 0.045454545454545456 0.046263345195729534
11 0.14772727272727273 0.6690391459074733 0.045454545454545456 0.042704626334519574
11 0.23140495867768596 0.6485765124555161 0.06611570247933884 0.06761565836298933
7 0.10433884297520661 0.8781138790035588 0.06198347107438017 0.05338078291814947
7 0.9762396694214877 0.8665480427046264 0.047520661157024795 0.08185053380782918
7 0.7985537190082644 0.9795373665480427 0.08057851239669421 0.04092526690391459
8 0.8388429752066116 0.8709964412811388 0.05991735537190083 0.05338078291814947
8 0.8946280991735537 0.9110320284697508 0.06198347107438017 0.06405693950177936
8 0.5888429752066116 0.6058718861209964 0.08057851239669421 0.0693950177935943
11 0.7706611570247934 0.7811387900355872 0.05578512396694215 0.07473309608540925
11 0.9576446280991735 0.5293594306049823 0.06818181818181818 0.04092526690391459
11 0.9049586776859504 0.5845195729537367 0.05371900826446281 0.051601423487544484