11 0.1189358372456964 0.16666666666666666 0.06416275430359937 0.04838709677419355
11 0.054773082942097026 0.05555555555555555 0.07276995305164319 0.05197132616487455
11 0.3951486697965571 0.24283154121863798 0.10876369327073553 0.05555555555555555
11 0.1189358372456964 0.25 0.11737089201877934 0.06272401433691756
11 0.31846635367762127 0.023297491039426525 0.10093896713615023 0.04659498207885305
11 0.30203442879499215 0.17204301075268819 0.06729264475743349 0.04390681003584229
8 0.8176838810641628 0.35304659498207885 0.054773082942097026 0.03225806451612903
8 0.8341158059467919 0.16577060931899643 0.04381846635367762 0.04838709677419355
2 0.6854460093896714 0.10215053763440861 0.056338028169014086 0.05913978494623656
7 0.8262910798122066 0.25089605734767023 0.048513302034428794 0.05555555555555555
7 0.86697965571205 0.10752688172043011 0.03912363067292645 0.05017921146953405
7 0.9413145539906104 0.21057347670250895 0.04381846635367762 0.05734767025089606
9 0.784037558685446 0.2777777777777778 0.06103286384976526 0.08602150537634409
9 0.837245696400626 0.3064516129032258 0.050078247261345854 0.06093189964157706
8 0.8568075117370892 0.1424731182795699 0.04225352112676056 0.04838709677419355
7 0.7871674491392802 0.12186379928315412 0.03442879499217527 0.03763440860215054
7 0.8959311424100157 0.24014336917562723 0.04225352112676056 0.05197132616487455
7 0.7386541471048513 0.17114695340501793 0.03755868544600939 0.043010752688172046
7 0.9061032863849765 0.12634408602150538 0.046948356807511735 0.053763440860215055
1 0.09780907668231612 0.850358422939068 0.06416275430359937 0.06989247311827956
4 0.45305164319248825 0.7078853046594982 0.07198748043818466 0.07885304659498207
4 0.41471048513302033 0.8028673835125448 0.053208137715179966 0.05734767025089606
4 0.3333333333333333 0.8028673835125448 0.07042253521126761 0.0931899641577061
4 0.49061032863849763 0.7087813620071685 0.048513302034428794 0.07347670250896057
4 0.31690140845070425 0.5295698924731183 0.08607198748043818 0.08422939068100359
8 0.5406885758998435 0.4121863799283154 0.03599374021909233 0.06451612903225806
8 0.539906103286385 0.5421146953405018 0.03755868544600939 0.08781362007168458
8 0.07355242566510173 0.7553763440860215 0.054773082942097026 0.053763440860215055
8 0.24804381846635368 0.40860215053763443 0.07668231611893583 0.07885304659498207
11 0.11971830985915492 0.7759856630824373 0.0406885758998435 0.05017921146953405
11 0.03599374021909233 0.7912186379928315 0.07042253521126761 0.06451612903225806
11 0.08841940532081377 0.7956989247311828 0.048513302034428794 0.05197132616487455
11 0.24726134585289514 0.8055555555555556 0.050078247261345854 0.05017921146953405
1 0.7128325508607198 0.9229390681003584 0.10172143974960876 0.12544802867383512
1 0.5938967136150235 0.9489247311827957 0.07042253521126761 0.10215053763440861
1 0.7425665101721439 0.8306451612903226 0.1298904538341158 0.12544802867383512
1 0.8098591549295775 0.7526881720430108 0.1267605633802817 0.13799283154121864
1 0.6283255086071987 0.8790322580645161 0.13928012519561817 0.1917562724014337