6 0.07084019769357495 0.7053030303030303 0.1416803953871499 0.16818181818181818
6 0.2273476112026359 0.3643939393939394 0.10461285008237232 0.1734848484848485
6 0.2397034596375618 0.22424242424242424 0.1515650741350906 0.16893939393939394
6 0.13673805601317957 0.5606060606060606 0.05930807248764415 0.09015151515151515
6 0.07248764415156507 0.49772727272727274 0.06672158154859967 0.12196969696969696
6 0.38632619439868204 0.28939393939393937 0.08072487644151564 0.16893939393939394
6 0.3986820428336079 0.5015151515151515 0.06177924217462932 0.12196969696969696
6 0.25370675453047775 0.6234848484848485 0.04942339373970346 0.07878787878787878
6 0.3698517298187809 0.5840909090909091 0.10461285008237232 0.14924242424242423
2 0.9489291598023064 0.41818181818181815 0.10214168039538715 0.10606060606060606
9 0.7693574958813838 0.8537878787878788 0.12520593080724876 0.07121212121212121
9 0.929159802306425 0.5295454545454545 0.09555189456342669 0.11666666666666667
9 0.5411861614497528 0.6295454545454545 0.02471169686985173 0.07727272727272727
9 0.6614497528830313 0.43333333333333335 0.10049423393739704 0.07575757575757576
11 0.7100494233937397 0.5681818181818182 0.07907742998352553 0.051515151515151514
11 0.814662273476112 0.5825757575757575 0.051070840197693576 0.05757575757575758
11 0.6252059308072487 0.08787878787878788 0.06919275123558484 0.09393939393939393
8 0.5930807248764415 0.7825757575757576 0.10378912685337727 0.11515151515151516
7 0.642504118616145 0.9651515151515152 0.05601317957166392 0.0696969696969697
11 0.5757825370675453 0.9863636363636363 0.047775947281713346 0.02727272727272727