11 0.06062767475035663 0.12114014251781473 0.06348074179743224 0.07007125890736342
11 0.20827389443651925 0.0498812351543943 0.06348074179743224 0.06413301662707839
11 0.26676176890156916 0.22565320665083136 0.049215406562054205 0.05819477434679335
11 0.2888730385164051 0.17220902612826602 0.06348074179743224 0.055819477434679333
11 0.30813124108416545 0.27434679334916867 0.042796005706134094 0.0688836104513064
9 0.14693295292439373 0.19002375296912113 0.05064194008559201 0.08076009501187649
8 0.7767475035663338 0.1508313539192399 0.07560627674750357 0.03800475059382423
7 0.9322396576319544 0.0831353919239905 0.09557774607703282 0.057007125890736345
7 0.8231098430813124 0.047505938242280284 0.07703281027104136 0.04156769596199525
11 0.5848787446504993 0.00831353919239905 0.04850213980028531 0.0166270783847981
11 0.6048502139800286 0.048693586698337295 0.043509272467902996 0.019002375296912115
7 0.1405135520684736 0.8242280285035629 0.052781740370898715 0.10688836104513064
7 0.2303851640513552 0.7434679334916865 0.07845934379457917 0.10926365795724466
7 0.2760342368045649 0.8408551068883611 0.05991440798858773 0.09263657957244656
7 0.2332382310984308 0.6318289786223278 0.05563480741797432 0.0855106888361045
7 0.2239657631954351 0.5451306413301663 0.06276747503566334 0.10451306413301663
1 0.3666191155492154 0.7185273159144893 0.014265335235378032 0.08788598574821853
1 0.3673323823109843 0.5771971496437055 0.015691868758915834 0.0997624703087886
11 0.7054208273894437 0.7090261282660333 0.05991440798858773 0.09026128266033254
7 0.47289586305278175 0.49049881235154397 0.0898716119828816 0.1187648456057007
7 0.7710413694721826 0.6247030878859857 0.05848787446504993 0.07838479809976247
0 0.9821683309557775 0.8800475059382423 0.03566333808844508 0.14489311163895488