11 0.2705 0.4160419790104948 0.038 0.06446776611694154
11 0.143 0.40104947526236884 0.0365 0.06971514242878561
11 0.214 0.05247376311844078 0.093 0.10419790104947527
11 0.3655 0.23013493253373313 0.055 0.10419790104947527
11 0.331 0.3980509745127436 0.043 0.05622188905547226
11 0.059 0.29535232383808097 0.078 0.13343328335832083
11 0.123 0.25112443778110943 0.048 0.09895052473763119
11 0.1085 0.3823088455772114 0.03 0.06671664167916042
1 0.235 0.15142428785607195 0.048 0.08845577211394302
1 0.1675 0.23013493253373313 0.0465 0.06671664167916042
11 0.3155 0.3410794602698651 0.035 0.07496251874062969
11 0.294 0.38905547226386805 0.025 0.04272863568215892
11 0.3655 0.36731634182908546 0.0265 0.04272863568215892
11 0.343 0.2811094452773613 0.03 0.04572713643178411
7 0.6375 0.0704647676161919 0.06 0.08545727136431784
7 0.8025 0.22263868065967016 0.046 0.0704647676161919
7 0.8075 0.391304347826087 0.048 0.06446776611694154
7 0.5985 0.22038980509745126 0.053 0.08545727136431784
7 0.569 0.27961019490254874 0.036 0.05997001499250375
7 0.6145 0.4992503748125937 0.053 0.038980509745127435
7 0.6585 0.4272863568215892 0.065 0.08245877061469266
7 0.579 0.03073463268365817 0.044 0.06146926536731634
7 0.5575 0.006746626686656672 0.047 0.013493253373313344
7 0.782 0.06446776611694154 0.036 0.053973013493253376
7 0.744 0.060719640179910044 0.042 0.08695652173913043
11 0.79 0.008245877061469266 0.036 0.01649175412293853
11 0.8305 0.10119940029985007 0.047 0.06896551724137931
11 0.532 0.15442278860569716 0.041 0.05847076461769116
11 0.762 0.32083958020989506 0.039 0.07196401799100449
11 0.797 0.32533733133433285 0.041 0.05247376311844078
11 0.8235 0.3020989505247376 0.036 0.05547226386806597
11 0.693 0.053973013493253376 0.038 0.049475262368815595
11 0.5135 0.46101949025487254 0.041 0.06446776611694154
11 0.693 0.5007496251874063 0.04 0.035982008995502246
11 0.728 0.3605697151424288 0.032 0.046476761619190406
11 0.7965 0.4767616191904048 0.043 0.05847076461769116
11 0.861 0.05247376311844078 0.032 0.06446776611694154
1 0.346 0.9715142428785607 0.062 0.05697151424287856
1 0.4075 0.9055472263868066 0.045 0.08995502248875563
1 0.412 0.6469265367316341 0.036 0.08245877061469266
1 0.27 0.6784107946026986 0.095 0.13793103448275862
1 0.3095 0.5907046476761619 0.091 0.08395802098950525
1 0.048 0.7428785607196402 0.061 0.0704647676161919
1 0.266 0.8418290854572713 0.062 0.07946026986506746
1 0.361 0.8245877061469266 0.041 0.06596701649175413
1 0.1185 0.6199400299850075 0.032 0.05847076461769116
1 0.1415 0.5539730134932533 0.034 0.05847076461769116
1 0.096 0.7563718140929535 0.043 0.07646176911544228
4 0.5675 0.6626686656671664 0.077 0.1199400299850075
1 0.677 0.8733133433283359 0.129 0.1619190404797601
1 0.835 0.5412293853073463 0.08 0.044977511244377814
1 0.772 0.6941529235382309 0.059 0.08545727136431784
7 0.723 0.6041979010494752 0.074 0.11694152923538231
7 0.7825 0.9242878560719641 0.077 0.10944527736131934
8 0.44 0.5712143928035982 0.02 0.10494752623688156