8 0.05363036303630363 0.23652173913043478 0.07260726072607261 0.06086956521739131
11 0.42574257425742573 0.33043478260869563 0.06435643564356436 0.07130434782608695
6 0.4158415841584158 0.011304347826086957 0.0594059405940594 0.022608695652173914
6 0.30033003300330036 0.04 0.0858085808580858 0.07652173913043478
6 0.44636963696369636 0.10608695652173913 0.06105610561056106 0.07304347826086957
3 0.5099009900990099 0.37217391304347824 0.019801980198019802 0.08347826086956522
2 0.8506600660066007 0.11652173913043479 0.29207920792079206 0.23304347826086957
2 0.9727722772277227 0.22434782608695653 0.054455445544554455 0.24695652173913044
7 0.49257425742574257 0.5452173913043479 0.054455445544554455 0.13043478260869565
7 0.23597359735973597 0.6382608695652174 0.08250825082508251 0.11304347826086956
8 0.485973597359736 0.9139130434782609 0.06765676567656766 0.08869565217391304
8 0.0297029702970297 0.5547826086956522 0.0594059405940594 0.12173913043478261
0 0.25412541254125415 0.9113043478260869 0.10561056105610561 0.16869565217391305
0 0.31683168316831684 0.8226086956521739 0.09900990099009901 0.09391304347826086
0 0.3787128712871287 0.7626086956521739 0.0594059405940594 0.12
0 0.4504950495049505 0.7321739130434782 0.07095709570957096 0.11130434782608696
11 0.9348184818481848 0.5130434782608696 0.0594059405940594 0.07304347826086957
11 0.8341584158415841 0.7043478260869566 0.06435643564356436 0.06608695652173913
1 0.8498349834983498 0.837391304347826 0.0594059405940594 0.06956521739130435
7 0.9282178217821783 0.628695652173913 0.06765676567656766 0.0817391304347826
11 0.7887788778877888 0.5895652173913043 0.0627062706270627 0.06434782608695652
11 0.8811881188118812 0.9147826086956522 0.06105610561056106 0.06086956521739131