1 0.33060556464811786 0.31003937007874016 0.031914893617021274 0.09350393700787402
1 0.20212765957446807 0.5068897637795275 0.027823240589198037 0.0639763779527559
1 0.26677577741407527 0.17618110236220472 0.018821603927986905 0.058070866141732284
1 0.05155482815057283 0.2903543307086614 0.04828150572831424 0.16338582677165353
1 0.08592471358428805 0.18110236220472442 0.031914893617021274 0.10236220472440945
1 0.34615384615384615 0.15748031496062992 0.04337152209492635 0.13188976377952755
1 0.24713584288052373 0.05019685039370079 0.05073649754500818 0.09940944881889764
11 0.1685761047463175 0.18503937007874016 0.06710310965630115 0.1220472440944882
11 0.20540098199672668 0.2588582677165354 0.07119476268412439 0.16338582677165353
11 0.16612111292962356 0.39960629921259844 0.12029459901800327 0.15059055118110237
11 0.24713584288052373 0.2440944881889764 0.044189852700491 0.09940944881889764
1 0.30851063829787234 0.34153543307086615 0.023731587561374796 0.0610236220472441
11 0.14402618657937807 0.31496062992125984 0.06873977086743044 0.1545275590551181
8 0.6612111292962357 0.31496062992125984 0.10474631751227496 0.12401574803149606
8 0.5319148936170213 0.3700787401574803 0.10147299509001637 0.08858267716535433
7 0.7823240589198036 0.39763779527559057 0.10965630114566285 0.10433070866141732
11 0.10065466448445172 0.5787401574803149 0.07364975450081833 0.07874015748031496
11 0.21685761047463176 0.5797244094488189 0.10965630114566285 0.08070866141732283
11 0.17757774140752863 0.6968503937007874 0.09983633387888707 0.09251968503937008
8 0.6710310965630114 0.5718503937007874 0.07855973813420622 0.06496062992125984
7 0.8199672667757774 0.7312992125984252 0.09001636661211129 0.09645669291338582
7 0.5957446808510638 0.9399606299212598 0.08346972176759411 0.08464566929133858
9 0.563011456628478 0.5718503937007874 0.09492635024549918 0.06496062992125984
9 0.6317512274959084 0.7627952755905512 0.10965630114566285 0.13385826771653545
11 0.9427168576104746 0.9468503937007874 0.07528641571194762 0.1062992125984252