11 0.4149377593360996 0.1971326164874552 0.2074688796680498 0.1057347670250896
11 0.2946058091286307 0.08512544802867383 0.1887966804979253 0.16129032258064516
11 0.6213692946058091 0.12275985663082438 0.054979253112033194 0.03494623655913978
11 0.5632780082987552 0.042114695340501794 0.06535269709543569 0.03763440860215054
11 0.8599585062240664 0.17562724014336917 0.09336099585062241 0.04032258064516129
11 0.6234439834024896 0.18369175627240145 0.10062240663900415 0.0456989247311828
11 0.7883817427385892 0.017025089605734768 0.08713692946058091 0.034050179211469536
11 0.7769709543568465 0.12455197132616487 0.058091286307053944 0.03225806451612903
9 0.2012448132780083 0.5994623655913979 0.16597510373443983 0.14157706093189965
8 0.28526970954356845 0.471326164874552 0.0954356846473029 0.07526881720430108
8 0.6026970954356846 0.8476702508960573 0.05394190871369295 0.08781362007168458
11 0.8008298755186722 0.4327956989247312 0.04771784232365145 0.10304659498207885
6 0.9221991701244814 0.8584229390681004 0.043568464730290454 0.1003584229390681
6 0.8298755186721992 0.8888888888888888 0.06327800829875518 0.11021505376344086
6 0.8973029045643154 0.6908602150537635 0.044605809128630707 0.10483870967741936
3 0.8578838174273858 0.30734767025089604 0.06431535269709543 0.07706093189964158