8 0.31875 0.1976534296028881 0.09375 0.07490974729241877
9 0.4375 0.361913357400722 0.075625 0.10469314079422383
7 0.416875 0.03700361010830325 0.06625 0.0740072202166065
7 0.294375 0.29783393501805056 0.069375 0.08393501805054152
9 0.395625 0.2851985559566787 0.08125 0.08664259927797834
9 0.564375 0.37815884476534295 0.0875 0.17689530685920576
8 0.991875 0.13176895306859207 0.01625 0.08303249097472924
8 0.91125 0.2779783393501805 0.06125 0.10469314079422383
1 0.61625 0.027978339350180504 0.0375 0.05595667870036101
8 0.18125 0.6398916967509025 0.07125 0.0776173285198556
11 0.110625 0.8348375451263538 0.05375 0.08303249097472924
11 0.085625 0.6037906137184116 0.05125 0.05776173285198556
7 0.10375 0.6985559566787004 0.07875 0.10288808664259928
3 0.746875 0.7870036101083032 0.075625 0.1272563176895307