11 0.31214285714285717 0.1767485822306238 0.04428571428571428 0.06521739130434782
11 0.30428571428571427 0.020793950850661626 0.05071428571428571 0.04158790170132325
11 0.15714285714285714 0.3780718336483932 0.07785714285714286 0.06994328922495274
11 0.3507142857142857 0.2835538752362949 0.08428571428571428 0.07750472589792061
11 0.10714285714285714 0.06143667296786389 0.07142857142857142 0.06994328922495274
11 0.18928571428571428 0.2504725897920605 0.04642857142857143 0.05954631379962193
11 0.5757142857142857 0.42344045368620037 0.06428571428571428 0.07750472589792061
0 0.6228571428571429 0.24102079395085066 0.09428571428571429 0.09073724007561437
0 0.6692857142857143 0.4224952741020794 0.08571428571428572 0.0888468809073724
0 0.5114285714285715 0.27977315689981097 0.09285714285714286 0.08695652173913043
0 0.7607142857142857 0.4877126654064272 0.09 0.06427221172022685
0 0.77 0.33175803402646503 0.06714285714285714 0.07183364839319471
0 0.47785714285714287 0.3846880907372401 0.08 0.08506616257088846
9 0.5 0.054820415879017016 0.13428571428571429 0.10964083175803403
7 0.16214285714285714 0.5793950850661626 0.06571428571428571 0.07561436672967864
7 0.7535714285714286 0.7637051039697542 0.10428571428571429 0.1266540642722117
7 0.7207142857142858 0.5500945179584121 0.05857142857142857 0.06049149338374291
7 0.6078571428571429 0.668241965973535 0.06571428571428571 0.07750472589792061
7 0.5314285714285715 0.8582230623818525 0.07571428571428572 0.1001890359168242
11 0.9085714285714286 0.9744801512287334 0.04285714285714286 0.05103969754253308
11 0.9878571428571429 0.8260869565217391 0.024285714285714285 0.04914933837429111
11 0.9507142857142857 0.7958412098298677 0.025714285714285714 0.054820415879017016
11 0.8907142857142857 0.7013232514177694 0.05285714285714286 0.0888468809073724
11 0.4392857142857143 0.6502835538752363 0.03857142857142857 0.07939508506616257
11 0.6535714285714286 0.7948960302457467 0.054285714285714284 0.07183364839319471
11 0.5264285714285715 0.9612476370510397 0.03571428571428571 0.06427221172022685
1 0.47 0.7882797731568998 0.04 0.05860113421550094
1 0.5228571428571429 0.5812854442344045 0.045714285714285714 0.062381852551984876
8 0.99 0.7391304347826086 0.02 0.08695652173913043
9 0.9085714285714286 0.8657844990548205 0.08857142857142856 0.14744801512287334