11 0.15843621399176955 0.03189066059225513 0.10185185185185185 0.06378132118451026
11 0.13991769547325103 0.20045558086560364 0.14814814814814814 0.15945330296127563
11 0.14094650205761317 0.3712984054669704 0.15123456790123457 0.12414578587699317
11 0.24074074074074073 0.3132118451025057 0.1286008230452675 0.11845102505694761
11 0.2767489711934156 0.20273348519362186 0.1111111111111111 0.13211845102505695
11 0.3816872427983539 0.11275626423690205 0.10185185185185185 0.10136674259681093
7 0.3683127572016461 0.21981776765375854 0.09567901234567901 0.10478359908883828
4 0.6779835390946503 0.25854214123006836 0.05761316872427984 0.06378132118451026
7 0.5606995884773662 0.0193621867881549 0.051440329218107 0.0387243735763098
8 0.24897119341563786 0.5888382687927107 0.07613168724279835 0.07517084282460136
8 0.24382716049382716 0.7255125284738041 0.07407407407407407 0.09111617312072894
7 0.43004115226337447 0.6082004555808656 0.037037037037037035 0.11389521640091116
7 0.3055555555555556 0.7539863325740319 0.09053497942386832 0.11161731207289294
7 0.2757201646090535 0.520501138952164 0.08641975308641975 0.06150341685649203
7 0.6676954732510288 0.9043280182232346 0.1831275720164609 0.17084282460136674
11 0.7716049382716049 0.7129840546697038 0.12757201646090535 0.1480637813211845
0 0.8837448559670782 0.6047835990888383 0.11522633744855967 0.13439635535307518
0 0.6893004115226338 0.7437357630979499 0.09876543209876543 0.10250569476082004
0 0.7222222222222222 0.5170842824601367 0.09053497942386832 0.05466970387243736
0 0.9783950617283951 0.8246013667425968 0.043209876543209874 0.11389521640091116
0 0.831275720164609 0.7915717539863326 0.09053497942386832 0.11845102505694761