11 0.4042857142857143 0.310625 0.05357142857142857 0.038125
11 0.20285714285714285 0.255625 0.045 0.04375
11 0.43535714285714283 0.0375 0.1382142857142857 0.066875
11 0.6171428571428571 0.218125 0.0675 0.065
11 0.5075 0.32125 0.065 0.02875
11 0.10142857142857142 0.154375 0.10142857142857142 0.08
11 0.22 0.146875 0.056428571428571425 0.063125
11 0.15357142857142858 0.230625 0.033928571428571426 0.04375
1 0.4325 0.118125 0.062142857142857146 0.055
1 0.29892857142857143 0.14875 0.0675 0.03625
11 0.5003571428571428 0.27625 0.039285714285714285 0.049375
11 0.4496428571428571 0.300625 0.033928571428571426 0.025
11 0.5721428571428572 0.311875 0.03678571428571428 0.023125
11 0.565 0.245 0.04214285714285714 0.025
9 0.9635714285714285 0.17625 0.07285714285714286 0.1775
2 0.7882142857142858 0.183125 0.056428571428571425 0.115
4 0.3132142857142857 0.660625 0.12464285714285714 0.144375
1 0.7803571428571429 0.663125 0.065 0.10125
1 0.9557142857142857 0.55875 0.06571428571428571 0.10625
3 0.9746428571428571 0.86625 0.05071428571428571 0.17