1 0.3009592326139089 0.35702479338842974 0.27577937649880097 0.7140495867768595
1 0.1672661870503597 0.5347107438016528 0.10371702637889688 0.3677685950413223
1 0.09112709832134293 0.5669421487603306 0.11270983213429256 0.30413223140495865
11 0.5167865707434053 0.6851239669421487 0.047961630695443645 0.06776859504132231
11 0.5497601918465228 0.6694214876033058 0.03836930455635491 0.0628099173553719
0 0.34772182254196643 0.9628099173553719 0.10311750599520383 0.0743801652892562
0 0.06354916067146282 0.8380165289256198 0.10191846522781775 0.13388429752066117
0 0.24280575539568344 0.8661157024793389 0.1079136690647482 0.1305785123966942
11 0.6163069544364509 0.9578512396694215 0.05755395683453238 0.08429752066115702
7 0.9898081534772182 0.8876033057851239 0.02038369304556355 0.05950413223140496
7 0.7637889688249401 0.9462809917355371 0.03836930455635491 0.049586776859504134