1 0.416875 0.35125 0.071875 0.076875
1 0.0925 0.186875 0.04625 0.084375
1 0.283125 0.236875 0.0525 0.055625
1 0.2975 0.326875 0.05125 0.084375
1 0.536875 0.25 0.071875 0.08
1 0.239375 0.145 0.045 0.084375
1 0.4725 0.424375 0.04375 0.036875
6 0.425 0.426875 0.030625 0.034375
0 0.965625 0.399375 0.06875 0.09125
5 0.955625 0.065625 0.08875 0.13125
8 0.115625 0.773125 0.054375 0.06
8 0.089375 0.911875 0.03375 0.050625
8 0.533125 0.601875 0.035 0.055
8 0.506875 0.655625 0.03625 0.0475
9 0.3975 0.88625 0.03125 0.09
9 0.331875 0.865 0.069375 0.05375
9 0.35625 0.808125 0.056875 0.050625
9 0.61125 0.93125 0.0575 0.0575
5 0.123125 0.59125 0.045625 0.055
0 0.604375 0.760625 0.07125 0.13125
0 0.608125 0.6575 0.0375 0.085
0 0.498125 0.729375 0.114375 0.080625
0 0.241875 0.645 0.059375 0.130625
0 0.315625 0.70375 0.13125 0.12125
7 0.32 0.778125 0.02 0.035
7 0.275625 0.581875 0.03125 0.050625
7 0.42375 0.791875 0.03875 0.04875
0 0.809375 0.7525 0.0575 0.08375
7 0.758125 0.675625 0.025 0.043125
7 0.849375 0.74 0.03125 0.05625
7 0.74375 0.735 0.038125 0.065625