1 0.3027806385169928 0.1727600411946447 0.06488156539649846 0.07183316168898043
1 0.634140061791967 0.13105046343975282 0.08831101956745623 0.07286302780638516
1 0.7466529351184346 0.12023686920700309 0.0411946446961895 0.03836251287332647
1 0.9098867147270855 0.15576725025746652 0.131307929969104 0.09835221421215241
1 0.9165808444902163 0.23661174047373842 0.065653964984552 0.0854788877445932
1 0.785015447991761 0.20751802265705457 0.0674562306900103 0.06385169927909372
1 0.7353244078269825 0.3159114315139032 0.04505664263645726 0.065653964984552
1 0.6349124613800206 0.2976313079299691 0.131307929969104 0.07646755921730175
0 0.6444387229660145 0.03836251287332647 0.14830072090628219 0.07646755921730175
9 0.13439752832131824 0.7299176107106076 0.046086508753862 0.09165808444902163
8 0.0674562306900103 0.787590113285273 0.050720906282183315 0.07312049433573635
0 0.19052523171987643 0.5115859938208033 0.050720906282183315 0.09757981462409887
0 0.1776519052523172 0.430226570545829 0.035015447991761074 0.06848609680741503
0 0.24871266735324407 0.8843975283213182 0.03372811534500515 0.06385169927909372
0 0.1861483007209063 0.7538619979402678 0.02265705458290422 0.0592173017507724
1 0.2762615859938208 0.5254891864057673 0.024716786817713696 0.039392378990731204
6 0.33908341915550977 0.5018022657054583 0.028578784757981462 0.05458290422245108
8 0.9698764160659115 0.4881565396498455 0.06024716786817714 0.07312049433573635
8 0.726313079299691 0.9034500514933058 0.07363542739443872 0.05973223480947477
9 0.970648815653965 0.969361483007209 0.05870236869207003 0.061277033985581875
7 0.5744078269824923 0.8290422245108136 0.10968074150360453 0.12461380020597322
7 0.8849124613800206 0.9611225540679712 0.10762100926879506 0.07775489186405768