1 0.22019464720194648 0.281767955801105 0.21897810218978103 0.22099447513812154
1 0.298661800486618 0.015883977900552487 0.06204379562043796 0.031767955801104975
2 0.9562043795620438 0.5283149171270718 0.08759124087591241 0.14226519337016574
1 0.694647201946472 0.1899171270718232 0.043795620437956206 0.058011049723756904
1 0.9896593673965937 0.44820441988950277 0.02068126520681265 0.0649171270718232
0 0.9391727493917275 0.39779005524861877 0.0535279805352798 0.08977900552486189
1 0.29318734793187345 0.8225138121546961 0.072992700729927 0.10082872928176796
8 0.3424574209245742 0.893646408839779 0.025547445255474453 0.09944751381215469
7 0.4209245742092457 0.7292817679558011 0.07420924574209246 0.08839779005524862
7 0.6940389294403893 0.9219613259668509 0.051094890510948905 0.05110497237569061
8 0.4397810218978102 0.9654696132596685 0.06082725060827251 0.06353591160220995
8 0.6100973236009732 0.7182320441988951 0.05596107055961071 0.05662983425414365
7 0.8333333333333334 0.8100828729281768 0.05474452554744526 0.05662983425414365
7 0.9933090024330901 0.6926795580110497 0.01338199513381995 0.062154696132596686