1 0.0475 0.23008241758241757 0.067 0.08653846153846154
3 0.3065 0.3434065934065934 0.097 0.03296703296703297
3 0.2705 0.2190934065934066 0.068 0.10576923076923077
1 0.0245 0.040521978021978024 0.049 0.08104395604395605
7 0.7875 0.1971153846153846 0.126 0.22527472527472528
1 0.0055 0.5645604395604396 0.011 0.07967032967032966
1 0.324 0.4677197802197802 0.058 0.07417582417582418
1 0.1655 0.7342032967032966 0.074 0.08653846153846154
7 0.442 0.8221153846153846 0.061 0.08516483516483517
7 0.1775 0.8413461538461539 0.058 0.09065934065934066
11 0.219 0.6710164835164835 0.057 0.08516483516483517
11 0.097 0.7712912087912088 0.053 0.0782967032967033
11 0.2295 0.9787087912087912 0.063 0.042582417582417584
1 0.8965 0.7726648351648352 0.067 0.09065934065934066
1 0.8895 0.6881868131868132 0.0565 0.08035714285714286
1 0.9835 0.6504120879120879 0.0325 0.08653846153846154
1 0.577 0.5480769230769231 0.034 0.09271978021978022
1 0.7435 0.9800824175824175 0.073 0.03983516483516483
0 0.8055 0.9395604395604396 0.101 0.1201923076923077
0 0.8215 0.717032967032967 0.061 0.1201923076923077
0 0.852 0.603021978021978 0.0685 0.11813186813186813
0 0.8715 0.4951923076923077 0.098 0.15865384615384615
0 0.9235 0.592032967032967 0.064 0.12431318681318682
0 0.7265 0.5006868131868132 0.086 0.11607142857142858
0 0.7815 0.5899725274725275 0.082 0.11813186813186813
0 0.609 0.4697802197802198 0.0595 0.0885989010989011
0 0.627 0.6620879120879121 0.0685 0.10370879120879122
0 0.6775 0.7685439560439561 0.061 0.09065934065934066