1 0.012681159420289856 0.11389337641357028 0.025362318840579712 0.07269789983844911
1 0.06763285024154589 0.1704361873990307 0.05555555555555555 0.07269789983844911
1 0.20229468599033817 0.16397415185783523 0.05434782608695652 0.061389337641357025
1 0.13466183574879226 0.29806138933764137 0.04106280193236715 0.06946688206785137
1 0.21980676328502416 0.28836833602584816 0.04589371980676329 0.06462035541195477
1 0.31823671497584544 0.31179321486268174 0.050724637681159424 0.05331179321486268
1 0.33997584541062803 0.388529886914378 0.0640096618357488 0.0630048465266559
1 0.2433574879227053 0.37075928917609047 0.042270531400966184 0.046849757673667204
1 0.16304347826086957 0.4297253634894992 0.14009661835748793 0.05815831987075929
1 0.01570048309178744 0.3570274636510501 0.03140096618357488 0.08077544426494346
0 0.14492753623188406 0.1962843295638126 0.04468599033816425 0.09046849757673667
6 0.7971014492753623 0.25040387722132473 0.09842995169082126 0.154281098546042
6 0.9770531400966184 0.10016155088852989 0.03743961352657005 0.05654281098546042
6 0.6099033816425121 0.2592891760904685 0.021739130434782608 0.07754442649434572
6 0.893719806763285 0.24151857835218093 0.06823671497584541 0.12520193861066237
6 0.8894927536231884 0.36187399030694667 0.07910628019323672 0.12277867528271405
7 0.5609903381642513 0.901453957996769 0.07608695652173914 0.11631663974151858
11 0.38707729468599034 0.7980613893376414 0.04468599033816425 0.0791599353796446
11 0.4830917874396135 0.8917609046849758 0.057971014492753624 0.08562197092084006
11 0.23852657004830918 0.8069466882067852 0.06038647342995169 0.06946688206785137
11 0.21316425120772947 0.8861066235864298 0.07004830917874397 0.07431340872374798
11 0.286231884057971 0.9725363489499192 0.06038647342995169 0.05492730210016155
11 0.8315217391304348 0.5492730210016155 0.030797101449275364 0.05896607431340872
11 0.7167874396135265 0.6090468497576736 0.027777777777777776 0.06704361873990307
11 0.8248792270531401 0.9483037156704361 0.08031400966183574 0.10339256865912763
11 0.9402173913043478 0.7067851373182552 0.041666666666666664 0.10016155088852989
11 0.8882850241545893 0.5468497576736672 0.03864734299516908 0.04765751211631664
11 0.6521739130434783 0.747172859450727 0.06219806763285024 0.12520193861066237
11 0.7167874396135265 0.7697899838449112 0.035628019323671496 0.09450726978998385
11 0.6871980676328503 0.6397415185783522 0.021739130434782608 0.06704361873990307
1 0.8303140096618358 0.8327948303715671 0.03864734299516908 0.0864297253634895
1 0.7602657004830918 0.7754442649434572 0.03864734299516908 0.05896607431340872
11 0.8810386473429952 0.6106623586429726 0.026570048309178744 0.07512116316639741
11 0.856280193236715 0.5702746365105008 0.019927536231884056 0.03877221324717286
11 0.9233091787439613 0.5662358642972536 0.022946859903381644 0.03877221324717286
11 0.9130434782608695 0.6639741518578353 0.024758454106280192 0.03877221324717286