1 0.2375 0.2803867403314917 0.225 0.19060773480662985
1 0.395625 0.2610497237569061 0.02875 0.09944751381215469
9 0.64 0.26035911602209943 0.09 0.11049723756906077
9 0.745625 0.31560773480662985 0.11125 0.08701657458563536
9 0.650625 0.4723756906077348 0.11 0.08977900552486189
9 0.805625 0.08632596685082873 0.0975 0.13121546961325967
9 0.684375 0.029005524861878452 0.04375 0.058011049723756904
9 0.53625 0.5193370165745856 0.125 0.08011049723756906
8 0.97 0.06975138121546962 0.06 0.07596685082872928
0 0.54375 0.29765193370165743 0.0675 0.0787292817679558
0 0.4725 0.20303867403314918 0.08375 0.03867403314917127
0 0.47375 0.26035911602209943 0.055 0.052486187845303865
0 0.6075 0.024861878453038673 0.0675 0.049723756906077346
0 0.831875 0.26243093922651933 0.04625 0.04281767955801105
0 0.741875 0.5366022099447514 0.08125 0.04558011049723757
0 0.785 0.48411602209944754 0.07375 0.052486187845303865
0 0.9375 0.1664364640883978 0.12 0.07734806629834254
9 0.104375 0.6830110497237569 0.1025 0.08977900552486189
8 0.1725 0.5835635359116023 0.0475 0.04834254143646409
8 0.2825 0.6747237569060773 0.0575 0.07734806629834254
3 0.68875 0.7941988950276243 0.08375 0.18024861878453038