1 0.13666666666666666 0.36 0.10166666666666667 0.11047619047619048
1 0.018333333333333333 0.16380952380952382 0.03666666666666667 0.08
1 0.015 0.2857142857142857 0.03 0.1180952380952381
1 0.28833333333333333 0.2723809523809524 0.043333333333333335 0.11428571428571428
1 0.18666666666666668 0.46285714285714286 0.06 0.03428571428571429
6 0.125 0.4580952380952381 0.043333333333333335 0.04380952380952381
4 0.7225 0.42095238095238097 0.115 0.1180952380952381
4 0.4725 0.3342857142857143 0.095 0.14285714285714285
4 0.5391666666666667 0.45714285714285713 0.065 0.045714285714285714
4 0.975 0.29904761904761906 0.043333333333333335 0.06857142857142857
4 0.6083333333333333 0.38285714285714284 0.06166666666666667 0.06285714285714286
9 0.6316666666666667 0.2876190476190476 0.07833333333333334 0.08
5 0.25416666666666665 0.5257142857142857 0.11166666666666666 0.09142857142857143
5 0.165 0.6485714285714286 0.16166666666666665 0.1980952380952381
5 0.30083333333333334 0.9247619047619048 0.018333333333333333 0.07428571428571429
7 0.7916666666666666 0.6276190476190476 0.04 0.06476190476190476
7 0.6616666666666666 0.9619047619047619 0.04833333333333333 0.06095238095238095
7 0.895 0.9628571428571429 0.04666666666666667 0.06095238095238095
9 0.6825 0.6723809523809524 0.058333333333333334 0.08761904761904762
9 0.815 0.9095238095238095 0.08333333333333333 0.06857142857142857