1 0.29232350925291295 0.3186877562975981 0.030843043180260453 0.05565319273579379
1 0.28067169294037014 0.24985354422964265 0.017135023989033583 0.03309900410076157
1 0.23098012337217272 0.2580550673696544 0.020904729266620972 0.03309900410076157
1 0.14084989718985608 0.36379613356766255 0.020904729266620972 0.02606912712360867
1 0.18334475668265934 0.3948447568834212 0.011994516792323509 0.03602811950790861
3 0.15215901302261822 0.11862917398945519 0.03187114461960247 0.04012888107791447
3 0.1487320082248115 0.20708845928529585 0.018848526387936944 0.04510837727006444
1 0.2227553118574366 0.3585237258347979 0.0205620287868403 0.03368482718219098
1 0.2069910897875257 0.4449326303456356 0.01644962302947224 0.023140011716461628
1 0.09972583961617547 0.46045694200351495 0.017135023989033583 0.018746338605741066
9 0.5253598355037697 0.15846514352665494 0.11240575736806031 0.07176332747510251
9 0.7690198766278272 0.45782073813708263 0.06031528444139822 0.02401874633860574
9 0.5986977381768335 0.13708260105448156 0.029472241261137764 0.033391915641476276
0 0.5359835503769705 0.29671939074399534 0.11240575736806031 0.04569420035149385
0 0.5308430431802604 0.3368482718219098 0.16552433173406442 0.03222026947861746
0 0.5263879369431117 0.24428822495606328 0.09355723098012338 0.043350908025776215
0 0.813228238519534 0.35471587580550673 0.08738862234407128 0.04803749267721148
0 0.6723783413296779 0.3339191564147627 0.07333790267306374 0.04979496192149971
0 0.7854694996572995 0.2659636789689514 0.11000685400959562 0.06590509666080843
8 0.19636737491432488 0.700937316930287 0.15695681973954764 0.09548916227299356
7 0.06819739547635367 0.8333333333333334 0.13639479095270735 0.0638547158758055
7 0.3762851267991775 0.8195664909197422 0.027416038382453736 0.0773286467486819
2 0.6055517477724469 0.6652021089630932 0.11034955448937629 0.11013473930872876
9 0.684715558601782 0.7914469830111306 0.12063056888279644 0.06912712360867018
8 0.6333104866346813 0.7387229056824839 0.0750514050719671 0.03661394258933802