1 0.3614303959131545 0.3952205882352941 0.08876117496807152 0.15808823529411764
7 0.9789272030651341 0.0900735294117647 0.0421455938697318 0.15441176470588236
8 0.8288633461047255 0.5863970588235294 0.10089399744572158 0.10661764705882353
8 0.9661558109833972 0.030330882352941176 0.04980842911877394 0.06066176470588235
3 0.1475095785440613 0.8152573529411765 0.11174968071519796 0.08455882352941177
3 0.22669220945083013 0.6976102941176471 0.12643678160919541 0.05698529411764706
3 0.07088122605363985 0.7748161764705882 0.0842911877394636 0.07628676470588236
11 0.921455938697318 0.8897058823529411 0.05491698595146871 0.04963235294117647
11 0.9540229885057471 0.8676470588235294 0.037037037037037035 0.034926470588235295
11 0.9431673052362708 0.8198529411764706 0.037037037037037035 0.03308823529411765
11 0.9827586206896551 0.7977941176470589 0.03384418901660281 0.03308823529411765
11 0.9699872286079183 0.8354779411764706 0.044061302681992334 0.042279411764705885
11 0.8199233716475096 0.9503676470588235 0.037037037037037035 0.034926470588235295
11 0.8384418901660281 0.9292279411764706 0.044061302681992334 0.03952205882352941
11 0.7535121328224776 0.9181985294117647 0.07790549169859515 0.07169117647058823
11 0.7369093231162197 0.8612132352941176 0.07598978288633461 0.057904411764705885
11 0.7145593869731801 0.7959558823529411 0.0842911877394636 0.06893382352941177
11 0.8390804597701149 0.796875 0.0421455938697318 0.03768382352941176
11 0.8199233716475096 0.7417279411764706 0.04533844189016603 0.04044117647058824
11 0.768837803320562 0.7619485294117647 0.09386973180076628 0.07720588235294118
11 0.7413793103448276 0.6994485294117647 0.07279693486590039 0.06066176470588235
11 0.7745849297573435 0.8226102941176471 0.06641123882503193 0.06158088235294118