1 0.265 0.016304347826086956 0.046 0.03260869565217391
1 0.093 0.06929347826086957 0.142 0.13858695652173914
1 0.089 0.18478260869565216 0.072 0.13043478260869565
1 0.229 0.13451086956521738 0.074 0.09782608695652174
1 0.285 0.2921195652173913 0.05 0.09510869565217392
1 0.336 0.2608695652173913 0.028 0.11956521739130435
8 0.489 0.12364130434782608 0.08 0.058423913043478264
11 0.676 0.050271739130434784 0.088 0.05570652173913043
11 0.651 0.23233695652173914 0.066 0.06385869565217392
7 0.468 0.23233695652173914 0.106 0.07201086956521739
7 0.736 0.22146739130434784 0.133 0.08152173913043478
3 0.178 0.7350543478260869 0.057 0.17255434782608695
5 0.783 0.7119565217391305 0.434 0.5760869565217391
5 0.716 0.45652173913043476 0.264 0.23369565217391305
5 0.568 0.7459239130434783 0.096 0.1983695652173913
5 0.431 0.6141304347826086 0.162 0.375