1 0.11538461538461539 0.17413441955193482 0.050316122233930456 0.04602851323828921
1 0.14436248682824027 0.13462321792260692 0.02845100105374078 0.026883910386965377
1 0.20495258166491043 0.1570264765784114 0.033192834562697573 0.02830957230142566
1 0.2953108535300316 0.25519348268839104 0.03161222339304531 0.023625254582484725
1 0.23551106427818758 0.259877800407332 0.02291886195995785 0.026883910386965377
3 0.3329820864067439 0.09674134419551934 0.04847207586933614 0.03625254582484725
3 0.31875658587987354 0.1535641547861507 0.033192834562697573 0.03482688391038696
1 0.19388830347734456 0.22321792260692463 0.033192834562697573 0.02830957230142566
1 0.1952054794520548 0.28329938900203666 0.025553213909378293 0.020366598778004074
5 0.6683350895679663 0.17311608961303462 0.3177028451001054 0.2109979633401222
5 0.1564805057955743 0.6464358452138493 0.13645943097997892 0.09816700610997964
5 0.25737618545837726 0.8250509164969451 0.4678609062170706 0.26883910386965376
0 0.8714436248682824 0.5613034623217923 0.0505795574288725 0.09103869653767821
0 0.8174394099051633 0.5276985743380855 0.06085353003161222 0.10957230142566192
7 0.9415173867228662 0.5354378818737271 0.05505795574288725 0.12932790224032586
7 0.8819810326659642 0.4413441955193483 0.07165437302423604 0.14073319755600816
7 0.8788198103266597 0.6912423625254582 0.051633298208640675 0.1034623217922607