1 0.2876794258373206 0.21052631578947367 0.09150717703349283 0.08293460925039872
1 0.38098086124401914 0.14433811802232854 0.06578947368421052 0.046251993620414676
1 0.06638755980861244 0.26555023923444976 0.042464114832535885 0.046251993620414676
1 0.32715311004784686 0.19218500797448165 0.0729665071770335 0.06060606060606061
1 0.17882775119617225 0.24322169059011164 0.07057416267942583 0.05741626794258373
1 0.2852870813397129 0.14433811802232854 0.06698564593301436 0.046251993620414676
1 0.23385167464114834 0.16267942583732056 0.0645933014354067 0.06539074960127592
6 0.8110047846889952 0.3437001594896332 0.14832535885167464 0.07177033492822966
6 0.5245215311004785 0.3413078149920255 0.07057416267942583 0.07655502392344497
6 0.9180622009569378 0.23923444976076555 0.11842105263157894 0.11483253588516747
10 0.9186602870813397 0.17703349282296652 0.06937799043062201 0.08931419457735247
10 0.722488038277512 0.2982456140350877 0.07535885167464115 0.08931419457735247
10 0.8325358851674641 0.2567783094098884 0.10645933014354067 0.10845295055821372
1 0.18421052631578946 0.6411483253588517 0.11064593301435406 0.14354066985645933
1 0.24760765550239233 0.7256778309409888 0.09629186602870814 0.09569377990430622
1 0.38098086124401914 0.7830940988835726 0.0867224880382775 0.12280701754385964
1 0.28289473684210525 0.6363636363636364 0.10107655502392345 0.12440191387559808
8 0.44677033492822965 0.6842105263157895 0.07236842105263158 0.10127591706539076
6 0.0867224880382775 0.75518341307815 0.10107655502392345 0.11244019138755981
7 0.5322966507177034 0.7966507177033493 0.0861244019138756 0.11642743221690591
7 0.9383971291866029 0.7009569377990431 0.08971291866028708 0.14832535885167464
7 0.9617224880382775 0.580542264752791 0.07655502392344497 0.19776714513556617
2 0.7165071770334929 0.5263157894736842 0.10167464114832536 0.20414673046251994
11 0.7966507177033493 0.44577352472089316 0.07535885167464115 0.08771929824561403
11 0.618421052631579 0.5366826156299841 0.08732057416267942 0.09569377990430622
11 0.8648325358851675 0.6818181818181818 0.05980861244019139 0.06060606060606061