1 0.18345323741007194 0.22189922480620156 0.36630695443645084 0.4437984496124031
1 0.34172661870503596 0.3372093023255814 0.14808153477218225 0.2248062015503876
1 0.434052757793765 0.36627906976744184 0.16127098321342925 0.16569767441860464
10 0.38369304556354916 0.8071705426356589 0.2565947242206235 0.3856589147286822
10 0.2260191846522782 0.6075581395348837 0.22661870503597123 0.31589147286821706
10 0.459832134292566 0.6211240310077519 0.21942446043165467 0.29651162790697677
10 0.4940047961630695 0.9515503875968992 0.07673860911270983 0.09689922480620156
8 0.5989208633093526 0.6211240310077519 0.047961630695443645 0.09302325581395349
8 0.7607913669064749 0.8420542635658915 0.06235011990407674 0.09883720930232558
8 0.8231414868105515 0.5843023255813954 0.0539568345323741 0.08527131782945736
8 0.8776978417266187 0.5348837209302325 0.049160671462829736 0.09689922480620156
7 0.6624700239808153 0.6589147286821705 0.05755395683453238 0.0872093023255814
7 0.7434052757793765 0.7093023255813954 0.06594724220623502 0.09108527131782945
7 0.8249400479616307 0.8265503875968992 0.050359712230215826 0.08139534883720931
9 0.7152278177458034 0.5067829457364341 0.06594724220623502 0.1065891472868217
11 0.7781774580335732 0.6114341085271318 0.039568345323741004 0.0562015503875969
11 0.7182254196642686 0.6405038759689923 0.047961630695443645 0.0872093023255814
11 0.579136690647482 0.6191860465116279 0.019184652278177457 0.060077519379844964
7 0.8645083932853717 0.4622093023255814 0.03836930455635491 0.025193798449612403