1 0.195 0.1540625 0.043958333333333335 0.0603125
6 0.176875 0.2753125 0.030833333333333334 0.034375
6 0.238125 0.30875 0.028541666666666667 0.04
6 0.14979166666666666 0.229375 0.028541666666666667 0.0471875
1 0.22208333333333333 0.2046875 0.050625 0.0684375
1 0.24875 0.1728125 0.044583333333333336 0.0628125
1 0.2660416666666667 0.231875 0.049375 0.0775
1 0.27791666666666665 0.0996875 0.051666666666666666 0.0725
1 0.23333333333333334 0.123125 0.0625 0.078125
1 0.24375 0.0559375 0.06666666666666667 0.08
1 0.28729166666666667 0.155625 0.05583333333333333 0.0734375
1 0.27 0.3028125 0.051666666666666666 0.0709375
1 0.30645833333333333 0.0725 0.042291666666666665 0.0603125
1 0.153125 0.1715625 0.05520833333333333 0.0734375
1 0.18375 0.2265625 0.045208333333333336 0.061875
1 0.22416666666666665 0.2678125 0.063125 0.0759375
1 0.19229166666666667 0.33125 0.06833333333333333 0.0775
1 0.31333333333333335 0.2825 0.058958333333333335 0.0815625
1 0.30791666666666667 0.21 0.061875 0.078125
1 0.325 0.1259375 0.04645833333333333 0.0734375
7 0.6058333333333333 0.2346875 0.09416666666666666 0.094375
7 0.681875 0.199375 0.07604166666666666 0.0625
7 0.6145833333333334 0.34875 0.06416666666666666 0.0425
5 0.14895833333333333 0.9134375 0.099375 0.1728125
5 0.2764583333333333 0.6265625 0.071875 0.150625
5 0.17791666666666667 0.763125 0.052708333333333336 0.1209375
5 0.13479166666666667 0.6478125 0.04041666666666666 0.078125
5 0.29520833333333335 0.47125 0.024375 0.0521875
5 0.29604166666666665 0.68875 0.03208333333333333 0.059375
5 0.31166666666666665 0.7221875 0.038125 0.0725
5 0.3254166666666667 0.79 0.06270833333333334 0.1115625
5 0.373125 0.6765625 0.04958333333333333 0.1190625
5 0.38645833333333335 0.7490625 0.06041666666666667 0.1096875
5 0.41854166666666665 0.603125 0.025208333333333333 0.063125
5 0.23875 0.4546875 0.04125 0.0965625
5 0.20166666666666666 0.5271875 0.042708333333333334 0.0946875
5 0.23916666666666667 0.67 0.033541666666666664 0.1115625
5 0.25125 0.78625 0.03895833333333333 0.08
5 0.20354166666666668 0.694375 0.043541666666666666 0.124375
5 0.21583333333333332 0.8790625 0.04583333333333333 0.0890625
5 0.1225 0.5084375 0.042083333333333334 0.0890625
5 0.158125 0.5725 0.02375 0.05375
5 0.166875 0.6228125 0.020625 0.0503125
5 0.15166666666666667 0.7128125 0.04125 0.0909375
5 0.18833333333333332 0.8578125 0.028333333333333332 0.066875
5 0.24833333333333332 0.7396875 0.065625 0.1021875
5 0.345625 0.6246875 0.04729166666666667 0.0965625
9 0.9170833333333334 0.583125 0.13458333333333333 0.203125
0 0.6910416666666667 0.4309375 0.09708333333333333 0.121875
0 0.9841666666666666 0.629375 0.03166666666666667 0.18125