1 0.0997229916897507 0.2545126353790614 0.1835180055401662 0.3601083032490975
1 0.21606648199445982 0.2924187725631769 0.05817174515235457 0.19584837545126355
1 0.27770083102493076 0.30415162454873645 0.061634349030470915 0.23014440433212996
3 0.603185595567867 0.34296028880866425 0.11218836565096953 0.1588447653429603
3 0.3912742382271468 0.19855595667870035 0.10457063711911357 0.1588447653429603
3 0.5976454293628809 0.1796028880866426 0.08587257617728532 0.07942238267148015
3 0.7811634349030471 0.3176895306859206 0.12326869806094183 0.1588447653429603
3 0.6779778393351801 0.2003610108303249 0.11634349030470914 0.20487364620938628
11 0.22437673130193905 0.47021660649819497 0.055401662049861494 0.0631768953068592
8 0.4937673130193906 0.694043321299639 0.038088642659279776 0.05144404332129964
8 0.48545706371191133 0.9548736462093863 0.045706371191135735 0.04151624548736462
8 0.43836565096952906 0.9765342960288809 0.0443213296398892 0.046028880866425995
1 0.4626038781163435 0.5568592057761733 0.06440443213296398 0.06678700361010831
7 0.9522160664819944 0.7572202166064982 0.07063711911357341 0.07220216606498195