1 0.14872685185185186 0.21238425925925927 0.12745949074074073 0.12962962962962962
1 0.26244212962962965 0.32137345679012347 0.0625 0.06616512345679013
1 0.46860532407407407 0.41512345679012347 0.1875 0.17939814814814814
1 0.5397858796296297 0.32002314814814814 0.1048900462962963 0.13792438271604937
1 0.3723958333333333 0.24556327160493827 0.10243055555555555 0.11033950617283951
1 0.40480324074074076 0.06905864197530864 0.07494212962962964 0.10204475308641975
1 0.27980324074074076 0.03993055555555555 0.17997685185185186 0.0798611111111111
0 0.08868634259259259 0.35725308641975306 0.17737268518518517 0.2013888888888889
7 0.9032118055555556 0.11381172839506173 0.1935763888888889 0.22762345679012347
11 0.2790798611111111 0.9236111111111112 0.05931712962962963 0.060570987654320986
11 0.1519097222222222 0.7843364197530864 0.05685763888888889 0.0630787037037037
11 0.4581886574074074 0.623070987654321 0.14076967592592593 0.12114197530864197
11 0.5001446759259259 0.8981481481481481 0.08391203703703703 0.09452160493827161
11 0.35445601851851855 0.9733796296296297 0.06669560185185185 0.05324074074074074
11 0.12962962962962962 0.6304012345679012 0.12109375 0.1259645061728395
11 0.22728587962962962 0.6655092592592593 0.07407407407407407 0.08969907407407407
11 0.1271701388888889 0.7368827160493827 0.046875 0.060570987654320986
1 0.41001157407407407 0.7139274691358025 0.07653356481481481 0.08236882716049383
1 0.2877604166666667 0.6981095679012346 0.06915509259259259 0.0630787037037037
11 0.37427662037037035 0.919945987654321 0.05685763888888889 0.06790123456790123
11 0.3211805555555556 0.9297839506172839 0.037037037037037035 0.03877314814814815
11 0.4113136574074074 0.9841820987654321 0.04195601851851852 0.0314429012345679
11 0.44343171296296297 0.9077932098765432 0.04441550925925926 0.04128086419753087
5 0.7197627314814815 0.7918595679012346 0.08130787037037036 0.15393518518518517
5 0.8655960648148148 0.8121141975308642 0.05873842592592592 0.11246141975308642
5 0.77734375 0.7469135802469136 0.04311342592592592 0.09008487654320987
5 0.7824074074074074 0.6317515432098766 0.033130787037037035 0.058256172839506175
5 0.9143518518518519 0.7592592592592593 0.019965277777777776 0.03877314814814815
5 0.8605324074074074 0.8695987654320988 0.026331018518518517 0.04436728395061729
5 0.8608217592592593 0.9070216049382716 0.03125 0.05401234567901234
5 0.8511284722222222 0.9583333333333334 0.051215277777777776 0.08333333333333333
5 0.9056712962962963 0.9610339506172839 0.04050925925925926 0.0779320987654321
5 0.89453125 0.9901620370370371 0.049479166666666664 0.019675925925925927
5 0.9490740740740741 0.9839891975308642 0.02068865740740741 0.031828703703703706
5 0.8880208333333334 0.6747685185185185 0.03370949074074074 0.07214506172839506
5 0.8492476851851852 0.6608796296296297 0.03501157407407408 0.07079475308641975
5 0.8339120370370371 0.7835648148148148 0.027488425925925927 0.08333333333333333
5 0.8117766203703703 0.8578317901234568 0.031828703703703706 0.05960648148148148
5 0.80859375 0.7474922839506173 0.035590277777777776 0.09297839506172839
5 0.7692418981481481 0.8557098765432098 0.03747106481481482 0.06655092592592593
5 0.8101851851851852 0.5540123456790124 0.03443287037037037 0.04861111111111111
5 0.8139467592592593 0.6253858024691358 0.019386574074074073 0.04031635802469136
5 0.8064236111111112 0.6622299382716049 0.016927083333333332 0.03742283950617284
5 0.7754629629629629 0.6865354938271605 0.03370949074074074 0.06790123456790123
5 0.7595486111111112 0.808641975308642 0.023148148148148147 0.04996141975308642
5 0.8217592592592593 0.8308256172839507 0.05381944444444445 0.0763888888888889
5 0.9039351851851852 0.904320987654321 0.03877314814814815 0.07214506172839506