1 0.18440463645943098 0.159877800407332 0.03898840885142255 0.07189409368635438
8 0.18361433087460485 0.6788187372708757 0.030821917808219176 0.09775967413441955
8 0.071390937829294 0.7488798370672097 0.02107481559536354 0.08818737270875764
8 0.24394099051633297 0.5254582484725051 0.02107481559536354 0.06130346232179226
8 0.2410432033719705 0.5792260692464358 0.02107481559536354 0.05743380855397149
8 0.05268703898840885 0.6529531568228106 0.02054794520547945 0.08431771894093687
9 0.1238145416227608 0.9490835030549898 0.03477344573234984 0.10183299389002037
9 0.02713382507903056 0.7219959266802444 0.04162276080084299 0.1745417515274949
9 0.11749209694415173 0.6472505091649694 0.031875658587987354 0.1360488798370672
0 0.14067439409905164 0.8714867617107943 0.030821917808219176 0.09959266802443992
0 0.1577976817702845 0.6606924643584522 0.028187565858798735 0.09205702647657842
0 0.27950474183350893 0.42769857433808556 0.03898840885142255 0.1054989816700611
0 0.20626975763962066 0.8274949083503055 0.030821917808219176 0.07474541751527494
0 0.22892518440463647 0.39042769857433807 0.02291886195995785 0.06130346232179226
0 0.10669125395152793 0.4832993890020367 0.01738672286617492 0.0670061099796334
0 0.09220231822971549 0.7535641547861507 0.02107481559536354 0.08635437881873727
2 0.5734984193888304 0.7912423625254582 0.11327713382507903 0.19470468431771895
7 0.791095890410959 0.4303462321792261 0.10748155953635406 0.14134419551934826
7 0.619072708113804 0.5651731160896131 0.057692307692307696 0.10366598778004073
7 0.9085879873551106 0.6014256619144602 0.07165437302423604 0.11934826883910386
0 0.7871443624868283 0.8839103869653768 0.13724973656480505 0.17881873727087577