1 0.209375 0.2275 0.05625 0.088125
7 0.676875 0.201875 0.06875 0.05625
7 0.811875 0.17125 0.06125 0.03625
11 0.915625 0.026875 0.08375 0.05375
11 0.828125 0.02625 0.0475 0.0525
11 0.81625 0.10625 0.02625 0.03
11 0.8525 0.09875 0.03875 0.04125
11 0.97 0.281875 0.03125 0.055
11 0.81 0.239375 0.05 0.02125
11 0.768125 0.24125 0.03625 0.025
11 0.823125 0.31625 0.0375 0.0325
11 0.9725 0.12375 0.02875 0.03375
11 0.93 0.14875 0.01375 0.03
11 0.78625 0.051875 0.0275 0.03375
11 0.77875 0.116875 0.02875 0.0475
11 0.605 0.265625 0.0275 0.03375
11 0.709375 0.308125 0.01875 0.0225
11 0.690625 0.328125 0.0175 0.03
11 0.816875 0.43 0.05 0.0575
11 0.914375 0.218125 0.0325 0.03375
8 0.5775 0.0475 0.04375 0.05125
11 0.55 0.330625 0.0475 0.04125
11 0.895625 0.349375 0.02875 0.02625
11 0.72125 0.3475 0.03125 0.0225
11 0.766875 0.275625 0.0225 0.02375
11 0.839375 0.34375 0.02625 0.04125
11 0.82125 0.360625 0.035 0.03125
11 0.8525 0.26375 0.0275 0.02625
11 0.718125 0.005625 0.04125 0.01125
11 0.7325 0.061875 0.02125 0.0275
9 0.033125 0.77625 0.06625 0.2075
7 0.335 0.684375 0.11 0.0975
6 0.651875 0.993125 0.03125 0.01375
7 0.91 0.791875 0.0675 0.055
7 0.718125 0.598125 0.05375 0.05125
8 0.73375 0.874375 0.04125 0.0475
7 0.5925 0.681875 0.0575 0.05625
7 0.6375 0.784375 0.05 0.07