1 0.3875 0.16875 0.0725 0.0725
6 0.409375 0.40375 0.04625 0.0125
1 0.370625 0.264375 0.08375 0.08125
1 0.298125 0.245 0.07125 0.0775
1 0.305625 0.341875 0.0725 0.1025
1 0.194375 0.170625 0.08375 0.0875
1 0.294375 0.161875 0.10875 0.0875
1 0.229375 0.07875 0.12 0.085
1 0.214375 0.25625 0.095 0.08625
1 0.1225 0.159375 0.0675 0.075
1 0.43 0.25875 0.02 0.075
1 0.39625 0.3525 0.0875 0.0825
1 0.21125 0.35 0.1075 0.08875
1 0.123125 0.25 0.06875 0.09625
1 0.909375 0.324375 0.14625 0.105
1 0.70125 0.320625 0.05 0.05125
1 0.700625 0.26 0.04875 0.04
1 0.70375 0.20125 0.04375 0.04
1 0.56875 0.209375 0.0825 0.07625
1 0.576875 0.135 0.06 0.05
1 0.6225 0.06875 0.08125 0.05125
1 0.823125 0.15625 0.09125 0.09
1 0.910625 0.245 0.07 0.07125
1 0.79625 0.109375 0.14125 0.0625
1 0.718125 0.050625 0.0575 0.05125
1 0.69625 0.136875 0.04375 0.03625
1 0.63125 0.156875 0.035 0.03875
1 0.76 0.331875 0.0525 0.0425
1 0.81625 0.308125 0.055 0.0575
1 0.943125 0.083125 0.04 0.03875
11 0.0425 0.82125 0.085 0.02875
11 0.094375 0.97125 0.07875 0.0525
11 0.19625 0.895 0.08125 0.08625
1 0.3725 0.4325 0.065 0.045
0 0.939375 0.536875 0.12125 0.19625
0 0.8125 0.565625 0.1075 0.1425
5 0.62375 0.608125 0.1225 0.165
9 0.484375 0.99 0.08875 0.02