1 0.13145833333333334 0.20375 0.060833333333333336 0.09625
1 0.125625 0.2871875 0.065625 0.09125
1 0.15770833333333334 0.3784375 0.0625 0.09375
1 0.18229166666666666 0.2659375 0.060833333333333336 0.09875
1 0.175 0.1834375 0.051041666666666666 0.0734375
1 0.22520833333333334 0.2696875 0.05416666666666667 0.08875
10 0.686875 0.24 0.2995833333333333 0.256875
0 0.30416666666666664 0.7884375 0.034166666666666665 0.0646875
0 0.20395833333333332 0.884375 0.035833333333333335 0.046875
0 0.2710416666666667 0.85625 0.03875 0.045
1 0.20166666666666666 0.9753125 0.020625 0.0390625
1 0.2685416666666667 0.7634375 0.03125 0.03625
8 0.265 0.7296875 0.019583333333333335 0.02375
9 0.198125 0.71375 0.034583333333333334 0.0290625
9 0.14854166666666666 0.6615625 0.040625 0.0421875
9 0.93125 0.6353125 0.11333333333333333 0.070625
0 0.9814583333333333 0.705 0.037083333333333336 0.1625