1 0.3124087591240876 0.4381868131868132 0.08175182481751825 0.11195054945054946
1 0.3014598540145985 0.34065934065934067 0.08832116788321168 0.1092032967032967
1 0.23868613138686132 0.2534340659340659 0.08394160583941605 0.1092032967032967
1 0.2321167883211679 0.39217032967032966 0.08394160583941605 0.11538461538461539
1 0.2605839416058394 0.4807692307692308 0.06788321167883211 0.0885989010989011
1 0.1759124087591241 0.4072802197802198 0.07226277372262774 0.10645604395604395
1 0.7985401459854015 0.41552197802197804 0.07591240875912408 0.06318681318681318
7 0.7145985401459855 0.03571428571428571 0.07737226277372262 0.07142857142857142
11 0.9802919708029197 0.25 0.03941605839416058 0.07692307692307693
4 0.40364963503649637 0.7685439560439561 0.05401459854014599 0.050824175824175824
3 0.7525547445255475 0.7671703296703297 0.23065693430656933 0.11332417582417582
3 0.7474452554744525 0.907967032967033 0.3364963503649635 0.14560439560439561