1 0.11775362318840579 0.3667205169628433 0.08695652173913043 0.11631663974151858
1 0.23731884057971014 0.41518578352180935 0.04045893719806763 0.0630048465266559
1 0.4166666666666667 0.39176090468497576 0.1316425120772947 0.15347334410339256
1 0.43719806763285024 0.24636510500807754 0.058574879227053143 0.1470113085621971
1 0.29106280193236717 0.2665589660743134 0.06702898550724638 0.10662358642972536
1 0.2554347826086957 0.05815831987075929 0.04045893719806763 0.11308562197092084
1 0.14492753623188406 0.06623586429725363 0.13405797101449277 0.1098546042003231
0 0.11231884057971014 0.561389337641357 0.14794685990338163 0.1567043618739903
1 0.663647342995169 0.32794830371567046 0.03864734299516908 0.0630048465266559
11 0.4311594202898551 0.8150242326332795 0.059178743961352656 0.07592891760904685
11 0.4758454106280193 0.778675282714055 0.033816425120772944 0.0630048465266559
11 0.1473429951690821 0.8570274636510501 0.03743961352657005 0.05654281098546042
11 0.47342995169082125 0.6833602584814217 0.043478260869565216 0.08723747980613894
8 0.5090579710144928 0.7641357027463651 0.020531400966183576 0.08077544426494346
8 0.00785024154589372 0.6712439418416801 0.01570048309178744 0.050080775444264945
8 0.2536231884057971 0.6623586429725363 0.043478260869565216 0.045234248788368334
8 0.29528985507246375 0.9418416801292407 0.04710144927536232 0.05492730210016155
8 0.1678743961352657 0.6954765751211631 0.043478260869565216 0.07431340872374798
0 0.24214975845410627 0.8473344103392568 0.08091787439613526 0.0630048465266559
7 0.35507246376811596 0.659935379644588 0.04589371980676329 0.04038772213247173
9 0.8786231884057971 0.8174474959612278 0.10748792270531402 0.0888529886914378
7 0.839975845410628 0.9652665589660743 0.08574879227053141 0.06946688206785137
7 0.714975845410628 0.6930533117932148 0.051932367149758456 0.05977382875605816
11 0.8146135265700483 0.7584814216478191 0.04589371980676329 0.05654281098546042
11 0.7536231884057971 0.9725363489499192 0.05314009661835749 0.05492730210016155
11 0.7554347826086957 0.8150242326332795 0.06763285024154589 0.0791599353796446
11 0.5646135265700483 0.8586429725363489 0.05434782608695652 0.09531502423263329
8 0.9528985507246377 0.7495961227786753 0.06159420289855073 0.07431340872374798