1 0.23284313725490197 0.27847533632286997 0.10294117647058823 0.1242152466367713
1 0.33762254901960786 0.09237668161434978 0.0428921568627451 0.08071748878923767
1 0.07965686274509803 0.17937219730941703 0.0428921568627451 0.11076233183856503
11 0.4362745098039216 0.3865470852017937 0.014705882352941176 0.04484304932735426
11 0.6446078431372549 0.47533632286995514 0.061274509803921566 0.008968609865470852
7 0.664828431372549 0.29596412556053814 0.04656862745098039 0.03587443946188341
7 0.6299019607843137 0.13632286995515694 0.06495098039215687 0.03856502242152467
11 0.5263480392156863 0.2766816143497758 0.0661764705882353 0.04125560538116592
0 0.25245098039215685 0.6695067264573991 0.04779411764705882 0.05022421524663677
0 0.17585784313725492 0.6192825112107623 0.06311274509803921 0.033632286995515695
0 0.35232843137254904 0.6825112107623318 0.0392156862745098 0.04753363228699552
0 0.04105392156862745 0.5838565022421525 0.06678921568627451 0.05291479820627803
7 0.30575980392156865 0.8605381165919282 0.04595588235294118 0.04304932735426009
7 0.3327205882352941 0.8062780269058296 0.02389705882352941 0.04170403587443946
7 0.2653186274509804 0.8219730941704035 0.0545343137254902 0.05874439461883408
11 0.3125 0.7713004484304933 0.04350490196078431 0.06816143497757847
11 0.23590686274509803 0.8533632286995516 0.030637254901960783 0.04035874439461883
0 0.0625 0.532286995515695 0.04044117647058824 0.04304932735426009
7 0.3645833333333333 0.8403587443946189 0.03370098039215686 0.04035874439461883
7 0.9920343137254902 0.5959641255605381 0.015931372549019607 0.08878923766816144
7 0.7941176470588235 0.7892376681614349 0.07598039215686274 0.0726457399103139
7 0.9607843137254902 0.7134529147982063 0.07720588235294118 0.045739910313901344
8 0.8633578431372549 0.6713004484304933 0.05759803921568627 0.07443946188340807
8 0.9013480392156863 0.9717488789237668 0.08946078431372549 0.05650224215246637
11 0.7138480392156863 0.8668161434977578 0.061274509803921566 0.06816143497757847