1 0.365625 0.2015065913370998 0.088125 0.1120527306967985
1 0.253125 0.1854990583804143 0.04125 0.059322033898305086
1 0.09 0.2401129943502825 0.13125 0.15160075329566855
1 0.08375 0.3644067796610169 0.065625 0.1318267419962335
1 0.215 0.32015065913371 0.0675 0.09792843691148775
1 0.264375 0.4868173258003766 0.045 0.1007532956685499
1 0.365 0.4585687382297552 0.13125 0.11770244821092278
0 0.355 0.059322033898305086 0.148125 0.11770244821092278
5 0.68375 0.4067796610169492 0.27 0.263653483992467
5 0.5325 0.10828625235404897 0.105 0.21657250470809794
5 0.849375 0.1271186440677966 0.25625 0.2542372881355932
5 0.913125 0.4152542372881356 0.1175 0.24293785310734464
1 0.27 0.7099811676082862 0.0975 0.09981167608286252
1 0.2525 0.7937853107344632 0.09 0.06120527306967985
1 0.164375 0.8926553672316384 0.07375 0.0856873822975518
1 0.185 0.7532956685499058 0.09125 0.08380414312617702
8 0.0675 0.85969868173258 0.063125 0.07062146892655367
6 0.4 0.7372881355932204 0.09125 0.07532956685499058
7 0.676875 0.8568738229755178 0.06 0.07532956685499058
8 0.751875 0.8013182674199624 0.05 0.08662900188323917
8 0.555625 0.9858757062146892 0.05375 0.02824858757062147
8 0.625625 0.9849340866290018 0.05625 0.030131826741996232
11 0.821875 0.7966101694915254 0.035 0.06591337099811675
11 0.485 0.9566854990583804 0.01 0.08662900188323917
11 0.503125 0.8248587570621468 0.04625 0.06779661016949153
11 0.785 0.7627118644067796 0.0425 0.06591337099811675
11 0.788125 0.8286252354048964 0.0525 0.07909604519774012
11 0.69125 0.783427495291902 0.05 0.0847457627118644
11 0.70125 0.9849340866290018 0.0475 0.030131826741996232