1 0.4114391143911439 0.2310177705977383 0.06396063960639606 0.0840064620355412
1 0.3548585485854859 0.3077544426494346 0.06519065190651907 0.08562197092084006
1 0.22078720787207873 0.3481421647819063 0.06273062730627306 0.07431340872374798
1 0.31426814268142683 0.45395799676898224 0.05166051660516605 0.07592891760904685
1 0.22816728167281672 0.47495961227786754 0.05412054120541206 0.07431340872374798
1 0.13653136531365315 0.531502423263328 0.056580565805658053 0.06623586429725363
1 0.13038130381303814 0.6058158319870759 0.07134071340713408 0.06785137318255251
1 0.22140221402214022 0.5621970920840065 0.04797047970479705 0.05815831987075929
1 0.31857318573185733 0.5912762520193862 0.15252152521525214 0.09693053311793215
1 0.5682656826568265 0.2649434571890145 0.06642066420664207 0.09854604200323101
1 0.5811808118081181 0.12924071082390953 0.07749077490774908 0.14862681744749595
1 0.43419434194341944 0.0032310177705977385 0.05412054120541206 0.006462035541195477
1 0.45387453874538747 0.46607431340872374 0.06519065190651907 0.09208400646203554
0 0.28413284132841327 0.3594507269789984 0.05904059040590406 0.09693053311793215
0 0.35977859778597787 0.033117932148626815 0.06519065190651907 0.06623586429725363
3 0.37392373923739236 0.6962843295638126 0.3075030750307503 0.11308562197092084
3 0.19126691266912668 0.8731825525040388 0.2097170971709717 0.10662358642972536
3 0.3671586715867159 0.8255250403877221 0.1752767527675277 0.09208400646203554
3 0.18511685116851168 0.9450726978998385 0.22509225092250923 0.1098546042003231
1 0.1986469864698647 0.8037156704361874 0.2177121771217712 0.11389337641357028
1 0.14883148831488316 0.7487883683360258 0.21525215252152521 0.11147011308562198
9 0.6476014760147601 0.9749596122778675 0.055350553505535055 0.050080775444264945
9 0.8653136531365314 0.9612277867528272 0.08733087330873308 0.07754442649434572
9 0.7103321033210332 0.9644588045234249 0.09225092250922509 0.07108239095315025
1 0.9212792127921279 0.8368336025848142 0.06888068880688807 0.10016155088852989
1 0.7988929889298892 0.7124394184168013 0.056580565805658053 0.08239095315024232
1 0.7447724477244773 0.7544426494345718 0.06519065190651907 0.09046849757673667
11 0.9575645756457565 0.962843295638126 0.06027060270602706 0.07431340872374798
7 0.6512915129151291 0.8053311793214862 0.05043050430504305 0.06462035541195477
0 0.8204182041820418 0.9935379644588045 0.04920049200492005 0.012924071082390954