1 0.32546296296296295 0.40879629629629627 0.06805555555555555 0.09398148148148149
1 0.10046296296296296 0.125 0.047685185185185185 0.09722222222222222
1 0.24259259259259258 0.24351851851851852 0.04953703703703704 0.06805555555555555
1 0.23472222222222222 0.3416666666666667 0.05185185185185185 0.09861111111111111
1 0.4449074074074074 0.34629629629629627 0.06712962962962964 0.09583333333333334
1 0.22824074074074074 0.13333333333333333 0.046296296296296294 0.09722222222222222
1 0.3541666666666667 0.5037037037037037 0.03981481481481482 0.047685185185185185
6 0.31527777777777777 0.4898148148148148 0.029166666666666667 0.041666666666666664
6 0.7060185185185185 0.4976851851851852 0.01712962962962963 0.03935185185185185
7 0.850925925925926 0.36666666666666664 0.03518518518518519 0.06388888888888888
7 0.7888888888888889 0.1300925925925926 0.028703703703703703 0.05787037037037037
8 0.7597222222222222 0.39675925925925926 0.022222222222222223 0.05185185185185185
7 0.7208333333333333 0.1763888888888889 0.03148148148148148 0.06388888888888888
7 0.7282407407407407 0.2851851851851852 0.02824074074074074 0.075
7 0.11064814814814815 0.6231481481481481 0.03796296296296296 0.049074074074074076
7 0.25462962962962965 0.6648148148148149 0.03888888888888889 0.044444444444444446
7 0.32175925925925924 0.7393518518518518 0.02962962962962963 0.03148148148148148
7 0.39351851851851855 0.8925925925925926 0.046296296296296294 0.03518518518518519
9 0.7476851851851852 0.6041666666666666 0.07222222222222222 0.06666666666666667
8 0.925 0.7666666666666667 0.06851851851851852 0.06574074074074074
8 0.6259259259259259 0.6388888888888888 0.06574074074074074 0.06574074074074074
5 0.9935185185185185 0.6069444444444444 0.012962962962962963 0.0712962962962963