1 0.19962335216572505 0.128099173553719 0.09416195856873823 0.09504132231404959
1 0.128060263653484 0.4214876033057851 0.17702448210922786 0.13636363636363635
1 0.2693032015065913 0.12190082644628099 0.1167608286252354 0.10950413223140495
1 0.2495291902071563 0.20144628099173553 0.06779661016949153 0.07231404958677685
1 0.3455743879472693 0.20041322314049587 0.04143126177024482 0.045454545454545456
1 0.4124293785310734 0.21797520661157024 0.10546139359698682 0.09504132231404959
1 0.3766478342749529 0.1322314049586777 0.1111111111111111 0.10537190082644628
1 0.3013182674199623 0.17148760330578514 0.09792843691148775 0.09917355371900827
1 0.1873822975517891 0.24070247933884298 0.1167608286252354 0.12603305785123967
1 0.1337099811676083 0.3305785123966942 0.1167608286252354 0.11983471074380166
1 0.4830508474576271 0.16012396694214875 0.09792843691148775 0.10330578512396695
5 0.6534839924670434 0.3305785123966942 0.2297551789077213 0.3181818181818182
5 0.5649717514124294 0.17045454545454544 0.05273069679849341 0.23760330578512398
5 0.7015065913370998 0.2644628099173554 0.10922787193973635 0.15495867768595042
5 0.8145009416195856 0.10433884297520661 0.3333333333333333 0.20867768595041322
5 0.8813559322033898 0.41838842975206614 0.23728813559322035 0.14256198347107438
9 0.160075329566855 0.5289256198347108 0.12429378531073447 0.07851239669421488
9 0.060263653483992465 0.5640495867768595 0.12052730696798493 0.1487603305785124
11 0.20998116760828625 0.84400826446281 0.07532956685499058 0.07231404958677685
11 0.3182674199623352 0.7665289256198347 0.07532956685499058 0.07024793388429752
11 0.3380414312617702 0.856404958677686 0.09227871939736347 0.09297520661157024
9 0.24764595103578155 0.9297520661157025 0.0903954802259887 0.08884297520661157
8 0.8653483992467044 0.731404958677686 0.10546139359698682 0.11363636363636363
8 0.7335216572504708 0.7644628099173554 0.0903954802259887 0.09504132231404959
8 0.5941619585687382 0.7768595041322314 0.064030131826742 0.07644628099173553
1 0.711864406779661 0.5206611570247934 0.07909604519774012 0.06198347107438017
1 0.7900188323917138 0.6043388429752066 0.07721280602636535 0.08057851239669421
1 0.8286252354048964 0.6673553719008265 0.07344632768361582 0.06611570247933884
7 0.9858757062146892 0.9473140495867769 0.02824858757062147 0.10537190082644628
7 0.9444444444444444 0.6725206611570248 0.0583804143126177 0.06611570247933884