1 0.36333333333333334 0.20659340659340658 0.28933333333333333 0.3934065934065934
1 0.18133333333333335 0.15384615384615385 0.092 0.21428571428571427
1 0.084 0.13516483516483516 0.09733333333333333 0.25054945054945055
5 0.576 0.2230769230769231 0.112 0.4461538461538462
5 0.758 0.23186813186813188 0.14133333333333334 0.4197802197802198
5 0.92 0.06703296703296703 0.06666666666666667 0.13406593406593406
5 0.966 0.33076923076923076 0.068 0.2967032967032967
5 0.8893333333333333 0.3868131868131868 0.10133333333333333 0.18461538461538463
5 0.7733333333333333 0.4582417582417582 0.05333333333333334 0.041758241758241756
4 0.22333333333333333 0.7164835164835165 0.08866666666666667 0.11648351648351649
3 0.6026666666666667 0.7626373626373626 0.16266666666666665 0.18681318681318682
3 0.9466666666666667 0.9263736263736264 0.10666666666666667 0.14725274725274726
3 0.754 0.9582417582417583 0.07333333333333333 0.08351648351648351
3 0.7173333333333334 0.5186813186813187 0.14133333333333334 0.07912087912087912
3 0.9686666666666667 0.7043956043956044 0.06266666666666666 0.15604395604395604
3 0.93 0.6252747252747253 0.14 0.17362637362637362
3 0.7873333333333333 0.7021978021978021 0.08266666666666667 0.14285714285714285
3 0.864 0.7692307692307693 0.06933333333333333 0.14945054945054945