1 0.16177908113391984 0.30718475073313783 0.3235581622678397 0.6143695014662757
1 0.32160312805474095 0.45821114369501464 0.12121212121212122 0.313049853372434
1 0.4120234604105572 0.48607038123167157 0.13147605083088953 0.2653958944281525
9 0.8279569892473119 0.4303519061583578 0.2512218963831867 0.2565982404692082
9 0.8558162267839687 0.09604105571847507 0.17888563049853373 0.19208211143695014
2 0.5615835777126099 0.3247800586510264 0.08504398826979472 0.12756598240469208
8 0.2697947214076246 0.7023460410557185 0.06940371456500488 0.05791788856304985
8 0.3807429130009775 0.6913489736070382 0.04838709677419355 0.04032258064516129
8 0.20625610948191594 0.8086510263929618 0.04594330400782014 0.0373900293255132
8 0.3724340175953079 0.8680351906158358 0.04838709677419355 0.04398826979472141
8 0.0747800586510264 0.8255131964809385 0.0552297165200391 0.06085043988269795
4 0.4750733137829912 0.8027859237536656 0.07135874877810362 0.050586510263929615
4 0.17888563049853373 0.9384164222873901 0.060117302052785926 0.03592375366568915
4 0.1798631476050831 0.8658357771260997 0.06695992179863147 0.04912023460410557
4 0.10850439882697947 0.7148093841642229 0.06207233626588465 0.06451612903225806
9 0.4232649071358749 0.9523460410557185 0.07624633431085044 0.06085043988269795
1 0.6466275659824047 0.7844574780058651 0.03812316715542522 0.06451612903225806