1 0.29411764705882354 0.3302083333333333 0.05754475703324808 0.09635416666666667
1 0.05754475703324808 0.26979166666666665 0.04283887468030691 0.09635416666666667
1 0.18861892583120204 0.259375 0.04219948849104859 0.06979166666666667
1 0.2129156010230179 0.34375 0.04539641943734015 0.09791666666666667
1 0.35485933503836314 0.190625 0.05754475703324808 0.09947916666666666
1 0.14578005115089515 0.18125 0.04219948849104859 0.09479166666666666
1 0.3420716112531969 0.3854166666666667 0.03260869565217391 0.04895833333333333
6 0.31202046035805625 0.403125 0.024936061381074168 0.043229166666666666
8 0.8759590792838875 0.3723958333333333 0.08823529411764706 0.08020833333333334
8 0.9757033248081841 0.07135416666666666 0.04859335038363171 0.10104166666666667
1 0.29731457800511507 0.8046875 0.08695652173913043 0.08697916666666666
1 0.27301790281329924 0.7416666666666667 0.0907928388746803 0.08489583333333334
1 0.20460358056265984 0.6942708333333333 0.08695652173913043 0.08697916666666666
1 0.2186700767263427 0.7880208333333333 0.08695652173913043 0.0890625
1 0.2563938618925831 0.8432291666666667 0.07033248081841433 0.06875
1 0.1707161125319693 0.809375 0.07672634271099744 0.08125
4 0.6950127877237852 0.6604166666666667 0.0748081841432225 0.09947916666666666
4 0.6259590792838875 0.7666666666666667 0.06457800511508952 0.07604166666666666
4 0.6502557544757033 0.8739583333333333 0.056265984654731455 0.06822916666666666
4 0.7448849104859335 0.771875 0.058184143222506396 0.08125
4 0.7679028132992327 0.8739583333333333 0.06010230179028133 0.08645833333333333
4 0.7800511508951407 0.55 0.058184143222506396 0.06041666666666667
7 0.6560102301790282 0.9489583333333333 0.06649616368286446 0.10208333333333333
4 0.6035805626598465 0.8739583333333333 0.05179028132992328 0.0578125