1 0.31266666666666665 0.1612170753860127 0.14933333333333335 0.09445958219800181
1 0.27266666666666667 0.22797456857402362 0.15633333333333332 0.09264305177111716
1 0.30933333333333335 0.31380563124432337 0.153 0.09264305177111716
1 0.39766666666666667 0.22888283378746593 0.14933333333333335 0.09673024523160763
1 0.4083333333333333 0.1589464123524069 0.12166666666666667 0.07311534968210717
1 0.483 0.24613987284287012 0.13533333333333333 0.08583106267029973
8 0.7733333333333333 0.3228882833787466 0.06666666666666667 0.1226158038147139
7 0.889 0.3333333333333333 0.132 0.15803814713896458
8 0.358 0.7279745685740237 0.11766666666666667 0.08128973660308811
8 0.4876666666666667 0.7198001816530427 0.087 0.05994550408719346
8 0.3913333333333333 0.6253405994550408 0.06833333333333333 0.049500454132606724
8 0.23233333333333334 0.528156221616712 0.06833333333333333 0.03678474114441417
8 0.48633333333333334 0.564486830154405 0.075 0.049500454132606724
8 0.5933333333333334 0.796094459582198 0.075 0.05903723887375113
9 0.12233333333333334 0.5576748410535877 0.127 0.0958219800181653
7 0.667 0.9109900090826522 0.075 0.08128973660308811
6 0.8723333333333333 0.7334241598546776 0.07166666666666667 0.1916439600363306
6 0.766 0.5540417801998183 0.023666666666666666 0.08673932788374206
6 0.9256666666666666 0.8274296094459582 0.051333333333333335 0.1516802906448683
6 0.9453333333333334 0.7111716621253406 0.056666666666666664 0.1516802906448683