1 0.27380952380952384 0.15904761904761905 0.14087301587301587 0.0980952380952381
1 0.1259920634920635 0.3038095238095238 0.05952380952380952 0.06380952380952382
1 0.4871031746031746 0.24095238095238095 0.05654761904761905 0.08761904761904762
5 0.7132936507936508 0.2876190476190476 0.06746031746031746 0.06666666666666667
9 0.34523809523809523 0.9304761904761905 0.07341269841269842 0.047619047619047616
9 0.24603174603174602 0.8476190476190476 0.07936507936507936 0.05523809523809524
7 0.12698412698412698 0.7838095238095238 0.0496031746031746 0.03619047619047619
8 0.15674603174603174 0.44285714285714284 0.061507936507936505 0.05142857142857143
8 0.26884920634920634 0.7676190476190476 0.047619047619047616 0.05904761904761905
8 0.3382936507936508 0.9914285714285714 0.0496031746031746 0.017142857142857144
11 0.17261904761904762 0.5276190476190477 0.07539682539682539 0.07238095238095238
11 0.44841269841269843 0.4057142857142857 0.05952380952380952 0.05333333333333334
11 0.4771825396825397 0.5142857142857142 0.05555555555555555 0.05523809523809524
11 0.3273809523809524 0.4142857142857143 0.047619047619047616 0.05523809523809524
7 0.5525793650793651 0.981904761904762 0.03968253968253968 0.03428571428571429
7 0.5674603174603174 0.8857142857142857 0.05357142857142857 0.049523809523809526
8 0.3353174603174603 0.7961904761904762 0.03571428571428571 0.03428571428571429
8 0.3343253968253968 0.7638095238095238 0.037698412698412696 0.030476190476190476
7 0.23511904761904762 0.940952380952381 0.04365079365079365 0.03428571428571429
8 0.20734126984126985 0.7228571428571429 0.025793650793650792 0.024761904761904763
8 0.25297619047619047 0.7104761904761905 0.031746031746031744 0.02857142857142857
8 0.23511904761904762 0.7304761904761905 0.025793650793650792 0.02666666666666667
8 0.21924603174603174 0.7676190476190476 0.025793650793650792 0.024761904761904763
8 0.3244047619047619 0.98 0.041666666666666664 0.030476190476190476
7 0.20734126984126985 0.7914285714285715 0.047619047619047616 0.0380952380952381
7 0.2777777777777778 0.9161904761904762 0.031746031746031744 0.030476190476190476
11 0.3621031746031746 0.8666666666666667 0.04563492063492063 0.04
11 0.42063492063492064 0.8752380952380953 0.037698412698412696 0.03428571428571429
11 0.3978174603174603 0.8809523809523809 0.027777777777777776 0.03428571428571429
11 0.2916666666666667 0.8152380952380952 0.04365079365079365 0.0380952380952381
1 0.7728174603174603 0.4685714285714286 0.07242063492063493 0.13904761904761906
1 0.7976190476190477 0.6 0.06845238095238096 0.06857142857142857
1 0.8214285714285714 0.6885714285714286 0.10317460317460317 0.07333333333333333
1 0.8184523809523809 0.8561904761904762 0.04265873015873016 0.04380952380952381
1 0.8452380952380952 0.940952380952381 0.04265873015873016 0.05904761904761905