1 0.251 0.2951111111111111 0.10566666666666667 0.06088888888888889
1 0.17666666666666667 0.19777777777777777 0.09066666666666667 0.06222222222222222
1 0.281 0.18711111111111112 0.08766666666666667 0.06577777777777778
1 0.44733333333333336 0.18088888888888888 0.121 0.049777777777777775
1 0.43066666666666664 0.11777777777777777 0.07866666666666666 0.028888888888888888
1 0.6013333333333334 0.052 0.11166666666666666 0.04
1 0.30366666666666664 0.07777777777777778 0.09366666666666666 0.08
1 0.251 0.009777777777777778 0.08466666666666667 0.01911111111111111
7 0.8073333333333333 0.24977777777777777 0.035333333333333335 0.060444444444444446
7 0.8603333333333333 0.15555555555555556 0.036333333333333336 0.059555555555555556
7 0.8883333333333333 0.10355555555555555 0.026 0.07111111111111111
7 0.8706666666666667 0.23866666666666667 0.022 0.06222222222222222
7 0.7503333333333333 0.13644444444444445 0.031 0.064
9 0.77 0.19866666666666666 0.044333333333333336 0.12977777777777777
9 0.7116666666666667 0.16933333333333334 0.029 0.07022222222222223
5 0.129 0.6817777777777778 0.07 0.10488888888888889
5 0.16233333333333333 0.7457777777777778 0.066 0.10577777777777778
5 0.030666666666666665 0.7124444444444444 0.05333333333333334 0.1111111111111111
5 0.4156666666666667 0.948 0.058 0.060444444444444446
5 0.42633333333333334 0.8884444444444445 0.04533333333333334 0.06311111111111112
5 0.38966666666666666 0.8462222222222222 0.04733333333333333 0.06577777777777778
5 0.44633333333333336 0.8311111111111111 0.06066666666666667 0.07555555555555556
5 0.47833333333333333 0.9204444444444444 0.08066666666666666 0.12533333333333332
5 0.495 0.8133333333333334 0.056666666666666664 0.08888888888888889
5 0.622 0.7284444444444444 0.054 0.10311111111111111
5 0.514 0.6951111111111111 0.04133333333333333 0.06311111111111112
5 0.43733333333333335 0.6888888888888889 0.106 0.13155555555555556
5 0.3526666666666667 0.7622222222222222 0.072 0.072
5 0.2653333333333333 0.7146666666666667 0.084 0.10488888888888889
5 0.231 0.6048888888888889 0.03933333333333333 0.051555555555555556
5 0.14533333333333334 0.5688888888888889 0.06066666666666667 0.06222222222222222
5 0.010666666666666666 0.604 0.021333333333333333 0.06666666666666667
5 0.5543333333333333 0.66 0.06 0.07377777777777778
5 0.19966666666666666 0.5146666666666667 0.08933333333333333 0.08355555555555555
5 0.06 0.4146666666666667 0.04933333333333333 0.05511111111111111
3 0.7526666666666667 0.6897777777777778 0.047 0.15422222222222223
3 0.7706666666666667 0.4271111111111111 0.056 0.13422222222222221
3 0.7086666666666667 0.6373333333333333 0.03333333333333333 0.14444444444444443