1 0.19429976851851852 0.390625 0.09288194444444445 0.10570987654320987
1 0.1668113425925926 0.3184799382716049 0.09722222222222222 0.10570987654320987
1 0.18489583333333334 0.2212577160493827 0.09288194444444445 0.10570987654320987
1 0.24291087962962962 0.3125 0.09288194444444445 0.10821759259259259
1 0.2534722222222222 0.390625 0.07609953703703703 0.08410493827160494
1 0.2947048611111111 0.2908950617283951 0.08449074074074074 0.09857253086419752
7 0.47670717592592593 0.3653549382716049 0.05164930555555555 0.08314043209876543
7 0.8615451388888888 0.35204475308641975 0.04701967592592592 0.0787037037037037
7 0.6119791666666666 0.39853395061728397 0.05627893518518518 0.08989197530864197
7 0.5545428240740741 0.3431712962962963 0.030237268518518517 0.058834876543209874
7 0.5028935185185185 0.33969907407407407 0.027488425925925927 0.05652006172839506
7 0.8107638888888888 0.36689814814814814 0.05164930555555555 0.08545524691358025
8 0.8890335648148148 0.2195216049382716 0.02879050925925926 0.046489197530864196
8 0.8295717592592593 0.26003086419753085 0.02546296296296296 0.04436728395061729
8 0.7896412037037037 0.2787422839506173 0.028211805555555556 0.04436728395061729
8 0.7262731481481481 0.32253086419753085 0.020109953703703703 0.03433641975308642
8 0.6414930555555556 0.3441358024691358 0.03284143518518518 0.046489197530864196
9 0.8219039351851852 0.16898148148148148 0.043547453703703706 0.07658179012345678
9 0.7521701388888888 0.3314043209876543 0.02879050925925926 0.048804012345679014
9 0.265625 0.9266975308641975 0.05859375 0.035493827160493825
9 0.28920717592592593 0.8933256172839507 0.054253472222222224 0.03452932098765432
8 0.3784722222222222 0.689429012345679 0.052806712962962965 0.04533179012345679
8 0.21498842592592593 0.8221450617283951 0.052806712962962965 0.03665123456790124
8 0.20789930555555555 0.7573302469135802 0.052806712962962965 0.044174382716049385
7 0.36140046296296297 0.8080632716049383 0.06712962962962964 0.05381944444444445
7 0.25 0.7428626543209876 0.0642361111111111 0.05285493827160494
7 0.2349537037037037 0.859375 0.06004050925925926 0.04089506172839506
7 0.5410879629629629 0.6296296296296297 0.18229166666666666 0.11959876543209877