1 0.01875 0.3090277777777778 0.0375 0.08194444444444444
1 0.106640625 0.23333333333333334 0.05234375 0.0875
3 0.3078125 0.3958333333333333 0.07578125 0.11388888888888889
3 0.280859375 0.22777777777777777 0.05234375 0.10694444444444444
1 0.08359375 0.04027777777777778 0.0515625 0.08055555555555556
2 0.81015625 0.26180555555555557 0.04609375 0.06597222222222222
9 0.662890625 0.2263888888888889 0.058984375 0.07430555555555556
9 0.692578125 0.04375 0.058984375 0.059722222222222225
8 0.728125 0.09513888888888888 0.051171875 0.05138888888888889
8 0.737109375 0.011111111111111112 0.047265625 0.022222222222222223
8 0.726171875 0.2375 0.0421875 0.05277777777777778
8 0.912109375 0.20277777777777778 0.0578125 0.059722222222222225
8 0.790234375 0.029166666666666667 0.03671875 0.03819444444444445
8 0.787890625 0.18541666666666667 0.051171875 0.05416666666666667
7 0.73515625 0.4215277777777778 0.03828125 0.04791666666666667
9 0.613671875 0.26875 0.051171875 0.05694444444444444
7 0.74296875 0.3597222222222222 0.062890625 0.08611111111111111
7 0.62890625 0.32569444444444445 0.05 0.059722222222222225
7 0.696484375 0.2125 0.04453125 0.05277777777777778
7 0.8015625 0.08263888888888889 0.043359375 0.04375
7 0.64765625 0.44513888888888886 0.062890625 0.029166666666666667
7 0.70546875 0.3715277777777778 0.03828125 0.05138888888888889
7 0.663671875 0.2861111111111111 0.031640625 0.034722222222222224
7 0.584765625 0.3993055555555556 0.0484375 0.0625
7 0.66640625 0.3902777777777778 0.027734375 0.034722222222222224
7 0.688671875 0.33194444444444443 0.03671875 0.04236111111111111
7 0.730078125 0.04236111111111111 0.040625 0.04652777777777778
7 0.628125 0.1451388888888889 0.05 0.04375
7 0.716015625 0.1875 0.03828125 0.04097222222222222
7 0.7484375 0.20625 0.03671875 0.04097222222222222
2 0.39453125 0.6736111111111112 0.0703125 0.18055555555555555
9 0.251171875 0.9506944444444444 0.17265625 0.09861111111111111
9 0.383984375 0.8527777777777777 0.09140625 0.15
8 0.88515625 0.47708333333333336 0.060546875 0.034027777777777775
7 0.705078125 0.8534722222222222 0.08125 0.08194444444444444
7 0.820703125 0.6479166666666667 0.058203125 0.06597222222222222
2 0.9015625 0.7194444444444444 0.071484375 0.06944444444444445
0 0.951171875 0.8395833333333333 0.076953125 0.06944444444444445
0 0.826953125 0.7868055555555555 0.11875 0.09722222222222222
0 0.91171875 0.6590277777777778 0.082421875 0.07361111111111111
0 0.887890625 0.6152777777777778 0.0625 0.04722222222222222
0 0.76328125 0.6944444444444444 0.04609375 0.05555555555555555
6 0.63828125 0.9069444444444444 0.033984375 0.041666666666666664
11 0.5921875 0.9680555555555556 0.055859375 0.06180555555555556