1 0.4066666666666667 0.19230769230769232 0.10583333333333333 0.11758241758241758
1 0.3125 0.29120879120879123 0.051666666666666666 0.05934065934065934
1 0.14166666666666666 0.3758241758241758 0.155 0.16263736263736264
1 0.0825 0.289010989010989 0.08666666666666667 0.12527472527472527
1 0.22166666666666668 0.22197802197802197 0.085 0.1
1 0.195 0.06263736263736264 0.0625 0.09230769230769231
1 0.29833333333333334 0.03626373626373627 0.14916666666666667 0.07252747252747253
0 0.45666666666666667 0.3230769230769231 0.14666666666666667 0.1824175824175824
7 0.6991666666666667 0.10659340659340659 0.05333333333333334 0.07692307692307693
2 0.5425 0.056043956043956046 0.025 0.08131868131868132
9 0.56 0.46153846153846156 0.06 0.035164835164835165
9 0.6325 0.19230769230769232 0.08833333333333333 0.0967032967032967
7 0.30333333333333334 0.7274725274725274 0.06 0.06373626373626373
1 0.37 0.8307692307692308 0.06833333333333333 0.05714285714285714
11 0.27416666666666667 0.6153846153846154 0.051666666666666666 0.05384615384615385
11 0.20166666666666666 0.6274725274725275 0.0325 0.04065934065934066
11 0.39 0.5582417582417583 0.034166666666666665 0.04395604395604396
11 0.2425 0.6989010989010989 0.04083333333333333 0.03736263736263736
11 0.17 0.6956043956043956 0.04416666666666667 0.051648351648351645
11 0.08833333333333333 0.6901098901098901 0.0475 0.04395604395604396
11 0.31333333333333335 0.8538461538461538 0.06 0.05714285714285714
2 0.6075 0.8142857142857143 0.125 0.15824175824175823
9 0.9308333333333333 0.8582417582417582 0.125 0.14065934065934066