1 0.2978580990629183 0.09369951534733441 0.0823293172690763 0.09773828756058159
1 0.4109772423025435 0.22617124394184168 0.06961178045515395 0.10258481421647819
1 0.3333333333333333 0.27463651050080773 0.0642570281124498 0.10581583198707593
1 0.2034805890227577 0.3360258481421648 0.10040160642570281 0.07592891760904685
1 0.25100401606425704 0.4321486268174475 0.0642570281124498 0.04361873990306947
1 0.14926372155287818 0.5831987075928917 0.09303882195448461 0.051696284329563816
1 0.3748326639892905 0.45638126009693053 0.06693440428380187 0.13004846526655897
1 0.4571619812583668 0.5605815831987075 0.06961178045515395 0.051696284329563816
7 0.8386880856760375 0.2592891760904685 0.07028112449799197 0.17609046849757673
7 0.821285140562249 0.7972536348949919 0.03815261044176707 0.0420032310177706
1 0.8232931726907631 0.7051696284329564 0.048862115127175365 0.033117932148626815
11 0.8473895582329317 0.8804523424878837 0.03413654618473896 0.033925686591276254
11 0.7938420348058902 0.9006462035541195 0.01740294511378849 0.027463651050080775
11 0.9497991967871486 0.8739903069466882 0.018741633199464525 0.03150242326332795
11 0.7918340026773761 0.8392568659127625 0.030120481927710843 0.021809369951534735
11 0.7436412315930389 0.8691437802907916 0.025435073627844713 0.036348949919224556
11 0.6900937081659974 0.9038772213247173 0.03413654618473896 0.02665589660743134
11 0.7757697456492637 0.7124394184168013 0.040829986613119144 0.035541195476575124