1 0.206 0.280359820089955 0.066 0.06146926536731634
1 0.5045 0.14917541229385306 0.0425 0.06746626686656672
1 0.329 0.1889055472263868 0.0485 0.04422788605697151
1 0.3155 0.2608695652173913 0.047 0.06746626686656672
1 0.095 0.19940029985007496 0.066 0.06371814092953523
1 0.3695 0.11544227886056972 0.0415 0.06746626686656672
1 0.1545 0.33808095952023987 0.04 0.029985007496251874
6 0.198 0.3403298350824588 0.0285 0.026986506746626688
8 0.8505 0.34182908545727136 0.042 0.03973013493253373
11 0.7645 0.20914542728635682 0.049 0.046476761619190406
11 0.682 0.07871064467766117 0.0305 0.02623688155922039
11 0.694 0.11394302848575712 0.0315 0.022488755622188907
0 0.797 0.1386806596701649 0.051 0.044977511244377814
11 0.307 0.9400299850074962 0.046 0.06146926536731634
11 0.3635 0.9010494752623688 0.037 0.06446776611694154
11 0.2935 0.5862068965517241 0.038 0.07946026986506746
11 0.214 0.9085457271364318 0.054 0.07796101949025487
7 0.2785 0.7646176911544228 0.039 0.0734632683658171
7 0.1015 0.6484257871064468 0.05 0.08695652173913043
7 0.4425 0.7736131934032984 0.05 0.049475262368815595
7 0.412 0.6356821589205397 0.028 0.037481259370314844
7 0.4135 0.8913043478260869 0.037 0.05847076461769116
4 0.962 0.45652173913043476 0.063 0.10194902548725637
1 0.7785 0.8193403298350824 0.039 0.07796101949025487
11 0.7365 0.8343328335832084 0.043 0.06746626686656672
11 0.774 0.6536731634182908 0.04 0.0944527736131934
8 0.83 0.719640179910045 0.078 0.06296851574212893
8 0.829 0.6116941529235382 0.068 0.08845577211394302