1 0.1767578125 0.06881405563689605 0.07470703125 0.07833089311859444
1 0.28466796875 0.13177159590043924 0.06689453125 0.07613469985358712
1 0.23974609375 0.1808199121522694 0.06494140625 0.07833089311859444
1 0.16064453125 0.24816983894582723 0.08203125 0.06881405563689605
1 0.2138671875 0.30161054172767204 0.0517578125 0.040995607613469986
1 0.17333984375 0.40702781844802344 0.0732421875 0.02342606149341142
1 0.306640625 0.2913616398243045 0.07275390625 0.0951683748169839
1 0.3857421875 0.3411420204978038 0.05517578125 0.04685212298682284
9 0.4619140625 0.2862371888726208 0.064453125 0.26500732064421667
2 0.7734375 0.05636896046852123 0.166015625 0.11273792093704246
2 0.64501953125 0.13396778916544655 0.103515625 0.16398243045387995
6 0.19921875 0.739385065885798 0.0654296875 0.1054172767203514
6 0.15673828125 0.8572474377745242 0.0537109375 0.07613469985358712
6 0.11328125 0.7489019033674963 0.0439453125 0.060029282576866766
6 0.099609375 0.8045387994143485 0.0419921875 0.06588579795021962
3 0.10205078125 0.883601756954612 0.0771484375 0.10248901903367497
3 0.01513671875 0.849194729136164 0.0302734375 0.1054172767203514
8 0.7353515625 0.7840409956076134 0.0732421875 0.11273792093704246
1 0.71875 0.9736456808199122 0.078125 0.0527086383601757
1 0.650390625 0.5175695461200586 0.044921875 0.07759882869692533