1 0.18132530120481927 0.43805309734513276 0.05301204819277108 0.07964601769911504
1 0.08975903614457831 0.11858407079646018 0.0855421686746988 0.22300884955752212
1 0.22349397590361444 0.42389380530973453 0.06686746987951807 0.08849557522123894
1 0.2 0.3513274336283186 0.03674698795180723 0.06283185840707965
1 0.2572289156626506 0.3238938053097345 0.020481927710843374 0.03982300884955752
1 0.29397590361445786 0.2884955752212389 0.05963855421686747 0.07610619469026549
1 0.2849397590361446 0.3823008849557522 0.06204819277108434 0.08672566371681416
1 0.23493975903614459 0.3663716814159292 0.05421686746987952 0.084070796460177
1 0.1578313253012048 0.33008849557522124 0.06204819277108434 0.11150442477876106
1 0.11265060240963855 0.2575221238938053 0.06325301204819277 0.10353982300884956
1 0.34397590361445785 0.3247787610619469 0.05301204819277108 0.08849557522123894
9 0.6240963855421687 0.09115044247787611 0.06626506024096386 0.09026548672566372
9 0.7168674698795181 0.2920353982300885 0.043373493975903614 0.07079646017699115
8 0.7228915662650602 0.04336283185840708 0.04216867469879518 0.0584070796460177
7 0.6331325301204819 0.3495575221238938 0.056626506024096385 0.05486725663716814
7 0.6385542168674698 0.19557522123893806 0.02530120481927711 0.05132743362831858
7 0.5614457831325301 0.049557522123893805 0.04096385542168675 0.08849557522123894
6 0.19819277108433736 0.6150442477876106 0.13855421686746988 0.05132743362831858
6 0.43132530120481927 0.6530973451327433 0.03614457831325301 0.09557522123893805
6 0.32590361445783134 0.6964601769911505 0.1144578313253012 0.10088495575221239
10 0.3349397590361446 0.763716814159292 0.06265060240963856 0.08849557522123894
10 0.12409638554216867 0.6876106194690266 0.06987951807228916 0.08672566371681416
10 0.2391566265060241 0.7008849557522124 0.10240963855421686 0.09911504424778761
5 0.8885542168674698 0.8539823008849557 0.22289156626506024 0.27079646017699116