1 0.3016 0.08722358722358722 0.076 0.04238329238329238
1 0.1256 0.2678132678132678 0.1128 0.12837837837837837
1 0.3664 0.10073710073710074 0.0984 0.04606879606879607
1 0.3216 0.14189189189189189 0.0528 0.03501228501228501
1 0.408 0.16646191646191646 0.0312 0.02334152334152334
1 0.4624 0.1934889434889435 0.0888 0.03992628992628992
1 0.4592 0.13513513513513514 0.0912 0.04606879606879607
1 0.3784 0.1382063882063882 0.0784 0.04484029484029484
1 0.2536 0.14926289926289926 0.0888 0.06142506142506143
1 0.1752 0.18734643734643736 0.0912 0.056511056511056514
1 0.544 0.17813267813267813 0.076 0.0472972972972973
9 0.2104 0.5558968058968059 0.2032 0.15601965601965603
9 0.2008 0.7180589680589681 0.192 0.11793611793611794
9 0.0648 0.8329238329238329 0.0704 0.21314496314496315
9 0.5616 0.9441031941031941 0.0992 0.07985257985257985
2 0.4336 0.6670761670761671 0.1472 0.11117936117936118
8 0.8456 0.7088452088452089 0.04 0.07862407862407862
8 0.8928 0.7622850122850123 0.0288 0.05773955773955774
8 0.8416 0.8464373464373465 0.0224 0.049754299754299756
8 0.7648 0.9250614250614251 0.0208 0.05773955773955774
8 0.8664 0.9539312039312039 0.0256 0.04668304668304668
8 0.944 0.7039312039312039 0.024 0.06203931203931204
9 0.7288 0.8488943488943489 0.0376 0.11977886977886978
7 0.9904 0.5872235872235873 0.0184 0.09766584766584767