1 0.23462986198243413 0.3919354838709677 0.09473023839397741 0.14112903225806453
1 0.11668757841907151 0.29274193548387095 0.07277289836888332 0.07419354838709677
1 0.49560853199498117 0.44193548387096776 0.04203262233375157 0.07983870967741935
1 0.18695106649937265 0.36612903225806454 0.07841907151819323 0.10080645161290322
1 0.3644918444165621 0.4258064516129032 0.07528230865746549 0.09516129032258064
1 0.2245922208281054 0.2709677419354839 0.0740276035131744 0.07258064516129033
1 0.28670012547051443 0.29354838709677417 0.0671267252195734 0.11209677419354838
7 0.6097867001254705 0.5508064516129032 0.0890840652446675 0.08870967741935484
7 0.7051442910915935 0.6241935483870967 0.0740276035131744 0.0967741935483871
7 0.6982434127979925 0.41774193548387095 0.056461731493099125 0.07741935483870968
7 0.9648682559598495 0.4975806451612903 0.06649937264742785 0.09838709677419355
11 0.9686323713927227 0.03790322580645161 0.05520702634880803 0.07258064516129033
11 0.9868255959849436 0.20967741935483872 0.026348808030112924 0.05806451612903226
11 0.7377666248431619 0.05725806451612903 0.05771643663739021 0.054838709677419356
11 0.8237139272271017 0.02338709677419355 0.043914680050188205 0.0467741935483871
11 0.8042659974905897 0.6806451612903226 0.07779171894604768 0.016129032258064516
11 0.6919698870765371 0.11612903225806452 0.04767879548306148 0.06612903225806452
7 0.3224592220828105 0.9411290322580645 0.05771643663739021 0.07741935483870968
7 0.06775407779171895 0.9516129032258065 0.04893350062735257 0.054838709677419356
7 0.10225846925972397 0.9838709677419355 0.04140526976160602 0.03225806451612903
8 0.7797992471769134 0.7564516129032258 0.056461731493099125 0.04596774193548387
8 0.8739021329987453 0.7435483870967742 0.03889585947302384 0.031451612903225803
8 0.7346298619824341 0.8467741935483871 0.0370138017565872 0.03064516129032258
8 0.8795483061480552 0.8870967741935484 0.03889585947302384 0.03467741935483871
8 0.624215809284818 0.8653225806451613 0.0451693851944793 0.05
4 0.9617314930991218 0.8298387096774194 0.056461731493099125 0.04032258064516129
4 0.7220828105395232 0.9524193548387097 0.04893350062735257 0.027419354838709678
4 0.7170639899623589 0.8935483870967742 0.05269761606022585 0.03870967741935484
4 0.64366373902133 0.7741935483870968 0.04893350062735257 0.050806451612903224
9 0.9297365119196989 0.9540322580645161 0.06273525721455459 0.04838709677419355