1 0.3269628099173554 0.13539823008849558 0.07747933884297521 0.11504424778761062
1 0.125 0.5088495575221239 0.05785123966942149 0.11327433628318584
1 0.2587809917355372 0.3407079646017699 0.056818181818181816 0.0831858407079646
1 0.24018595041322313 0.2327433628318584 0.0625 0.11504424778761062
1 0.45764462809917356 0.1752212389380531 0.07747933884297521 0.11858407079646018
1 0.25671487603305787 0.4672566371681416 0.056818181818181816 0.11150442477876106
1 0.3455578512396694 0.02566371681415929 0.04442148760330578 0.05132743362831858
6 0.306301652892562 0.047787610619469026 0.03305785123966942 0.05221238938053097
2 0.7396694214876033 0.5017699115044247 0.16322314049586778 0.21415929203539824
9 0.78150826446281 0.2646017699115044 0.16012396694214875 0.20176991150442478
8 0.7443181818181818 0.38672566371681416 0.09710743801652892 0.11504424778761062
3 0.05113636363636364 0.7964601769911505 0.10227272727272728 0.1911504424778761
2 0.7949380165289256 0.8300884955752212 0.06198347107438017 0.09115044247787611
9 0.8827479338842975 0.6628318584070797 0.045454545454545456 0.07964601769911504
7 0.7407024793388429 0.7566371681415929 0.03305785123966942 0.04513274336283186
7 0.7665289256198347 0.6610619469026549 0.042355371900826444 0.06017699115044248
7 0.8109504132231405 0.6646017699115044 0.042355371900826444 0.06017699115044248