1 0.2437125748502994 0.12135922330097088 0.0718562874251497 0.06553398058252427
1 0.12455089820359282 0.37783171521035597 0.11736526946107785 0.1796116504854369
1 0.3017964071856287 0.13187702265372167 0.09041916167664671 0.07200647249190939
1 0.27065868263473053 0.1901294498381877 0.05029940119760479 0.05016181229773463
1 0.34850299401197604 0.21035598705501618 0.029940119760479042 0.03317152103559871
1 0.3994011976047904 0.23786407766990292 0.081437125748503 0.06229773462783172
1 0.38622754491017963 0.1634304207119741 0.0844311377245509 0.0703883495145631
1 0.31736526946107785 0.1779935275080906 0.07365269461077845 0.06877022653721683
1 0.21437125748502994 0.20792880258899676 0.0844311377245509 0.0889967637540453
1 0.15389221556886226 0.26618122977346276 0.08742514970059881 0.08414239482200647
1 0.4664670658682635 0.20792880258899676 0.07365269461077845 0.07200647249190939
1 0.625748502994012 0.1739482200647249 0.032335329341317366 0.07605177993527508
1 0.7389221556886227 0.11245954692556634 0.055089820359281436 0.06472491909385113
1 0.7059880239520958 0.26779935275080907 0.041916167664670656 0.06957928802588997
1 0.7844311377245509 0.22411003236245955 0.046706586826347304 0.06634304207119741
1 0.8820359281437126 0.20550161812297735 0.05029940119760479 0.05501618122977346
1 0.9203592814371258 0.26941747572815533 0.06467065868263473 0.06634304207119741
1 0.8251497005988024 0.29207119741100324 0.04311377245508982 0.04854368932038835
1 0.7706586826347306 0.4085760517799353 0.14011976047904193 0.12135922330097088
1 0.6167664670658682 0.37783171521035597 0.01437125748502994 0.0825242718446602
0 0.6922155688622754 0.16666666666666666 0.046706586826347304 0.09061488673139159
8 0.17485029940119762 0.8875404530744336 0.07664670658682635 0.11488673139158576
7 0.4784431137724551 0.9587378640776699 0.10419161676646707 0.0825242718446602
8 0.8125748502994012 0.5461165048543689 0.05748502994011976 0.07766990291262135
8 0.6904191616766467 0.8106796116504854 0.05389221556886228 0.06634304207119741
7 0.9161676646706587 0.6270226537216829 0.05748502994011976 0.06796116504854369
7 0.9377245508982036 0.5687702265372169 0.06467065868263473 0.06472491909385113
7 0.7592814371257485 0.7014563106796117 0.07305389221556886 0.11326860841423948
7 0.7311377245508982 0.936084142394822 0.05269461077844311 0.06796116504854369