1 0.35694444444444445 0.25 0.10208333333333333 0.07592592592592592
1 0.33194444444444443 0.19537037037037036 0.1076388888888889 0.07407407407407407
1 0.2513888888888889 0.15185185185185185 0.10486111111111111 0.07407407407407407
1 0.26319444444444445 0.23425925925925925 0.10208333333333333 0.07592592592592592
1 0.30694444444444446 0.2824074074074074 0.08541666666666667 0.058333333333333334
1 0.20347222222222222 0.25092592592592594 0.09027777777777778 0.06851851851851852
7 0.6166666666666667 0.026851851851851852 0.03888888888888889 0.053703703703703705
7 0.6361111111111111 0.37592592592592594 0.044444444444444446 0.06296296296296296
7 0.8083333333333333 0.25462962962962965 0.043055555555555555 0.06296296296296296
2 0.7208333333333333 0.4 0.04722222222222222 0.037037037037037035
9 0.5520833333333334 0.11666666666666667 0.05555555555555555 0.09074074074074075
9 0.7305555555555555 0.2518518518518518 0.07222222222222222 0.07592592592592592
8 0.16527777777777777 0.8240740740740741 0.05416666666666667 0.08148148148148149
8 0.0125 0.775 0.025 0.06111111111111111
8 0.004166666666666667 0.7675925925925926 0.008333333333333333 0.016666666666666666
11 0.011805555555555555 0.812962962962963 0.02361111111111111 0.044444444444444446
11 0.05555555555555555 0.6444444444444445 0.03611111111111111 0.04814814814814815
9 0.6527777777777778 0.9268518518518518 0.12777777777777777 0.14629629629629629
9 0.5888888888888889 0.4722222222222222 0.10555555555555556 0.10740740740740741
8 0.5930555555555556 0.9703703703703703 0.05555555555555555 0.05925925925925926
8 0.6 0.6574074074074074 0.075 0.08518518518518518