1 0.435625 0.18125 0.02875 0.055
1 0.436875 0.08375 0.02625 0.055
1 0.013125 0.185625 0.02625 0.07875
1 0.35375 0.048125 0.05625 0.0475
1 0.341875 0.0075 0.07125 0.015
1 0.431875 0.01875 0.03625 0.0375
1 0.189375 0.3 0.07 0.07125
6 0.668125 0.183125 0.0525 0.0525
6 0.54625 0.1625 0.0525 0.03875
6 0.738125 0.176875 0.05875 0.06125
6 0.768125 0.31875 0.06125 0.04375
6 0.8275 0.24125 0.10375 0.0875
6 0.83125 0.296875 0.065 0.045
10 0.719375 0.26 0.14375 0.08
10 0.62 0.128125 0.0675 0.0675
10 0.7325 0.118125 0.11125 0.085
5 0.18375 0.7525 0.286875 0.32
11 0.815625 0.8625 0.0975 0.09375
11 0.95 0.893125 0.1 0.11375
11 0.881875 0.58125 0.14875 0.1
11 0.73875 0.6225 0.14125 0.145
11 0.6575 0.809375 0.10375 0.1025
11 0.838125 0.640625 0.1 0.10625