1 0.291875 0.2137476459510358 0.094375 0.1167608286252354
1 0.311875 0.3013182674199623 0.09875 0.11393596986817325
1 0.279375 0.4105461393596987 0.096875 0.11393596986817325
1 0.23 0.2947269303201507 0.094375 0.11958568738229755
1 0.2275 0.2033898305084746 0.078125 0.09133709981167608
1 0.17125 0.3097928436911488 0.085 0.10828625235404897
5 0.92875 0.3757062146892655 0.1425 0.1751412429378531
5 0.870625 0.2617702448210923 0.22 0.2128060263653484
5 0.789375 0.4538606403013183 0.13125 0.17702448210922786
5 0.62875 0.3107344632768362 0.155 0.15630885122410546
5 0.751875 0.13653483992467044 0.1675 0.2015065913370998
1 0.316875 0.935969868173258 0.078125 0.059322033898305086
1 0.36375 0.8427495291902072 0.07 0.060263653483992465
1 0.28875 0.835216572504708 0.065625 0.062146892655367235
1 0.16875 0.8333333333333334 0.089375 0.04990583804143126
1 0.175 0.7730696798493408 0.05875 0.02919020715630885
1 0.046875 0.7156308851224106 0.0825 0.04048964218455744
1 0.26375 0.731638418079096 0.071875 0.07532956685499058
1 0.29375 0.667608286252354 0.06125 0.01694915254237288
8 0.723125 0.7928436911487758 0.1075 0.13559322033898305
8 0.603125 0.7627118644067796 0.07875 0.09981167608286252
8 0.51 0.8851224105461394 0.04 0.1016949152542373