1 0.24375 0.09152542372881356 0.03 0.04067796610169491
1 0.273125 0.22372881355932203 0.03625 0.04067796610169491
1 0.149375 0.06864406779661017 0.035 0.0576271186440678
1 0.30375 0.061016949152542375 0.03625 0.04745762711864407
1 0.22625 0.20084745762711864 0.0325 0.0423728813559322
1 0.18125 0.015254237288135594 0.07 0.030508474576271188
11 0.973125 0.31271186440677967 0.05375 0.05593220338983051
11 0.856875 0.4406779661016949 0.09375 0.09830508474576272
11 0.554375 0.39915254237288134 0.07375 0.09830508474576272
9 0.171875 0.8703389830508474 0.15875 0.15
9 0.14125 0.7457627118644068 0.14625 0.11949152542372882
9 0.0325 0.6838983050847458 0.065 0.17542372881355933
9 0.361875 0.5127118644067796 0.0775 0.04576271186440678
2 0.311875 0.7389830508474576 0.11375 0.10677966101694915
5 0.76875 0.5220338983050847 0.27 0.06440677966101695
5 0.934375 0.7296610169491525 0.13125 0.2457627118644068
5 0.620625 0.7237288135593221 0.22125 0.3016949152542373