1 0.12734375 0.31056201550387597 0.055859375 0.09593023255813954
1 0.353515625 0.27277131782945735 0.042578125 0.09302325581395349
1 0.2296875 0.251453488372093 0.041015625 0.0687984496124031
1 0.20390625 0.33091085271317827 0.044921875 0.09593023255813954
1 0.0734375 0.17151162790697674 0.055859375 0.09738372093023256
1 0.27265625 0.18023255813953487 0.041796875 0.09302325581395349
1 0.080078125 0.3594961240310077 0.03203125 0.0499031007751938
6 0.108203125 0.3793604651162791 0.023828125 0.04263565891472868
6 0.733984375 0.30959302325581395 0.036328125 0.05329457364341085
6 0.814453125 0.34011627906976744 0.036328125 0.041182170542635656
6 0.6859375 0.30910852713178294 0.04140625 0.06201550387596899
6 0.674609375 0.16666666666666666 0.04140625 0.046027131782945735
6 0.630078125 0.2374031007751938 0.071875 0.0935077519379845
6 0.630859375 0.1821705426356589 0.04453125 0.04844961240310078
10 0.70390625 0.22868217054263565 0.09609375 0.08963178294573644
10 0.762890625 0.3682170542635659 0.047265625 0.06976744186046512
10 0.68671875 0.3682170542635659 0.076953125 0.09060077519379844
2 0.041015625 0.9045542635658915 0.08203125 0.18507751937984496
6 0.696484375 0.7703488372093024 0.16484375 0.19767441860465115
6 0.9765625 0.7000968992248062 0.046484375 0.07267441860465117
6 0.430078125 0.688468992248062 0.041015625 0.09108527131782945
6 0.836328125 0.8081395348837209 0.11796875 0.1569767441860465
6 0.801953125 0.9258720930232558 0.13046875 0.14825581395348839