1 0.401323706377858 0.21439628482972137 0.33935018050541516 0.31037151702786375
1 0.19554753309265946 0.23993808049535603 0.11191335740072202 0.17182662538699692
1 0.08784596871239471 0.24148606811145512 0.11793020457280386 0.20046439628482973
7 0.6239470517448856 0.3521671826625387 0.09025270758122744 0.03560371517027864
8 0.7503008423586041 0.25773993808049533 0.05535499398315283 0.0913312693498452
1 0.24548736462093862 0.6091331269349846 0.10830324909747292 0.12616099071207432
1 0.2779783393501805 0.7198142414860681 0.10409145607701564 0.07275541795665634
1 0.39771359807460893 0.8421052631578947 0.07942238267148015 0.11068111455108359
1 0.35318892900120336 0.6563467492260062 0.10048134777376655 0.10681114551083591
8 0.5084235860409145 0.7856037151702786 0.06859205776173286 0.09287925696594428
6 0.09326113116726835 0.663312693498452 0.10409145607701564 0.09287925696594428
2 0.641395908543923 0.8606811145510835 0.098676293622142 0.12538699690402477
9 0.7316486161251504 0.49458204334365324 0.05535499398315283 0.13622291021671826
9 0.641395908543923 0.39628482972136225 0.07460890493381468 0.05263157894736842
9 0.8351383874849578 0.38544891640866874 0.07460890493381468 0.030959752321981424
9 0.601684717208183 0.6904024767801857 0.0457280385078219 0.11145510835913312