1 0.17533333333333334 0.3369663941871026 0.03966666666666667 0.051771117166212535
1 0.22033333333333333 0.29518619436875565 0.04133333333333333 0.051771117166212535
1 0.315 0.2888283378746594 0.03966666666666667 0.04405086285195277
1 0.26166666666666666 0.20481380563124432 0.03133333333333333 0.0485921889191644
1 0.32166666666666666 0.20435967302452315 0.034 0.04632152588555858
1 0.6256666666666667 0.32697547683923706 0.048666666666666664 0.06357856494096276
1 0.389 0.18119891008174388 0.036333333333333336 0.03905540417801998
1 0.40066666666666667 0.12851952770208902 0.04666666666666667 0.04632152588555858
1 0.3343333333333333 0.148047229791099 0.03133333333333333 0.03451407811080836
1 0.27366666666666667 0.09264305177111716 0.10066666666666667 0.09264305177111716
1 0.072 0.2901907356948229 0.04066666666666666 0.06267029972752043
1 0.048666666666666664 0.37693006357856496 0.04833333333333333 0.0971843778383288
1 0.13633333333333333 0.5040871934604905 0.034666666666666665 0.043142597638510444
1 0.485 0.4100817438692098 0.045 0.059491371480472295
1 0.16766666666666666 0.17574931880108993 0.04066666666666666 0.05722070844686648
0 0.2733333333333333 0.2720254314259764 0.034666666666666665 0.06130790190735695
0 0.19133333333333333 0.47956403269754766 0.04066666666666666 0.049500454132606724
8 0.843 0.1344232515894641 0.058666666666666666 0.09355131698455948
7 0.688 0.4019073569482289 0.076 0.14259763851044505
9 0.323 0.821071752951862 0.119 0.11625794732061762
8 0.017666666666666667 0.7311534968210718 0.035333333333333335 0.05903723887375113
8 0.026 0.6380563124432335 0.052 0.05267938237965486
1 0.323 0.678928247048138 0.04466666666666667 0.06357856494096276
7 0.719 0.7166212534059946 0.03666666666666667 0.05449591280653951
7 0.8756666666666667 0.745685740236149 0.03666666666666667 0.04632152588555858
7 0.915 0.7633969118982743 0.034666666666666665 0.048138056312443236
7 0.9046666666666666 0.7048138056312443 0.032 0.04450499545867393
7 0.8156666666666667 0.7475022706630337 0.027333333333333334 0.03451407811080836
7 0.9433333333333334 0.8065395095367848 0.043333333333333335 0.05722070844686648
1 0.6663333333333333 0.8633060853769301 0.03266666666666666 0.051771117166212535
1 0.662 0.7992733878292462 0.024 0.043596730245231606
1 0.6846666666666666 0.7897366030881017 0.024 0.043596730245231606