1 0.18421052631578946 0.12796610169491526 0.1280701754385965 0.13220338983050847
1 0.02894736842105263 0.13135593220338984 0.05789473684210526 0.07288135593220339
1 0.47543859649122805 0.24661016949152542 0.028070175438596492 0.07288135593220339
1 0.12105263157894737 0.11864406779661017 0.10350877192982456 0.09661016949152543
1 0.3412280701754386 0.17966101694915254 0.1 0.09152542372881356
1 0.11754385964912281 0.21440677966101696 0.09649122807017543 0.0711864406779661
1 0.1956140350877193 0.2347457627118644 0.0912280701754386 0.10338983050847457
3 0.7508771929824561 0.12457627118644068 0.08947368421052632 0.08389830508474576
1 0.2482456140350877 0.8457627118644068 0.06140350877192982 0.1059322033898305
1 0.42280701754385963 0.6025423728813559 0.10789473684210527 0.27372881355932205
1 0.21052631578947367 0.7915254237288135 0.07631578947368421 0.1211864406779661
1 0.2535087719298246 0.738135593220339 0.043859649122807015 0.08135593220338982
1 0.20526315789473684 0.6542372881355932 0.02543859649122807 0.051694915254237285
1 0.17982456140350878 0.5805084745762712 0.06929824561403508 0.10338983050847457
1 0.16228070175438597 0.6872881355932203 0.07192982456140351 0.11610169491525424
1 0.21578947368421053 0.7186440677966102 0.06315789473684211 0.11101694915254237
1 0.3 0.7567796610169492 0.07368421052631578 0.14322033898305084
1 0.3631578947368421 0.7245762711864406 0.07543859649122807 0.13559322033898305
1 0.12017543859649123 0.5703389830508474 0.06315789473684211 0.11610169491525424
11 0.5675438596491228 0.6237288135593221 0.12280701754385964 0.06949152542372881
11 0.5640350877192982 0.8389830508474576 0.12456140350877193 0.09661016949152543
11 0.7350877192982456 0.7889830508474577 0.14210526315789473 0.14067796610169492