1 0.1766076421248835 0.22282608695652173 0.08294501397949673 0.10265700483091787
7 0.5232991612301957 0.23429951690821257 0.07362534948741846 0.11714975845410629
7 0.6589002795899348 0.26811594202898553 0.08760484622553588 0.0821256038647343
11 0.4790307548928239 0.2916666666666667 0.05778191985088537 0.035024154589371984
8 0.1267474370922647 0.7445652173913043 0.07688723205964586 0.14492753623188406
9 0.021435228331780055 0.5754830917874396 0.04287045666356011 0.17149758454106281
7 0.10018639328984157 0.9734299516908212 0.06383970177073625 0.05253623188405797
7 0.11835973904939422 0.5954106280193237 0.06383970177073625 0.14070048309178743
9 0.054520037278657965 0.663647342995169 0.07269338303821063 0.1539855072463768
7 0.8574091332712023 0.5048309178743962 0.08108108108108109 0.09420289855072464
7 0.5414725069897484 0.6135265700483091 0.07455731593662628 0.11352657004830918
7 0.5060577819198508 0.7089371980676329 0.11090400745573159 0.15338164251207728
2 0.722739981360671 0.7258454106280193 0.08667287977632805 0.15458937198067632
11 0.6644920782851818 0.7934782608695652 0.05964585274930102 0.07004830917874397
11 0.7982292637465052 0.7095410628019324 0.06896551724137931 0.07729468599033816
11 0.5992544268406338 0.6213768115942029 0.046598322460391424 0.04830917874396135