1 0.406875 0.24416666666666667 0.093125 0.08083333333333333
1 0.28375 0.26666666666666666 0.04375 0.0425
1 0.10125 0.23833333333333334 0.140625 0.10666666666666667
1 0.088125 0.145 0.06625 0.0975
1 0.235 0.16833333333333333 0.070625 0.0725
1 0.280625 0.03833333333333333 0.045625 0.07416666666666667
1 0.3925 0.050833333333333335 0.140625 0.08083333333333333
0 0.40375 0.3616666666666667 0.1575 0.09333333333333334
1 0.791875 0.32083333333333336 0.05625 0.06166666666666667
1 0.939375 0.115 0.08875 0.17333333333333334
1 0.75 0.2941666666666667 0.07125 0.06666666666666667
1 0.78625 0.24833333333333332 0.03875 0.04833333333333333
1 0.73125 0.205 0.0225 0.03166666666666667
1 0.69875 0.1625 0.06375 0.058333333333333334
1 0.6925 0.2375 0.06625 0.06666666666666667
1 0.7475 0.245 0.0575 0.065
1 0.83375 0.24916666666666668 0.065 0.085
1 0.8925 0.21166666666666667 0.0675 0.08
1 0.640625 0.17083333333333334 0.05625 0.06833333333333333
5 0.24625 0.6725 0.4925 0.43166666666666664
9 0.9675 0.6008333333333333 0.065 0.165
1 0.971875 0.9425 0.05625 0.11166666666666666
1 0.901875 0.9208333333333333 0.0475 0.09833333333333333
1 0.83875 0.97 0.06 0.06
1 0.773125 0.9358333333333333 0.05125 0.058333333333333334
1 0.885625 0.6958333333333333 0.05125 0.08166666666666667
8 0.6525 0.6066666666666667 0.07125 0.125
8 0.560625 0.6816666666666666 0.06125 0.12666666666666668