1 0.10252365930599369 0.24356617647058823 0.07728706624605679 0.11029411764705882
1 0.20715036803364878 0.20496323529411764 0.035226077812828605 0.06158088235294118
1 0.36225026288117773 0.23713235294117646 0.11777076761303891 0.14705882352941177
1 0.3764458464773922 0.3704044117647059 0.054153522607781286 0.13786764705882354
1 0.250788643533123 0.3446691176470588 0.05783385909568875 0.10110294117647059
1 0.21556256572029442 0.5349264705882353 0.03680336487907466 0.10386029411764706
1 0.12092534174553102 0.5211397058823529 0.11777076761303891 0.11029411764705882
0 0.10094637223974763 0.06893382352941177 0.13144058885383805 0.13786764705882354
10 0.6971608832807571 0.40625 0.49631966351209256 0.3639705882352941
0 0.23817034700315456 0.796875 0.07308096740273397 0.07077205882352941
7 0.30231335436382756 0.734375 0.031545741324921134 0.03768382352941176
7 0.18769716088328076 0.7849264705882353 0.03890641430073607 0.046875
7 0.3196635120925342 0.7840073529411765 0.04784437434279706 0.05606617647058824
7 0.8380651945320715 0.7766544117647058 0.06309148264984227 0.06985294117647059
7 0.6435331230283912 0.8924632352941176 0.04206098843322818 0.07352941176470588
8 0.7423764458464774 0.5992647058823529 0.0694006309148265 0.022058823529411766