1 0.2892768079800499 0.3025 0.29925187032418954 0.455
1 0.14027431421446385 0.29 0.11408977556109726 0.280625
1 0.06296758104738155 0.23375 0.12406483790523691 0.31875
7 0.4869077306733167 0.25 0.09600997506234414 0.1225
8 0.011221945137157107 0.898125 0.022443890274314215 0.074375
8 0.33104738154613467 0.665625 0.09725685785536159 0.075625
9 0.27119700748129677 0.575 0.11845386533665836 0.09
8 0.9445137157107232 0.900625 0.11097256857855362 0.15125
9 0.5847880299251871 0.759375 0.17955112219451372 0.20875
9 0.7674563591022444 0.571875 0.11845386533665836 0.08375
9 0.729426433915212 0.8875 0.10972568578553615 0.10625
9 0.9152119700748129 0.5775 0.08977556109725686 0.095