1 0.4126139817629179 0.35671342685370744 0.10638297872340426 0.12625250501002003
9 0.7955927051671733 0.050100200400801605 0.16261398176291794 0.10020040080160321
8 0.9582066869300911 0.187374749498998 0.0547112462006079 0.06813627254509018
11 0.4946808510638298 0.19238476953907815 0.031914893617021274 0.04809619238476954
11 0.587386018237082 0.2154308617234469 0.05167173252279635 0.04609218436873747
11 0.5759878419452887 0.12725450901803606 0.060790273556231005 0.06613226452905811
9 0.49848024316109424 0.09919839679358718 0.03951367781155015 0.06212424849699399
7 0.12006079027355623 0.8036072144288577 0.0547112462006079 0.07615230460921844
7 0.06534954407294832 0.9919839679358717 0.060790273556231005 0.01603206412825651
7 0.14817629179331307 0.591182364729459 0.0425531914893617 0.056112224448897796
7 0.09574468085106383 0.5591182364729459 0.041033434650455926 0.10420841683366733
11 0.18617021276595744 0.5090180360721442 0.04559270516717325 0.04809619238476954
11 0.20440729483282674 0.6723446893787575 0.057750759878419454 0.07414829659318638
11 0.13601823708206687 0.47995991983967934 0.044072948328267476 0.022044088176352707
11 0.02735562310030395 0.8967935871743486 0.041033434650455926 0.0841683366733467
11 0.07446808510638298 0.9278557114228457 0.05319148936170213 0.050100200400801605
11 0.12082066869300911 0.9178356713426854 0.044072948328267476 0.05811623246492986
11 0.025835866261398176 0.5140280561122245 0.0486322188449848 0.050100200400801605
11 0.26443768996960487 0.6322645290581163 0.031914893617021274 0.0781563126252505
1 0.7598784194528876 0.7785571142284569 0.12234042553191489 0.13326653306613226
1 0.8958966565349544 0.5861723446893787 0.04939209726443769 0.08517034068136273
1 0.5790273556231003 0.6513026052104208 0.04939209726443769 0.11923847695390781