1 0.2021932830705963 0.18131224370240187 0.055517477724468814 0.07557117750439367
11 0.8053461274845785 0.19537199765670768 0.0205620287868403 0.03046280023432923
11 0.6528444139821796 0.1063268892794376 0.03427004797806717 0.02899824253075571
11 0.6679232350925292 0.2753368482718219 0.03015764222069911 0.02899824253075571
5 0.7470870459218643 0.28441710603397774 0.0411240575736806 0.035442296426479204
5 0.9362577107607951 0.1271236086701816 0.0387251542152159 0.04569420035149385
5 0.9112405757368061 0.16608084358523725 0.031185743660041124 0.031048623315758642
5 0.7491432488005483 0.16608084358523725 0.02638793694311172 0.0418863503222027
9 0.5736806031528444 0.20796719390743995 0.015421521590130226 0.02460456942003515
9 0.8588074023303632 0.11511423550087874 0.06305688827964359 0.06649091974223785
9 0.9132967786154901 0.37727006444053895 0.04866346812885538 0.04452255418863503
9 0.8495544893762851 0.3878148799062683 0.04420836189170665 0.023140011716461628
9 0.7947224126113777 0.36731107205623903 0.051747772446881425 0.03895723491505566
5 0.615832762165867 0.3509080257762156 0.04249485949280329 0.04130052724077329
5 0.6463331048663468 0.23725834797891038 0.0411240575736806 0.04130052724077329
5 0.6024674434544208 0.22378441710603397 0.059972583961617545 0.056531927357937904
5 0.6716929403701165 0.18629173989455183 0.04009595613433859 0.03632103104862332
5 0.6514736120630569 0.13503222026947861 0.04763536668951337 0.04422964264792033
5 0.750514050719671 0.2322788517867604 0.05654557916381083 0.0418863503222027
9 0.7679917751884853 0.2885178676039836 0.022960932145305004 0.05272407732864675
9 0.7450308430431802 0.35705916813122435 0.03427004797806717 0.03251318101933216
9 0.7775873886223441 0.17106033977738722 0.03838245373543523 0.04715875805506737
7 0.8283070596298835 0.2533684827182191 0.021247429746401644 0.023140011716461628
7 0.818368745716244 0.2735793790275337 0.019533927347498287 0.026654950205038077
9 0.7950651130911583 0.28734622144112476 0.02467443454420836 0.02753368482718219
9 0.7947224126113777 0.3169302870533099 0.019533927347498287 0.028119507908611598
7 0.9479095270733379 0.2674282366725249 0.03015764222069911 0.031048623315758642
7 0.5298149417409185 0.06561218512009373 0.02227553118574366 0.033391915641476276
7 0.5287868403015764 0.1766256590509666 0.0205620287868403 0.02899824253075571
7 0.5610006854009596 0.1634446397188049 0.03050034270047978 0.03251318101933216
7 0.542837559972584 0.03632103104862332 0.022960932145305004 0.025190392501464556
9 0.617888965044551 0.10134739308728764 0.037011651816312545 0.03632103104862332
9 0.8283070596298835 0.1631517281780902 0.04832076764907471 0.0418863503222027
9 0.8721727210418094 0.19156414762741653 0.04249485949280329 0.03895723491505566
9 0.613776559287183 0.1631517281780902 0.041809458533241944 0.03397773872290568
9 0.7080191912268677 0.1549502050380785 0.03050034270047978 0.03485647334504979
9 0.7326936257710761 0.19947275922671354 0.03187114461960247 0.04130052724077329
7 0.09458533241946539 0.9414176918570591 0.08773132282385196 0.08318687756297598
2 0.7762165867032214 0.8046280023432923 0.05071967100753941 0.053895723491505565
2 0.8272789581905414 0.822788517867604 0.04763536668951337 0.056239015817223195
2 0.7974640164496231 0.6786760398359696 0.027416038382453736 0.0492091388400703
2 0.7909527073337903 0.7530755711775043 0.043522960932145305 0.062097246631517285
2 0.7559972583961617 0.7278851786760399 0.031528444139821796 0.05038078500292911
9 0.7676490747087046 0.8605741066198008 0.053803975325565453 0.06092560046865846
8 0.8690884167237835 0.6915641476274165 0.03255654557916381 0.03749267721148213
8 0.8958190541466758 0.7718219097832455 0.02844413982179575 0.0351493848857645
8 0.7666209732693626 0.6224370240187463 0.02638793694311172 0.03983596953719976
7 0.8958190541466758 0.8222026947861746 0.0363262508567512 0.03983596953719976
9 0.8046607265250172 0.6318101933216169 0.0363262508567512 0.03983596953719976