1 0.2 0.2967592592592593 0.06145833333333333 0.1259259259259259
4 0.74375 0.2851851851851852 0.07760416666666667 0.13194444444444445
5 0.05364583333333333 0.6333333333333333 0.10729166666666666 0.08703703703703704
5 0.27317708333333335 0.675 0.12864583333333332 0.17037037037037037
11 0.9559895833333333 0.9226851851851852 0.08776041666666666 0.08055555555555556
11 0.8513020833333333 0.7856481481481481 0.15885416666666666 0.12685185185185185
11 0.7263020833333333 0.6703703703703704 0.16901041666666666 0.09444444444444444
11 0.6755208333333333 0.7555555555555555 0.14192708333333334 0.09212962962962963
11 0.7213541666666666 0.8476851851851852 0.11145833333333334 0.10833333333333334
11 0.6875 0.9574074074074074 0.10807291666666667 0.07824074074074074
7 0.6231770833333333 0.8791666666666667 0.10130208333333333 0.08518518518518518