1 0.066 0.136431784107946 0.067 0.0944527736131934
1 0.311 0.22863568215892055 0.018 0.07946026986506746
1 0.2465 0.32608695652173914 0.047 0.046476761619190406
1 0.134 0.3140929535232384 0.066 0.0704647676161919
8 0.633 0.07796101949025487 0.0965 0.053973013493253376
8 0.486 0.07196401799100449 0.0665 0.037481259370314844
8 0.728 0.17166416791604197 0.0635 0.035982008995502246
8 0.5195 0.2331334332833583 0.0695 0.04047976011994003
8 0.9035 0.17991004497751126 0.0785 0.05622188905547226
4 0.3775 0.17841079460269865 0.0965 0.047976011994003
4 0.781 0.28785607196401797 0.0785 0.035982008995502246
4 0.7705 0.22263868065967016 0.0905 0.046476761619190406
4 0.846 0.08170914542728636 0.0875 0.05922038980509745
9 0.4635 0.31259370314842577 0.106 0.05772113943028486
1 0.2795 0.6334332833583208 0.0325 0.16041979010494753
4 0.185 0.6221889055472264 0.026 0.13268365817091454
3 0.5825 0.5337331334332833 0.3075 0.32158920539730135
3 0.6825 0.7916041979010495 0.441 0.41679160419790107