1 0.00894308943089431 0.3877049180327869 0.01788617886178862 0.03442622950819672
1 0.11788617886178862 0.34098360655737703 0.03902439024390244 0.04918032786885246
1 0.061788617886178863 0.2754098360655738 0.08130081300813008 0.06557377049180328
5 0.8471544715447155 0.30901639344262294 0.1073170731707317 0.12950819672131147
5 0.7 0.15901639344262294 0.13008130081300814 0.12950819672131147
5 0.5146341463414634 0.3262295081967213 0.07967479674796749 0.06393442622950819
5 0.4658536585365854 0.26229508196721313 0.06829268292682927 0.06229508196721312
5 0.616260162601626 0.03934426229508197 0.13658536585365855 0.07868852459016394
9 0.1910569105691057 0.7795081967213114 0.06016260162601626 0.11229508196721312
8 0.34959349593495936 0.5688524590163935 0.015447154471544716 0.06393442622950819
8 0.33495934959349594 0.460655737704918 0.02926829268292683 0.04262295081967213
1 0.17479674796747968 0.6114754098360655 0.02032520325203252 0.06639344262295081
7 0.9463414634146341 0.9278688524590164 0.06016260162601626 0.10819672131147541
7 0.5585365853658537 0.9336065573770492 0.0959349593495935 0.07868852459016394
11 0.7967479674796748 0.7688524590163934 0.07804878048780488 0.11475409836065574
11 0.748780487804878 0.9016393442622951 0.061788617886178863 0.09016393442622951