1 0.415625 0.11579457364341085 0.103125 0.07218992248062016
1 0.2859375 0.1124031007751938 0.04921875 0.0377906976744186
1 0.101953125 0.1560077519379845 0.1546875 0.09932170542635659
1 0.10078125 0.23352713178294573 0.0796875 0.08430232558139535
1 0.24921875 0.19718992248062014 0.081640625 0.06346899224806202
1 0.31484375 0.29602713178294576 0.055859375 0.06346899224806202
1 0.42734375 0.27180232558139533 0.15234375 0.07897286821705427
0 0.394140625 0.03439922480620155 0.17421875 0.0687984496124031
4 0.69921875 0.21172480620155038 0.0640625 0.05135658914728682
4 0.801171875 0.1429263565891473 0.066015625 0.06201550387596899
4 0.9234375 0.06346899224806202 0.062109375 0.05135658914728682
4 0.844921875 0.3076550387596899 0.062109375 0.036337209302325583
4 0.70703125 0.29602713178294576 0.03671875 0.028585271317829456
4 0.6625 0.29021317829457366 0.03671875 0.03197674418604651
4 0.833984375 0.2374031007751938 0.054296875 0.04844961240310078
7 0.6875 0.3231589147286822 0.0625 0.012596899224806201
8 0.134765625 0.689437984496124 0.038671875 0.07170542635658915
8 0.174609375 0.9815891472868217 0.044140625 0.03682170542635659
1 0.084765625 0.5406976744186046 0.062109375 0.09641472868217055
7 0.510546875 0.6177325581395349 0.06875 0.10465116279069768
9 0.55859375 0.4951550387596899 0.0171875 0.11434108527131782
2 0.953515625 0.5450581395348837 0.09296875 0.17732558139534885
0 0.612890625 0.7151162790697675 0.12578125 0.24806201550387597