1 0.327 0.1215 0.147 0.079
1 0.4665 0.238 0.063 0.050666666666666665
1 0.1095 0.17716666666666667 0.063 0.06683333333333333
1 0.8235 0.17116666666666666 0.060875 0.05516666666666667
1 0.91925 0.15166666666666667 0.048875 0.027166666666666665
1 0.637375 0.148 0.025875 0.032
1 0.859875 0.16916666666666666 0.051875 0.03833333333333333
1 0.729625 0.16366666666666665 0.049875 0.036
1 0.848875 0.1245 0.049875 0.026333333333333334
1 0.803 0.12316666666666666 0.041875 0.044
5 0.3705 0.46016666666666667 0.093 0.10066666666666667
5 0.18075 0.6916666666666667 0.06225 0.135
0 0.05025 0.8833333333333333 0.06675 0.135
0 0.062625 0.4553333333333333 0.0465 0.1515
8 0.689 0.6853333333333333 0.03775 0.06266666666666666
8 0.6665 0.6098333333333333 0.02775 0.06166666666666667
8 0.704875 0.4955 0.06125 0.061
7 0.712375 0.8888333333333334 0.0895 0.15433333333333332
7 0.736375 0.7871666666666667 0.056 0.07
7 0.63475 0.9273333333333333 0.03825 0.05566666666666667
7 0.831375 0.4646666666666667 0.08225 0.116