1 0.22364864864864864 0.30620985010706636 0.09864864864864865 0.12419700214132762
1 0.10202702702702703 0.33190578158458245 0.09864864864864865 0.0728051391862955
1 0.04527027027027027 0.18950749464668093 0.09054054054054055 0.18629550321199143
1 0.13513513513513514 0.24518201284796573 0.14054054054054055 0.2012847965738758
1 0.10675675675675676 0.08565310492505353 0.15135135135135136 0.17130620985010706
1 0.038513513513513516 0.30513918629550324 0.07702702702702703 0.12633832976445397
1 0.3195945945945946 0.31798715203426126 0.12297297297297298 0.1006423982869379
3 0.7837837837837838 0.29978586723768735 0.27094594594594595 0.13704496788008566
3 0.5493243243243243 0.2676659528907923 0.12905405405405404 0.07708779443254818
3 0.7466216216216216 0.17880085653104924 0.12094594594594595 0.059957173447537475
3 0.8202702702702702 0.20556745182012848 0.09662162162162162 0.06745182012847965
3 0.7878378378378378 0.13704496788008566 0.14256756756756755 0.07066381156316917
3 0.7277027027027027 0.09421841541755889 0.11824324324324324 0.07387580299785867
3 0.9324324324324325 0.08458244111349036 0.13513513513513514 0.07922912205567452
3 0.7783783783783784 0.029978586723768737 0.12094594594594595 0.059957173447537475
3 0.14324324324324325 0.6788008565310493 0.07027027027027027 0.11241970021413276
3 0.10337837837837838 0.5931477516059958 0.05945945945945946 0.10278372591006424
3 0.07162162162162163 0.7334047109207709 0.0445945945945946 0.08886509635974305
11 0.8121621621621622 0.815845824411135 0.06486486486486487 0.047109207708779445
11 0.8493243243243244 0.8222698072805139 0.04256756756756757 0.05032119914346895
7 0.5695945945945946 0.7805139186295503 0.07635135135135135 0.06638115631691649