1 0.288125 0.11629881154499151 0.0775 0.05263157894736842
1 0.295 0.16298811544991512 0.084375 0.05178268251273345
1 0.251875 0.21392190152801357 0.08 0.05178268251273345
1 0.22 0.1502546689303905 0.0775 0.05432937181663837
1 0.23125 0.1035653650254669 0.066875 0.04159592529711375
1 0.164375 0.15195246179966043 0.069375 0.0500848896434635
11 0.686875 0.050933786078098474 0.04875 0.10186757215619695
11 0.868125 0.26825127334465193 0.055 0.100169779286927
2 0.385625 0.3599320882852292 0.12125 0.04074702886247878
1 0.0775 0.6867572156196944 0.0425 0.06791171477079797
1 0.413125 0.399830220713073 0.05125 0.07640067911714771
0 0.34125 0.45500848896434637 0.05 0.10696095076400679
3 0.679375 0.865025466893039 0.226875 0.22410865874363328
3 0.699375 0.633276740237691 0.19 0.2631578947368421