1 0.14045801526717558 0.18327067669172933 0.04732824427480916 0.10056390977443609
1 0.09236641221374046 0.5338345864661654 0.08625954198473282 0.20958646616541354
1 0.1763358778625954 0.18233082706766918 0.059541984732824425 0.1137218045112782
1 0.16412213740458015 0.26785714285714285 0.03435114503816794 0.07800751879699248
1 0.21374045801526717 0.27631578947368424 0.020610687022900764 0.047932330827067667
1 0.24732824427480915 0.299812030075188 0.05343511450381679 0.10056390977443609
1 0.23129770992366414 0.20300751879699247 0.05648854961832061 0.1118421052631579
1 0.1916030534351145 0.23966165413533835 0.04961832061068702 0.10526315789473684
1 0.13129770992366413 0.30545112781954886 0.05801526717557252 0.13439849624060152
1 0.1 0.40037593984962405 0.05801526717557252 0.12781954887218044
1 0.28549618320610687 0.24154135338345864 0.04961832061068702 0.1099624060150376
1 0.5282442748091603 0.015977443609022556 0.09465648854961832 0.03195488721804511
1 0.6717557251908397 0.011278195488721804 0.10381679389312977 0.022556390977443608
1 0.8977099236641222 0.12030075187969924 0.08549618320610687 0.11090225563909774
1 0.8358778625954199 0.2199248120300752 0.06412213740458016 0.10338345864661654
1 0.6465648854961832 0.36466165413533835 0.1450381679389313 0.17293233082706766
1 0.750381679389313 0.40131578947368424 0.13893129770992366 0.10526315789473684
1 0.5351145038167939 0.21334586466165414 0.09465648854961832 0.09962406015037593
1 0.6572519083969466 0.1156015037593985 0.06259541984732825 0.08270676691729323
1 0.5068702290076336 0.6033834586466166 0.04885496183206107 0.07142857142857142
1 0.5770992366412214 0.6212406015037594 0.051908396946564885 0.03571428571428571
1 0.4015267175572519 0.5009398496240601 0.04580152671755725 0.09586466165413533
1 0.9549618320610687 0.25469924812030076 0.07480916030534351 0.08082706766917293
1 0.9877862595419847 0.5723684210526315 0.024427480916030534 0.08834586466165413
7 0.9251908396946565 0.5028195488721805 0.09770992366412214 0.12030075187969924
4 0.27022900763358776 0.8242481203007519 0.05725190839694656 0.05921052631578947
4 0.15725190839694655 0.8129699248120301 0.05877862595419847 0.06954887218045112
4 0.025954198473282442 0.8007518796992481 0.051908396946564885 0.05827067669172932
4 0.22900763358778625 0.9802631578947368 0.05419847328244275 0.039473684210526314
4 0.31755725190839695 0.9041353383458647 0.03282442748091603 0.03289473684210526
4 0.34427480916030534 0.8768796992481203 0.03282442748091603 0.03665413533834586
4 0.19312977099236642 0.9135338345864662 0.04885496183206107 0.05451127819548872
7 0.35419847328244275 0.931390977443609 0.04885496183206107 0.045112781954887216
7 0.6435114503816793 0.825187969924812 0.06793893129770992 0.043233082706766915
1 0.5740458015267176 0.7509398496240601 0.07786259541984733 0.03759398496240601
11 0.6679389312977099 0.9050751879699248 0.05801526717557252 0.03571428571428571
11 0.7541984732824427 0.900375939849624 0.03587786259541985 0.02631578947368421
11 0.5290076335877862 0.9389097744360902 0.03816793893129771 0.03007518796992481
11 0.7122137404580152 0.8486842105263158 0.048091603053435114 0.02443609022556391
11 0.7961832061068702 0.8543233082706767 0.048091603053435114 0.03571428571428571
11 0.8916030534351145 0.8618421052631579 0.05648854961832061 0.02913533834586466
11 0.6419847328244275 0.7387218045112782 0.06793893129770992 0.03853383458646616