1 0.2510593220338983 0.11067193675889328 0.07838983050847458 0.10474308300395258
1 0.16101694915254236 0.28063241106719367 0.06567796610169492 0.11067193675889328
1 0.2457627118644068 0.3201581027667984 0.06038135593220339 0.116600790513834
1 0.3855932203389831 0.3616600790513834 0.09639830508474577 0.07905138339920949
1 0.3548728813559322 0.4782608695652174 0.06567796610169492 0.043478260869565216
1 0.4819915254237288 0.6304347826086957 0.09110169491525423 0.06126482213438735
1 0.2341101694915254 0.5296442687747036 0.06038135593220339 0.1442687747035573
1 0.1705508474576271 0.6620553359683794 0.06779661016949153 0.05138339920948617
2 0.8739406779661016 0.6679841897233202 0.0826271186440678 0.039525691699604744
2 0.7309322033898306 0.5237154150197628 0.03389830508474576 0.07509881422924901
9 0.9671610169491526 0.466403162055336 0.06567796610169492 0.11857707509881422
0 0.9597457627118644 0.06521739130434782 0.05508474576271186 0.10276679841897234
2 0.7436440677966102 0.5909090909090909 0.029661016949152543 0.06719367588932806
3 0.3548728813559322 0.9268774703557312 0.1016949152542373 0.11264822134387352
3 0.5328389830508474 0.8122529644268774 0.09533898305084745 0.116600790513834
3 0.3516949152542373 0.8102766798418972 0.07944915254237288 0.05928853754940711
3 0.19915254237288135 0.9189723320158103 0.11228813559322035 0.116600790513834
3 0.2828389830508475 0.8300395256916996 0.1048728813559322 0.1482213438735178
9 0.9152542372881356 0.9466403162055336 0.09322033898305085 0.1067193675889328
9 0.6345338983050848 0.9762845849802372 0.048728813559322036 0.04743083003952569
8 0.8813559322033898 0.8557312252964426 0.038135593220338986 0.07509881422924901
8 0.847457627118644 0.9762845849802372 0.046610169491525424 0.04743083003952569
9 0.7891949152542372 0.7075098814229249 0.06991525423728813 0.039525691699604744
7 0.6610169491525424 0.9308300395256917 0.059322033898305086 0.07114624505928854