3 0.096875 0.021688159437280186 0.1421875 0.04337631887456037
8 0.808203125 0.16764361078546308 0.05 0.027549824150058615
8 0.91484375 0.11078546307151231 0.051171875 0.020515826494724502
8 0.910546875 0.10961313012895663 0.015234375 0.005568581477139508
11 0.923828125 0.12368112543962485 0.03203125 0.014947245017584994
11 0.81953125 0.08939038686987104 0.03203125 0.01611957796014068
8 0.36015625 0.6500586166471278 0.029296875 0.08440797186400938
8 0.080859375 0.8607854630715123 0.025390625 0.07063305978898007
9 0.21484375 0.861664712778429 0.029296875 0.08030480656506447
9 0.296875 0.7775498241500586 0.022265625 0.06858147713950762
9 0.1421875 0.7951348182883939 0.043359375 0.09818288393903869
7 0.135546875 0.6922626025791325 0.036328125 0.09026963657678781
11 0.18515625 0.6441969519343493 0.031640625 0.10990621336459555
11 0.165234375 0.6922626025791325 0.023046875 0.06652989449003517
4 0.227734375 0.5990621336459554 0.026953125 0.06066822977725674
4 0.282421875 0.6969519343493552 0.030859375 0.058909730363423216
7 0.21015625 0.47450175849941384 0.026171875 0.06652989449003517
6 0.61484375 0.768757327080891 0.12734375 0.13628370457209849
6 0.773046875 0.645662368112544 0.171875 0.12749120750293083
6 0.727734375 0.9451934349355217 0.096484375 0.09613130128956623
6 0.88203125 0.9129542790152403 0.046484375 0.0738569753810082