6 0.3322460391425909 0.23731884057971014 0.12301957129543337 0.10990338164251208
6 0.28890959925442683 0.1286231884057971 0.05312208760484623 0.11352657004830918
3 0.8522833178005592 0.2318840579710145 0.0945945945945946 0.1388888888888889
3 0.7637465051258154 0.19082125603864733 0.10391425908667289 0.1431159420289855
3 0.8089468779123952 0.29830917874396135 0.11323392357875116 0.16183574879227053
7 0.17474370922646784 0.9595410628019324 0.06057781919850885 0.08091787439613526
7 0.2590866728797763 0.8291062801932367 0.08014911463187326 0.09782608695652174
11 0.4967381174277726 0.42028985507246375 0.05125815470643057 0.07004830917874397
11 0.5535880708294502 0.4311594202898551 0.046598322460391424 0.051932367149758456
11 0.10298229263746506 0.9492753623188406 0.0521901211556384 0.06884057971014493
1 0.8816402609506058 0.7856280193236715 0.08853681267474371 0.11473429951690821
1 0.8341099720410066 0.6781400966183575 0.049394221808014914 0.06763285024154589
1 0.7204100652376515 0.7270531400966184 0.05871388630009319 0.07004830917874397
1 0.6505125815470643 0.9770531400966184 0.0391425908667288 0.04589371980676329
1 0.7315936626281454 0.9003623188405797 0.05778191985088537 0.07125603864734299