10 0.0705 0.4257871064467766 0.058 0.08245877061469266
10 0.265 0.44752623688155924 0.132 0.06446776611694154
10 0.352 0.4527736131934033 0.048 0.053973013493253376
10 0.0245 0.4062968515742129 0.025 0.047976011994003
10 0.004 0.32233883058470764 0.008 0.050974512743628186
11 0.933 0.10869565217391304 0.134 0.0704647676161919
7 0.621 0.31859070464767614 0.1195 0.05547226386806597
5 0.295 0.7616191904047976 0.19 0.27886056971514245
5 0.3015 0.5719640179910045 0.124 0.12143928035982009
5 0.1975 0.7008995502248876 0.039 0.10344827586206896
5 0.105 0.5839580209895052 0.153 0.17691154422788605
5 0.1245 0.9197901049475262 0.152 0.15292353823088456
2 0.373 0.9482758620689655 0.034 0.10344827586206896
4 0.82 0.7136431784107946 0.063 0.10194902548725637
1 0.7775 0.49775112443778113 0.115 0.035982008995502246
1 0.532 0.6956521739130435 0.065 0.10344827586206896
1 0.6415 0.5592203898050975 0.05 0.0704647676161919
7 0.6345 0.8185907046476761 0.095 0.10794602698650675
7 0.662 0.671664167916042 0.06 0.10044977511244378
9 0.716 0.8583208395802099 0.049 0.08695652173913043
11 0.984 0.9482758620689655 0.032 0.0944527736131934
8 0.926 0.9850074962518741 0.078 0.029985007496251874
8 0.937 0.8950524737631185 0.068 0.08845577211394302