6 0.2586805555555556 0.48919753086419754 0.1306423611111111 0.22993827160493827
6 0.39597800925925924 0.5748456790123457 0.1171875 0.14969135802469136
6 0.38686342592592593 0.41975308641975306 0.0720486111111111 0.0935570987654321
6 0.28052662037037035 0.2673611111111111 0.05859375 0.1255787037037037
6 0.20847800925925927 0.3142361111111111 0.0703125 0.12037037037037036
6 0.27705439814814814 0.04938271604938271 0.0853587962962963 0.09876543209876543
6 0.41030092592592593 0.2193287037037037 0.051938657407407406 0.07214506172839506
6 0.3415798611111111 0.19791666666666666 0.055266203703703706 0.07214506172839506
6 0.4487847222222222 0.41300154320987653 0.05859375 0.09625771604938271
6 0.5015914351851852 0.5868055555555556 0.046875 0.08024691358024691
6 0.5542534722222222 0.5401234567901234 0.04528356481481482 0.06944444444444445
6 0.5049189814814815 0.4839891975308642 0.06365740740740741 0.10686728395061729
6 0.5894097222222222 0.43441358024691357 0.041811342592592594 0.07214506172839506
6 0.17650462962962962 0.010609567901234568 0.05844907407407408 0.021219135802469136
6 0.36342592592592593 0.06558641975308642 0.051938657407407406 0.0775462962962963
6 0.2026909722222222 0.17380401234567902 0.07537615740740741 0.1095679012345679
6 0.06105324074074074 0.3942901234567901 0.041811342592592594 0.07214506172839506
6 0.16247106481481483 0.19791666666666666 0.03689236111111111 0.058834876543209874
6 0.39945023148148145 0.4839891975308642 0.051938657407407406 0.06693672839506173
6 0.3559027777777778 0.47723765432098764 0.040219907407407406 0.06693672839506173
6 0.4722222222222222 0.27276234567901236 0.05859375 0.08024691358024691
6 0.2495659722222222 0.39699074074074076 0.06872106481481481 0.10435956790123457
7 0.7974537037037037 0.48649691358024694 0.1623263888888889 0.2222222222222222
4 0.3142361111111111 0.8975694444444444 0.07552083333333333 0.06500771604938271
4 0.42997685185185186 0.8584104938271605 0.0658275462962963 0.047839506172839504
4 0.45066550925925924 0.7770061728395061 0.055989583333333336 0.04205246913580247
4 0.3081597222222222 0.8047839506172839 0.05844907407407408 0.05169753086419753
4 0.3275462962962963 0.7291666666666666 0.05844907407407408 0.057484567901234566
4 0.17173032407407407 0.9405864197530864 0.05844907407407408 0.05169753086419753
7 0.47858796296296297 0.7253086419753086 0.06090856481481482 0.07079475308641975
4 0.49927662037037035 0.7970679012345679 0.055989583333333336 0.03452932098765432
8 0.8528645833333334 0.7316743827160493 0.03544560185185185 0.05401234567901234
8 0.7514467592592593 0.8217592592592593 0.026475694444444444 0.03607253086419753
7 0.7853009259259259 0.8628472222222222 0.02271412037037037 0.03510802469135803
7 0.9199942129629629 0.7472993827160493 0.020543981481481483 0.044945987654320986
7 0.7501446759259259 0.918016975308642 0.022135416666666668 0.06404320987654322
8 0.8100405092592593 0.8562885802469136 0.01273148148148148 0.024112654320987654
8 0.7993344907407407 0.8402777777777778 0.015914351851851853 0.03009259259259259