6 0.436875 0.021922428330522766 0.06375 0.04384485666104553
6 0.344375 0.35834738617200673 0.16875 0.1736930860033727
6 0.415625 0.2175379426644182 0.0825 0.16188870151770657
3 0.589375 0.03794266441821248 0.09625 0.07588532883642496
2 0.9075 0.07419898819561552 0.035 0.14502529510961215
2 0.96625 0.28583473861720066 0.0675 0.1399662731871838
8 0.669375 0.8043844856661045 0.066875 0.049747048903878585
8 0.576875 0.9907251264755481 0.073125 0.01770657672849916
1 0.763125 0.709106239460371 0.106875 0.06745362563237774
7 0.07 0.7217537942664418 0.115 0.07419898819561552
6 0.895625 0.9072512647554806 0.01125 0.05396290050590219