6 0.20576923076923076 0.13568129330254042 0.09192307692307693 0.08833718244803695
6 0.03423076923076923 0.2569284064665127 0.03461538461538462 0.03117782909930716
6 0.39807692307692305 0.10277136258660508 0.02346153846153846 0.04734411085450346
6 0.10884615384615384 0.1541570438799076 0.06230769230769231 0.07505773672055427
6 0.10423076923076922 0.07621247113163972 0.07346153846153847 0.07043879907621248
7 0.6834615384615385 0.20207852193995382 0.06307692307692307 0.16859122401847576
11 0.3696153846153846 0.7009237875288684 0.01653846153846154 0.053117782909930716
11 0.3557692307692308 0.6397228637413395 0.021153846153846155 0.05831408775981524
8 0.2784615384615385 0.6905311778290993 0.023076923076923078 0.04157043879907621
8 0.22846153846153847 0.6275981524249422 0.023076923076923078 0.03579676674364896
8 0.11192307692307692 0.9543879907621247 0.028846153846153848 0.06293302540415704
8 0.3638461538461538 0.9364896073903002 0.02423076923076923 0.03926096997690531
7 0.09807692307692308 0.5513856812933026 0.03 0.0617782909930716
9 0.5376923076923077 0.7886836027713626 0.15076923076923077 0.1697459584295612
2 0.8046153846153846 0.8804849884526559 0.07769230769230769 0.10046189376443418
2 0.905 0.9722863741339491 0.08692307692307692 0.05542725173210162
7 0.5534615384615384 0.6212471131639723 0.07384615384615385 0.10277136258660508
7 0.42923076923076925 0.5825635103926097 0.038461538461538464 0.10046189376443418
7 0.47423076923076923 0.48787528868360275 0.12846153846153846 0.13279445727482678