6 0.348625 0.08333333333333333 0.02725 0.050166666666666665
6 0.3615 0.27116666666666667 0.08825 0.06316666666666666
6 0.337 0.19433333333333333 0.032875 0.07366666666666667
6 0.30025 0.42533333333333334 0.018875 0.028333333333333332
3 0.262875 0.072 0.046875 0.051
8 0.906 0.37416666666666665 0.0385 0.06333333333333334
8 0.927375 0.298 0.0285 0.062
8 0.8875 0.18466666666666667 0.062 0.062
7 0.859875 0.46066666666666667 0.05675 0.03866666666666667
7 0.76075 0.15683333333333332 0.0835 0.11766666666666667
8 0.284875 0.8921666666666667 0.076125 0.0995
8 0.36975 0.8298333333333333 0.074125 0.11333333333333333
8 0.5005 0.6086666666666667 0.046875 0.11333333333333333
8 0.2625 0.6183333333333333 0.07025 0.06633333333333333
11 0.124875 0.6086666666666667 0.0585 0.083
1 0.04975 0.7413333333333333 0.042875 0.07183333333333333
1 0.946125 0.5903333333333334 0.0225 0.050333333333333334
1 0.91225 0.7051666666666667 0.01875 0.04533333333333334
1 0.952375 0.8755 0.01875 0.034333333333333334
8 0.663125 0.8166666666666667 0.01875 0.052333333333333336
9 0.632625 0.601 0.04125 0.07766666666666666
2 0.798125 0.799 0.040125 0.0685
11 0.84325 0.68 0.03525 0.042333333333333334