11 0.21727272727272728 0.21796875 0.07333333333333333 0.11953125
9 0.7951515151515152 0.283984375 0.19787878787878788 0.099609375
9 0.8048484848484848 0.180078125 0.18696969696969698 0.075390625
9 0.9366666666666666 0.10703125 0.06878787878787879 0.136328125
9 0.4527272727272727 0.035546875 0.09636363636363636 0.05078125
2 0.5778787878787879 0.212890625 0.14303030303030304 0.07109375
4 0.2693939393939394 0.51484375 0.041212121212121214 0.128125
4 0.22636363636363635 0.58125 0.03939393939393939 0.114453125
4 0.11545454545454545 0.64296875 0.04606060606060606 0.114453125
7 0.14666666666666667 0.61328125 0.03303030303030303 0.10078125
4 0.1993939393939394 0.7734375 0.05606060606060606 0.119140625
8 0.5203030303030303 0.759765625 0.060909090909090906 0.085546875
7 0.7648484848484849 0.678125 0.06545454545454546 0.09609375
8 0.5239393939393939 0.560546875 0.039696969696969696 0.0640625
8 0.6360606060606061 0.7296875 0.06545454545454546 0.099609375
2 0.9203030303030303 0.58203125 0.05606060606060606 0.067578125
2 0.6793939393939394 0.56953125 0.08424242424242424 0.092578125
7 0.4675757575757576 0.63359375 0.04666666666666667 0.067578125