3 0.096875 0.4264361078546307 0.19375 0.18347010550996484
3 0.12890625 0.24531066822977726 0.1890625 0.16705744431418523
3 0.023046875 0.2781359906213365 0.04609375 0.15064478311840562
11 0.5546875 0.20427901524032827 0.04921875 0.06770222743259086
0 0.578515625 0.16617819460726846 0.060546875 0.07473622508792498
11 0.688671875 0.4621922626025791 0.0390625 0.05715123094958968
11 0.839453125 0.5099648300117233 0.042578125 0.05509964830011723
7 0.800390625 0.30568581477139506 0.033984375 0.047479484173505275
7 0.73984375 0.15211019929660025 0.044140625 0.05422039859320047
11 0.71953125 0.3215123094958968 0.045703125 0.05715123094958968
4 0.2265625 0.8818874560375146 0.056640625 0.08528722157092614
4 0.274609375 0.791031652989449 0.047265625 0.06565064478311841
4 0.2546875 0.7013481828839391 0.041015625 0.056858147713950764
4 0.1875 0.791031652989449 0.044140625 0.06770222743259086
4 0.16875 0.7069167643610785 0.045703125 0.07444314185228605
4 0.165625 0.9759671746776084 0.044140625 0.04806565064478312
7 0.249609375 0.6400937866354045 0.050390625 0.08089097303634232
4 0.2890625 0.7013481828839391 0.03828125 0.05041031652989449
2 0.627734375 0.7502930832356389 0.066796875 0.044548651817116064
2 0.56875 0.7576201641266119 0.06328125 0.044548651817116064
2 0.66171875 0.8326494724501758 0.041796875 0.03604923798358734
2 0.63515625 0.7860492379835874 0.062109375 0.0477725674091442
2 0.681640625 0.7889800703399765 0.046484375 0.03839390386869871
9 0.611328125 0.7142438452520515 0.07109375 0.0492379835873388
8 0.58515625 0.8499413833528722 0.04296875 0.03048065650644783
8 0.523046875 0.8115474794841735 0.039453125 0.02813599062133646
8 0.7171875 0.8549237983587339 0.037109375 0.029601406799531067
7 0.5015625 0.7819460726846424 0.047265625 0.03194607268464244
9 0.675390625 0.8631301289566237 0.047265625 0.03194607268464244