6 0.3424657534246575 0.43416666666666665 0.1749209694415174 0.12833333333333333
6 0.1701791359325606 0.5 0.11696522655426765 0.13666666666666666
6 0.19125395152792413 0.2966666666666667 0.09905163329820864 0.20833333333333334
11 0.4125395152792413 0.009166666666666667 0.03477344573234984 0.018333333333333333
8 0.7276080084299262 0.21416666666666667 0.05584826132771338 0.10083333333333333
8 0.6201264488935722 0.21416666666666667 0.0642781875658588 0.095
8 0.541622760800843 0.23833333333333334 0.06164383561643835 0.07583333333333334
8 0.6211801896733403 0.4775 0.04741833508956796 0.095
11 0.5669125395152792 0.38083333333333336 0.12012644889357219 0.08666666666666667
8 0.2576396206533193 0.7883333333333333 0.05374077976817703 0.08
8 0.3667017913593256 0.7208333333333333 0.03582718651211802 0.07166666666666667
9 0.2781875658587987 0.7233333333333334 0.04214963119072708 0.05
9 0.17228661749209695 0.8766666666666667 0.06533192834562697 0.07
2 0.38672286617492097 0.9366666666666666 0.08640674394099052 0.11833333333333333
2 0.17175974710221287 0.7516666666666667 0.0410958904109589 0.08166666666666667
7 0.08851422550052687 0.9783333333333334 0.07165437302423604 0.043333333333333335
1 0.6259220231822972 0.8075 0.0916754478398314 0.06666666666666667
1 0.7054794520547946 0.8983333333333333 0.12223393045310854 0.0475
1 0.6886195995785037 0.9641666666666666 0.05584826132771338 0.04
1 0.78609062170706 0.8575 0.05005268703898841 0.04416666666666667
1 0.8819810326659642 0.8408333333333333 0.07218124341412013 0.03166666666666667
1 0.8677555321390937 0.79 0.06111696522655427 0.035
1 0.7565858798735511 0.7916666666666666 0.05005268703898841 0.03666666666666667
1 0.6206533192834562 0.7466666666666667 0.04162276080084299 0.04416666666666667
1 0.7218124341412012 0.7241666666666666 0.07534246575342465 0.04416666666666667