6 0.5008771929824561 0.4710526315789474 0.1280701754385965 0.09473684210526316
6 0.30964912280701756 0.41842105263157897 0.1649122807017544 0.14473684210526316
10 0.3254385964912281 0.31842105263157894 0.08947368421052632 0.12631578947368421
10 0.03245614035087719 0.4144736842105263 0.06491228070175438 0.12368421052631579
10 0.18333333333333332 0.4052631578947368 0.14736842105263157 0.1394736842105263
1 0.6719298245614035 0.25394736842105264 0.07368421052631578 0.10263157894736842
1 0.7631578947368421 0.1881578947368421 0.034210526315789476 0.05394736842105263
1 0.9096491228070176 0.16578947368421051 0.11228070175438597 0.1355263157894737
1 0.9377192982456141 0.27631578947368424 0.05263157894736842 0.12368421052631579
1 0.8192982456140351 0.29473684210526313 0.056140350877192984 0.09210526315789473
1 0.8087719298245614 0.46842105263157896 0.035964912280701755 0.09473684210526316
1 0.718421052631579 0.4776315789473684 0.11228070175438597 0.08157894736842106
0 0.6508771929824562 0.09473684210526316 0.12456140350877193 0.1513157894736842
2 0.46842105263157896 0.5473684210526316 0.04912280701754386 0.05789473684210526
9 0.3140350877192982 0.7131578947368421 0.06491228070175438 0.12368421052631579
9 0.4473684210526316 0.9657894736842105 0.07017543859649122 0.06842105263157895
8 0.4631578947368421 0.8644736842105263 0.06140350877192982 0.07894736842105263
8 0.5271929824561403 0.9868421052631579 0.05789473684210526 0.02631578947368421
8 0.38333333333333336 0.6381578947368421 0.0456140350877193 0.0868421052631579
8 0.5649122807017544 0.9118421052631579 0.028070175438596492 0.060526315789473685
8 0.4842105263157895 0.6644736842105263 0.05964912280701754 0.08421052631578947
9 0.2324561403508772 0.6894736842105263 0.05964912280701754 0.08947368421052632
7 0.21929824561403508 0.5842105263157895 0.056140350877192984 0.09473684210526316
7 0.36140350877192984 0.7039473684210527 0.05087719298245614 0.08421052631578947
7 0.5552631578947368 0.8171052631578948 0.04736842105263158 0.06578947368421052
7 0.2824561403508772 0.6157894736842106 0.03684210526315789 0.05526315789473684
7 0.12543859649122807 0.5381578947368421 0.054385964912280704 0.039473684210526314
7 0.28596491228070176 0.5355263157894737 0.042105263157894736 0.034210526315789476
7 0.49473684210526314 0.9473684210526315 0.04736842105263158 0.07368421052631578
7 0.31666666666666665 0.875 0.06315789473684211 0.06315789473684211
7 0.39824561403508774 0.7263157894736842 0.0456140350877193 0.06315789473684211
7 0.4263157894736842 0.6657894736842105 0.042105263157894736 0.06315789473684211
9 0.65 0.6078947368421053 0.07894736842105263 0.09210526315789473
9 0.8324561403508772 0.6960526315789474 0.06140350877192982 0.10789473684210527
8 0.8385964912280702 0.525 0.03859649122807018 0.013157894736842105
8 0.5991228070175438 0.9368421052631579 0.031578947368421054 0.060526315789473685
8 0.5982456140350877 0.9907894736842106 0.03859649122807018 0.018421052631578946
8 0.618421052631579 0.5434210526315789 0.03333333333333333 0.05
8 0.7675438596491229 0.9144736842105263 0.03684210526315789 0.0868421052631579
8 0.643859649122807 0.9 0.028070175438596492 0.05526315789473684
1 0.593859649122807 0.6894736842105263 0.02982456140350877 0.06315789473684211
8 0.5885964912280702 0.781578947368421 0.01929824561403509 0.04736842105263158
8 0.5964912280701754 0.6328947368421053 0.03508771929824561 0.05
9 0.8412280701754385 0.7960526315789473 0.03684210526315789 0.05263157894736842
9 0.7324561403508771 0.8131578947368421 0.08421052631578947 0.12368421052631579
7 0.7684210526315789 0.5381578947368421 0.05263157894736842 0.039473684210526314
7 0.7964912280701755 0.7868421052631579 0.03508771929824561 0.060526315789473685