6 0.020121951219512196 0.03137254901960784 0.04024390243902439 0.06274509803921569
6 0.38597560975609757 0.045098039215686274 0.0475609756097561 0.09019607843137255
10 0.4030487804878049 0.10784313725490197 0.013414634146341463 0.09803921568627451
10 0.21585365853658536 0.03235294117647059 0.07073170731707316 0.06470588235294118
10 0.3310975609756098 0.045098039215686274 0.10365853658536585 0.09019607843137255
7 0.6481707317073171 0.3656862745098039 0.08170731707317073 0.09019607843137255
7 0.8981707317073171 0.41862745098039217 0.07926829268292683 0.0803921568627451
7 0.7579268292682927 0.07941176470588235 0.06585365853658537 0.07058823529411765
7 0.49817073170731707 0.2627450980392157 0.06585365853658537 0.07941176470588235
7 0.6628048780487805 0.03627450980392157 0.0524390243902439 0.06372549019607843
8 0.9567073170731707 0.18137254901960784 0.05914634146341463 0.07058823529411765
8 0.9384146341463414 0.2823529411764706 0.03841463414634146 0.054901960784313725
8 0.8798780487804878 0.05784313725490196 0.075 0.061764705882352944
9 0.9054878048780488 0.2284313725490196 0.0524390243902439 0.09901960784313725
8 0.848170731707317 0.11666666666666667 0.043292682926829265 0.04215686274509804
11 0.014634146341463415 0.7686274509803922 0.02926829268292683 0.10980392156862745
7 0.02378048780487805 0.5352941176470588 0.0475609756097561 0.10196078431372549
7 0.21707317073170732 0.6009803921568627 0.06341463414634146 0.07450980392156863
7 0.39390243902439026 0.7813725490196078 0.03170731707317073 0.06470588235294118
7 0.15365853658536585 0.7607843137254902 0.036585365853658534 0.052941176470588235
7 0.20548780487804877 0.46862745098039216 0.05 0.0196078431372549
10 0.6213414634146341 0.6950980392156862 0.23536585365853657 0.33725490196078434
10 0.8103658536585366 0.8480392156862745 0.20365853658536584 0.30392156862745096
10 0.9518292682926829 0.9892156862745098 0.08170731707317073 0.021568627450980392
10 0.5548780487804879 0.9049019607843137 0.26097560975609757 0.19019607843137254
10 0.4871951219512195 0.5745098039215686 0.06341463414634146 0.13725490196078433
10 0.46402439024390246 0.48137254901960785 0.07682926829268293 0.045098039215686274