6 0.461875 0.083 0.04875 0.078
6 0.4025 0.032 0.055 0.064
6 0.30875 0.196 0.05875 0.06
6 0.293125 0.052 0.09875 0.104
6 0.26375 0.116 0.06375 0.062
10 0.379375 0.152 0.14375 0.104
10 0.509375 0.047 0.02125 0.094
8 0.745 0.111 0.0625 0.116
8 0.813125 0.038 0.05375 0.076
5 0.091875 0.698 0.18375 0.436
5 0.268125 0.758 0.17125 0.41
5 0.43625 0.633 0.08 0.178
5 0.451875 0.88 0.09875 0.24
5 0.373125 0.918 0.11375 0.164
5 0.25875 0.969 0.055 0.062
8 0.835625 0.749 0.0625 0.096
8 0.745625 0.75 0.055 0.08
8 0.65375 0.771 0.03625 0.068
1 0.766875 0.979 0.04625 0.042
1 0.80375 0.887 0.04625 0.068
1 0.82 0.819 0.04625 0.052
7 0.90375 0.518 0.0525 0.076
7 0.894375 0.786 0.03375 0.058