6 0.06341463414634146 0.22413793103448276 0.12682926829268293 0.17604355716878403
1 0.598170731707317 0.2985480943738657 0.12195121951219512 0.10163339382940109
1 0.4195121951219512 0.27858439201451907 0.09451219512195122 0.05263157894736842
1 0.9304878048780488 0.23139745916515425 0.054878048780487805 0.05807622504537205
1 0.5317073170731708 0.29945553539019965 0.10182926829268292 0.07168784029038112
1 0.7670731707317073 0.2713248638838475 0.09817073170731708 0.06715063520871144
1 0.5408536585365854 0.22232304900181488 0.09634146341463415 0.05263157894736842
1 0.625 0.2132486388384755 0.08536585365853659 0.07985480943738657
1 0.1902439024390244 0.7876588021778584 0.0975609756097561 0.13430127041742287
3 0.8341463414634146 0.5417422867513612 0.11585365853658537 0.0852994555353902
3 0.8664634146341463 0.6225045372050817 0.08536585365853659 0.06261343012704174
3 0.7414634146341463 0.6143375680580763 0.07134146341463414 0.056261343012704176
3 0.6487804878048781 0.617059891107078 0.13841463414634148 0.1569872958257713
3 0.875609756097561 0.7005444646098004 0.16890243902439026 0.11524500907441017
3 0.7396341463414634 0.8058076225045372 0.12804878048780488 0.0925589836660617
3 0.7810975609756098 0.8647912885662432 0.1445121951219512 0.10617059891107078
3 0.6945121951219512 0.9528130671506352 0.175 0.09437386569872959
3 0.5695121951219512 0.8402903811252269 0.10365853658536585 0.0852994555353902
3 0.500609756097561 0.7658802177858439 0.1524390243902439 0.12704174228675136
3 0.41524390243902437 0.6705989110707804 0.29085365853658535 0.20054446460980035