6 0.1558974358974359 0.136875 0.06666666666666667 0.0875
6 0.24564102564102563 0.104375 0.055384615384615386 0.06375
6 0.2241025641025641 0.20875 0.04512820512820513 0.05
6 0.26205128205128203 0.1875 0.04205128205128205 0.055
3 0.2994871794871795 0.138125 0.08 0.085
3 0.3523076923076923 0.25375 0.05435897435897436 0.0875
8 0.8348717948717949 0.220625 0.13846153846153847 0.14625
8 0.9025641025641026 0.365 0.09641025641025641 0.11
9 0.5256410256410257 0.07375 0.14256410256410257 0.1475
9 0.5107692307692308 0.32125 0.09435897435897436 0.12625
9 0.6841025641025641 0.05625 0.0882051282051282 0.10375
9 0.6102564102564103 0.389375 0.07179487179487179 0.06125
9 0.9584615384615385 0.286875 0.08307692307692308 0.15125
9 0.0641025641025641 0.951875 0.1158974358974359 0.09625
9 0.13333333333333333 0.915625 0.08205128205128205 0.09875
8 0.8241025641025641 0.55875 0.0641025641025641 0.065625
8 0.5215384615384615 0.845 0.04923076923076923 0.055625
8 0.6441025641025641 0.916875 0.04051282051282051 0.03125
9 0.6948717948717948 0.92 0.06666666666666667 0.0775
9 0.6205128205128205 0.955 0.055384615384615386 0.0475
7 0.5615384615384615 0.623125 0.04923076923076923 0.056875
7 0.622051282051282 0.585625 0.05179487179487179 0.049375
7 0.6076923076923076 0.67375 0.028205128205128206 0.04125
7 0.4917948717948718 0.720625 0.07897435897435898 0.08125
7 0.638974358974359 0.655 0.036923076923076927 0.04