6 0.13439752832131824 0.30535530381050463 0.12435633367662204 0.13233779608650875
6 0.3143666323377961 0.29505664263645726 0.1645211122554068 0.12590113285272914
6 0.13233779608650875 0.09963954685890834 0.09140061791967044 0.09243048403707518
6 0.2659629248197734 0.02832131822863028 0.04557157569515963 0.05664263645726056
8 0.7996910401647785 0.515447991761071 0.04170957775489186 0.061277033985581875
8 0.5653964984552008 0.22502574665293512 0.035787847579814624 0.06359423274974253
11 0.7368692070030896 0.431513903192585 0.03321318228630278 0.061277033985581875
11 0.5986096807415036 0.252832131822863 0.026004119464469618 0.04557157569515963
11 0.6454685890834192 0.30973223480947476 0.028063851699279094 0.044284243048403706
11 0.6665808444902163 0.45417095777548916 0.03321318228630278 0.06591143151390319
11 0.7600411946446962 0.5723480947476828 0.030638516992790937 0.04660144181256436
7 0.754119464469619 0.5115859938208033 0.047631307929969106 0.07852729145211122
7 0.6907826982492276 0.5831616889804325 0.04557157569515963 0.08187435633367662
7 0.1956745623069001 0.842173017507724 0.06925849639546859 0.06668383110195675
8 0.874356333676622 0.8069001029866117 0.07826982492276004 0.0674562306900103
7 0.7257981462409887 0.9055097837281153 0.141091658084449 0.13697219361483007
7 0.979145211122554 0.7033985581874357 0.04170957775489186 0.13079299691040164