6 0.281875 0.32410714285714287 0.06125 0.09464285714285714
6 0.35125 0.3625 0.05 0.07142857142857142
1 0.8125 0.3848214285714286 0.0625 0.08035714285714286
1 0.638125 0.23125 0.09625 0.2017857142857143
1 0.846875 0.3410714285714286 0.0775 0.09285714285714286
1 0.8025 0.3080357142857143 0.045 0.0625
1 0.846875 0.24107142857142858 0.02625 0.039285714285714285
1 0.869375 0.18482142857142858 0.07 0.08035714285714286
1 0.890625 0.2598214285714286 0.0725 0.08928571428571429
1 0.839375 0.2892857142857143 0.065 0.08571428571428572
1 0.7575 0.3267857142857143 0.07625 0.10892857142857143
1 0.693125 0.31160714285714286 0.0775 0.10357142857142858
1 0.926875 0.1705357142857143 0.065 0.0875
8 0.27625 0.6830357142857143 0.089375 0.10089285714285715
8 0.175 0.7232142857142857 0.095625 0.09821428571428571
8 0.1125 0.7723214285714286 0.08375 0.08035714285714286
8 0.291875 0.9375 0.08125 0.09285714285714286
11 0.198125 0.8803571428571428 0.144375 0.11071428571428571
8 0.856875 0.5901785714285714 0.06375 0.09642857142857143
8 0.7225 0.5383928571428571 0.0775 0.09821428571428571
1 0.6375 0.9732142857142857 0.0475 0.05357142857142857
1 0.751875 0.8767857142857143 0.03875 0.0625