6 0.26871980676328505 0.44299674267100975 0.15217391304347827 0.1791530944625407
6 0.5217391304347826 0.5285016286644951 0.0966183574879227 0.04071661237785016
6 0.06582125603864734 0.13762214983713356 0.10144927536231885 0.1254071661237785
6 0.42632850241545894 0.43322475570032576 0.11956521739130435 0.1237785016286645
10 0.45954106280193235 0.38762214983713356 0.07246376811594203 0.09446254071661238
10 0.2536231884057971 0.2907166123778502 0.07729468599033816 0.09609120521172639
10 0.35507246376811596 0.36482084690553745 0.10869565217391304 0.11726384364820847
11 0.9329710144927537 0.0781758957654723 0.11231884057971014 0.1237785016286645
9 0.24033816425120774 0.6938110749185668 0.40096618357487923 0.2899022801302932
7 0.392512077294686 0.8086319218241043 0.08091787439613526 0.13355048859934854
1 0.8188405797101449 0.7043973941368078 0.08695652173913043 0.1237785016286645
1 0.8164251207729468 0.7996742671009772 0.07367149758454106 0.08306188925081433
1 0.8641304347826086 0.9283387622149837 0.06763285024154589 0.10423452768729642
1 0.8743961352657005 0.7711726384364821 0.0785024154589372 0.10749185667752444
8 0.9420289855072463 0.9153094462540716 0.05676328502415459 0.08631921824104234
6 0.7167874396135265 0.7043973941368078 0.07729468599033816 0.09771986970684039