6 0.137 0.24737631184407796 0.072 0.11094452773613193
6 0.236 0.3365817091454273 0.08 0.1424287856071964
6 0.4685 0.17841079460269865 0.073 0.1184407796101949
6 0.3045 0.15367316341829085 0.047 0.07196401799100449
6 0.453 0.3530734632683658 0.096 0.07946026986506746
6 0.2865 0.01649175412293853 0.033 0.03298350824587706
8 0.704 0.31259370314842577 0.045 0.06446776611694154
11 0.8335 0.35082458770614694 0.049 0.060719640179910044
11 0.7685 0.14392803598200898 0.034 0.07571214392803598
7 0.6625 0.191904047976012 0.0585 0.07946026986506746
7 0.821 0.13343328335832083 0.075 0.08695652173913043
4 0.399 0.6431784107946027 0.064 0.10344827586206896
1 0.3595 0.9032983508245878 0.116 0.12593703148425786
1 0.111 0.6679160419790104 0.066 0.10494752623688156
1 0.2225 0.8013493253373314 0.051 0.07196401799100449
7 0.2125 0.5427286356821589 0.096 0.11094452773613193
7 0.2415 0.6889055472263869 0.061 0.10194902548725637
7 0.2775 0.9857571214392804 0.067 0.02848575712143928
9 0.293 0.5014992503748126 0.05 0.08845577211394302
11 0.5635 0.43553223388305845 0.041 0.031484257871064465
8 0.5135 0.4617691154422789 0.069 0.08395802098950525
1 0.956 0.6424287856071964 0.0335 0.06521739130434782
1 0.923 0.5667166416791605 0.0465 0.049475262368815595
1 0.7425 0.6829085457271364 0.125 0.07196401799100449
1 0.749 0.828335832083958 0.125 0.08095952023988005
1 0.9455 0.8035982008995503 0.0595 0.05547226386806597
1 0.87 0.7188905547226386 0.066 0.05922038980509745
1 0.98 0.7308845577211395 0.04 0.0734632683658171