11 0.20109471680152308 0.3103638368246968 0.0752022846263684 0.09867695700110253
11 0.07020466444550214 0.2227122381477398 0.05473584007615421 0.07993384785005513
11 0.12541646834840553 0.1372657111356119 0.05854355069014755 0.07662624035281147
3 0.5844835792479771 0.3869900771775083 0.07044264635887673 0.14553472987872107
1 0.4255116611137554 0.12844542447629548 0.09804854831032842 0.0970231532524807
5 0.7453593526891956 0.22712238147739802 0.2513089005235602 0.2932745314222712
7 0.32436934792955735 0.6855016538037486 0.09804854831032842 0.12100330760749724
11 0.28105663969538314 0.5270121278941565 0.05973346025702047 0.08875413450937156
11 0.2972394098048548 0.9743660418963617 0.0635411708710138 0.0509922822491731
0 0.3695859114707282 0.8401323042998897 0.07686815801999049 0.10226019845644983
5 0.785102332222751 0.6229327453142227 0.15801999048072346 0.14608599779492834
5 0.8215135649690624 0.9128996692392503 0.10328415040456926 0.12513781697905182
5 0.9252736792003807 0.9299889746416758 0.14945264159923846 0.14002205071664828
7 0.7032365540218943 0.9608599779492834 0.10518800571156592 0.0782800441014333
7 0.849119466920514 0.698180815876516 0.12851023322227512 0.1278941565600882