6 0.5897755610972568 0.20303867403314918 0.17331670822942644 0.07044198895027624
6 0.32169576059850374 0.19060773480662985 0.24189526184538654 0.05939226519337017
6 0.5511221945137157 0.3218232044198895 0.12967581047381546 0.04834254143646409
6 0.33665835411471323 0.3494475138121547 0.057356608478802994 0.03591160220994475
1 0.8778054862842892 0.026243093922651933 0.12967581047381546 0.052486187845303865
1 0.9812967581047382 0.05662983425414365 0.03740648379052369 0.1132596685082873
11 0.3254364089775561 0.47790055248618785 0.06483790523690773 0.0718232044198895
11 0.5561097256857855 0.5359116022099447 0.05860349127182045 0.0787292817679558
11 0.35910224438902744 0.9378453038674033 0.1633416458852868 0.12430939226519337
11 0.11845386533665836 0.6740331491712708 0.08977556109725686 0.12016574585635359
11 0.21072319201995013 0.47928176795580113 0.0773067331670823 0.058011049723756904
11 0.6920199501246883 0.6892265193370166 0.12967581047381546 0.15331491712707182
11 0.5673316708229427 0.7223756906077348 0.0773067331670823 0.11464088397790055
11 0.6159600997506235 0.5676795580110497 0.046134663341645885 0.08149171270718232
1 0.34413965087281795 0.8080110497237569 0.0798004987531172 0.10082872928176796
1 0.4800498753117207 0.7320441988950276 0.0798004987531172 0.0718232044198895
11 0.22942643391521197 0.5552486187845304 0.05486284289276808 0.08839779005524862
11 0.27680798004987534 0.5041436464088398 0.0399002493765586 0.04558011049723757
11 0.1433915211970075 0.5082872928176796 0.046134663341645885 0.04558011049723757
11 0.16832917705735662 0.6187845303867403 0.04987531172069826 0.04834254143646409
4 0.9638403990024937 0.744475138121547 0.02369077306733167 0.11049723756906077
4 0.8890274314214464 0.8273480662983426 0.04239401496259352 0.16574585635359115