6 0.21357142857142858 0.559375 0.07785714285714286 0.1375
6 0.305 0.12 0.09642857142857143 0.13625
1 0.4185714285714286 0.12625 0.07 0.11125
1 0.5878571428571429 0.07625 0.04428571428571428 0.1175
3 0.4182142857142857 0.668125 0.08214285714285714 0.02375
3 0.585 0.39625 0.05 0.19
1 0.7589285714285714 0.175 0.04607142857142857 0.110625
1 0.9332142857142857 0.495625 0.031071428571428573 0.11875
1 0.8257142857142857 0.369375 0.03428571428571429 0.079375
1 0.8267857142857142 0.245 0.03428571428571429 0.11875
1 0.6760714285714285 0.27125 0.04607142857142857 0.114375
1 0.8407142857142857 0.504375 0.030357142857142857 0.11875
1 0.7339285714285714 0.06 0.027142857142857142 0.054375
6 0.7625 0.070625 0.019642857142857142 0.050625
1 0.42607142857142855 0.83125 0.3678571428571429 0.29875
1 0.22071428571428572 0.773125 0.12607142857142858 0.154375
1 0.10964285714285714 0.758125 0.13428571428571429 0.15625
6 0.765 0.70875 0.07285714285714286 0.0575
6 0.7775 0.81 0.03964285714285714 0.05625
6 0.7378571428571429 0.83 0.03142857142857143 0.0525
6 0.7632142857142857 0.900625 0.04928571428571429 0.09375
6 0.8289285714285715 0.9575 0.10142857142857142 0.085
6 0.8496428571428571 0.89625 0.06428571428571428 0.075625
6 0.9146428571428571 0.94375 0.05892857142857143 0.079375
6 0.9528571428571428 0.895 0.03142857142857143 0.03625
6 0.8685714285714285 0.81 0.08071428571428571 0.063125
6 0.8110714285714286 0.78375 0.02035714285714286 0.0325
6 0.8364285714285714 0.73 0.0575 0.059375
6 0.7175 0.780625 0.06035714285714286 0.075625