6 0.23780487804878048 0.32304900181488205 0.2634146341463415 0.18148820326678766
6 0.05 0.19237749546279492 0.1 0.15970961887477314
6 0.12134146341463414 0.42286751361161523 0.174390243902439 0.032667876588021776
6 0.03170731707317073 0.2912885662431942 0.06341463414634146 0.1724137931034483
6 0.125 0.36116152450090744 0.18048780487804877 0.15245009074410162
2 0.6128048780487805 0.1397459165154265 0.045121951219512194 0.06170598911070781
9 0.7310975609756097 0.2513611615245009 0.057926829268292686 0.06805807622504537
9 0.6079268292682927 0.38294010889292196 0.06097560975609756 0.05172413793103448
8 0.6012195121951219 0.32123411978221417 0.05365853658536585 0.04446460980036298
8 0.4573170731707317 0.36388384754990927 0.03902439024390244 0.034482758620689655
8 0.5414634146341464 0.3929219600725953 0.05060975609756098 0.03720508166969147
8 0.677439024390244 0.20780399274047187 0.04207317073170732 0.047186932849364795
8 0.4865853658536585 0.1306715063520871 0.06097560975609756 0.05263157894736842
8 0.5085365853658537 0.3393829401088929 0.03780487804878049 0.03357531760435572
8 0.5932926829268292 0.2150635208711434 0.0524390243902439 0.047186932849364795
7 0.7670731707317073 0.05263157894736842 0.03780487804878049 0.043557168784029036
9 0.8 0.24500907441016334 0.05365853658536585 0.0499092558983666
7 0.7262195121951219 0.09800362976406533 0.06097560975609756 0.07985480943738657
7 0.8164634146341463 0.19147005444646098 0.04939024390243903 0.05263157894736842
7 0.6926829268292682 0.2441016333938294 0.045121951219512194 0.047186932849364795
7 0.525609756097561 0.29038112522686027 0.045121951219512194 0.03720508166969147
7 0.8713414634146341 0.0662431941923775 0.06524390243902439 0.05989110707803993
7 0.7682926829268293 0.10980036297640654 0.03780487804878049 0.04627949183303085
7 0.7621951219512195 0.20326678765880218 0.03170731707317073 0.030852994555353903
7 0.8963414634146342 0.15517241379310345 0.048170731707317074 0.05716878402903811
7 0.8146341463414634 0.1161524500907441 0.027439024390243903 0.030852994555353903
7 0.7634146341463415 0.1515426497277677 0.036585365853658534 0.03720508166969147
7 0.5713414634146341 0.3629764065335753 0.04085365853658537 0.04083484573502722
7 0.7219512195121951 0.33756805807622503 0.05365853658536585 0.036297640653357534
7 0.6615853658536586 0.2531760435571688 0.03902439024390244 0.036297640653357534
7 0.6402439024390244 0.21960072595281308 0.036585365853658534 0.036297640653357534
7 0.3231707317073171 0.6098003629764065 0.09268292682926829 0.1560798548094374
2 0.06219512195121951 0.7268602540834845 0.11219512195121951 0.14337568058076225
9 0.2823170731707317 0.8457350272232305 0.09390243902439024 0.12885662431941924
9 0.35365853658536583 0.7704174228675136 0.03170731707317073 0.08892921960072596
9 0.17560975609756097 0.8493647912885662 0.05609756097560976 0.09074410163339383
11 0.21341463414634146 0.5925589836660617 0.06585365853658537 0.07622504537205081
11 0.20609756097560974 0.677858439201452 0.025609756097560974 0.04900181488203267
11 0.1323170731707317 0.6225045372050817 0.046341463414634146 0.06715063520871144
11 0.2780487804878049 0.4627949183303085 0.036585365853658534 0.047186932849364795
11 0.6640243902439025 0.735934664246824 0.06707317073170732 0.09800362976406533
11 0.7396341463414634 0.852994555353902 0.04573170731707317 0.07259528130671507
11 0.4628048780487805 0.5789473684210527 0.0774390243902439 0.13883847549909256
11 0.9054878048780488 0.8647912885662432 0.061585365853658536 0.1088929219600726
11 0.45182926829268294 0.8493647912885662 0.05121951219512195 0.11343012704174228
11 0.9603658536585366 0.6388384754990926 0.04878048780487805 0.12159709618874773