1 0.2412121212121212 0.28223915592028137 0.1206060606060606 0.09495896834701055
7 0.733030303030303 0.20603751465416179 0.09636363636363636 0.06447831184056271
11 0.563939393939394 0.361957796014068 0.057272727272727274 0.058909730363423216
11 0.8742424242424243 0.11430246189917936 0.08424242424242424 0.06447831184056271
11 0.45 0.22362250879249707 0.0596969696969697 0.049531066822977726
11 0.4266666666666667 0.09437280187573271 0.05606060606060606 0.050996483001172335
4 0.1606060606060606 0.6216295427901524 0.03727272727272727 0.10433763188745604
4 0.20333333333333334 0.7259671746776084 0.03272727272727273 0.07825322391559203
4 0.19545454545454546 0.8493552168815943 0.028181818181818183 0.06946072684642439
4 0.1396969696969697 0.7520515826494725 0.029393939393939392 0.08411488862837045
4 0.13242424242424242 0.8681125439624854 0.030303030303030304 0.0929073856975381
4 0.10696969696969696 0.507327080890973 0.029393939393939392 0.07532239155920281
7 0.19696969696969696 0.9346424384525205 0.03151515151515152 0.11313012895662368
4 0.2206060606060606 0.8405627198124267 0.02696969696969697 0.05803048065650645
3 0.6069696969696969 0.6330597889800703 0.16 0.17174677608440797
3 0.6736363636363636 0.805978898007034 0.1290909090909091 0.15943728018757328
3 0.546060606060606 0.7922039859320047 0.10181818181818182 0.14654161781946073