6 0.12803819444444445 0.28125 0.04788773148148148 0.0939429012345679
6 0.20515046296296297 0.19791666666666666 0.029513888888888888 0.05787037037037037
6 0.03125 0.2648533950617284 0.031684027777777776 0.06616512345679013
6 0.16261574074074073 0.19579475308641975 0.03819444444444445 0.06442901234567901
10 0.16276041666666666 0.16107253086419754 0.022424768518518517 0.05015432098765432
10 0.09953703703703703 0.22897376543209877 0.024305555555555556 0.05015432098765432
10 0.1349826388888889 0.2056327160493827 0.03428819444444445 0.06076388888888889
7 0.5813078703703703 0.12094907407407407 0.1875 0.24189814814814814
7 0.09129050925925926 0.9527391975308642 0.017795138888888888 0.06790123456790123
7 0.12789351851851852 0.9745370370370371 0.017795138888888888 0.05092592592592592
7 0.05570023148148148 0.8503086419753086 0.017795138888888888 0.06577932098765432
7 0.07841435185185185 0.7696759259259259 0.009259259259259259 0.048804012345679014
7 0.12152777777777778 0.7845293209876543 0.01171875 0.047839506172839504
7 0.19299768518518517 0.6911651234567902 0.017795138888888888 0.060570987654320986
11 0.06828703703703703 0.7708333333333334 0.010561342592592593 0.054205246913580245
11 0.0842013888888889 0.8157793209876543 0.01490162037037037 0.05941358024691358
11 0.1394675925925926 0.8238811728395061 0.01171875 0.04243827160493827
11 0.08391203703703703 0.8859953703703703 0.011863425925925927 0.048804012345679014
11 0.12340856481481481 0.6747685185185185 0.018229166666666668 0.07118055555555555
7 0.10300925925925926 0.7687114197530864 0.016493055555555556 0.061535493827160496
7 0.08506944444444445 0.7436342592592593 0.015625 0.05941358024691358
7 0.15827546296296297 0.8939043209876543 0.01171875 0.045717592592592594
7 0.15523726851851852 0.7266589506172839 0.019097222222222224 0.0775462962962963
7 0.11197916666666667 0.7908950617283951 0.01461226851851852 0.07118055555555555
7 0.12861689814814814 0.7712191358024691 0.010561342592592593 0.04359567901234568
9 0.32392939814814814 0.8701774691358025 0.08318865740740741 0.09587191358024691
9 0.5528067129629629 0.7405478395061729 0.08405671296296297 0.08506944444444445
9 0.7395833333333334 0.5949074074074074 0.08955439814814815 0.09683641975308642
9 0.6192129629629629 0.5723379629629629 0.06799768518518519 0.08140432098765432
9 0.6643518518518519 0.6275077160493827 0.055266203703703706 0.05960648148148148
9 0.6219618055555556 0.8132716049382716 0.0736400462962963 0.07600308641975309
9 0.7928240740740741 0.6369598765432098 0.06394675925925926 0.07060185185185185
9 0.7679398148148148 0.43614969135802467 0.06322337962962964 0.08584104938271606
1 0.44039351851851855 0.6957947530864198 0.05844907407407408 0.09047067901234568
1 0.4683159722222222 0.5515046296296297 0.042390046296296294 0.055169753086419755
1 0.6255787037037037 0.7291666666666666 0.03125 0.041666666666666664
8 0.6686921296296297 0.8896604938271605 0.051215277777777776 0.05150462962962963
8 0.27271412037037035 0.8115354938271605 0.051215277777777776 0.0787037037037037
11 0.3758680555555556 0.8539737654320988 0.04716435185185185 0.06693672839506173
11 0.5503472222222222 0.5599922839506173 0.06958912037037036 0.0777391975308642
9 0.5279224537037037 0.5189043209876543 0.09519675925925926 0.08584104938271606
7 0.5886863425925926 0.6356095679012346 0.050347222222222224 0.05073302469135803
7 0.6412037037037037 0.6799768518518519 0.045572916666666664 0.05073302469135803
7 0.3910590277777778 0.910108024691358 0.042390046296296294 0.05613425925925926