10 0.1345 0.14767616191904048 0.062 0.08695652173913043
10 0.0455 0.15817091454272864 0.057 0.08245877061469266
10 0.119 0.053973013493253376 0.077 0.09295352323838081
10 0.3265 0.07421289355322339 0.136 0.13793103448275862
10 0.413 0.06521739130434782 0.053 0.10644677661169415
10 0.089 0.17166416791604197 0.027 0.049475262368815595
10 0.061 0.25787106446776614 0.035 0.053973013493253376
10 0.313 0.015742128935532233 0.09 0.031484257871064465
4 0.753 0.11094452773613193 0.067 0.10794602698650675
1 0.7225 0.3740629685157421 0.119 0.13493253373313344
1 0.582 0.28335832083958024 0.053 0.07496251874062969
7 0.566 0.041979010494752625 0.092 0.08395802098950525
7 0.597 0.1686656671664168 0.064 0.10494752623688156
7 0.6445 0.4775112443778111 0.069 0.06446776611694154
9 0.642 0.011244377811094454 0.052 0.022488755622188907
0 0.3515 0.795352323838081 0.056 0.09145427286356822
0 0.192 0.8275862068965517 0.048 0.08245877061469266
0 0.116 0.7353823088455772 0.049 0.07496251874062969
6 0.0765 0.8808095952023988 0.043 0.10194902548725637
6 0.006 0.6274362818590704 0.012 0.046476761619190406
3 0.169 0.954272863568216 0.054 0.09145427286356822
3 0.1095 0.974512743628186 0.039 0.050974512743628186
3 0.435 0.9535232383808095 0.036 0.09295352323838081
3 0.165 0.6424287856071964 0.049 0.08695652173913043
3 0.2465 0.6724137931034483 0.05 0.10644677661169415
3 0.115 0.6019490254872564 0.05 0.06596701649175413
1 0.894 0.7563718140929535 0.0845 0.0967016491754123
1 0.791 0.8215892053973014 0.0395 0.050974512743628186
1 0.625 0.8470764617691154 0.1275 0.13043478260869565
1 0.591 0.7421289355322339 0.062 0.1176911544227886
1 0.7255 0.7226386806596702 0.0655 0.08695652173913043
1 0.7355 0.5569715142428786 0.041 0.08920539730134933
1 0.836 0.547976011994003 0.1295 0.07646176911544228
0 0.9205 0.9070464767616192 0.1445 0.1454272863568216