11 0.3196969696969697 0.218359375 0.09454545454545454 0.1390625
11 0.48424242424242425 0.090625 0.06848484848484848 0.1125
11 0.4124242424242424 0.0125 0.07333333333333333 0.025
3 0.048484848484848485 0.5375 0.09696969696969697 0.146875
3 0.28909090909090907 0.569921875 0.15151515151515152 0.16015625
7 0.8836363636363637 0.241015625 0.029393939393939392 0.07109375
7 0.7657575757575757 0.254296875 0.028181818181818183 0.062109375
7 0.7357575757575757 0.27109375 0.02696969696969697 0.06328125
7 0.6481818181818182 0.153125 0.02878787878787879 0.062109375
7 0.7460606060606061 0.198828125 0.025454545454545455 0.05859375
7 0.8103030303030303 0.266015625 0.021212121212121213 0.04609375
7 0.7127272727272728 0.32109375 0.03363636363636364 0.07578125
1 0.9190909090909091 0.43515625 0.03333333333333333 0.069921875
1 0.9245454545454546 0.3546875 0.024242424242424242 0.057421875
1 0.9054545454545454 0.338671875 0.019393939393939394 0.05625
9 0.3596969696969697 0.769140625 0.07363636363636364 0.026171875
9 0.2545454545454545 0.790625 0.08060606060606061 0.030078125
7 0.13787878787878788 0.803125 0.04909090909090909 0.019140625
8 0.07636363636363637 0.938671875 0.06484848484848485 0.026171875
8 0.25363636363636366 0.82421875 0.05454545454545454 0.027734375
8 0.3748484848484849 0.738671875 0.05272727272727273 0.022265625
11 0.48878787878787877 0.74140625 0.05787878787878788 0.036328125
11 0.11151515151515151 0.9078125 0.08242424242424243 0.036328125
11 0.31333333333333335 0.985546875 0.06848484848484848 0.028515625
11 0.36757575757575756 0.945703125 0.0596969696969697 0.026953125
11 0.21424242424242423 0.968359375 0.05454545454545454 0.026171875
7 0.5493939393939394 0.771484375 0.040303030303030306 0.0171875
7 0.5142424242424243 0.6875 0.03848484848484848 0.0171875
7 0.3518181818181818 0.71171875 0.03696969696969697 0.015625
7 0.5527272727272727 0.740234375 0.04393939393939394 0.017578125
7 0.5721212121212121 0.744140625 0.03515151515151515 0.023046875
7 0.5378787878787878 0.81015625 0.05606060606060606 0.024609375
8 0.31757575757575757 0.819921875 0.03696969696969697 0.01640625
8 0.3096969696969697 0.8328125 0.03848484848484848 0.015625
7 0.4615151515151515 0.740625 0.05606060606060606 0.024609375
7 0.2693939393939394 0.753125 0.04393939393939394 0.017578125
8 0.1903030303030303 0.835546875 0.028181818181818183 0.0125
8 0.22636363636363635 0.844921875 0.03515151515151515 0.0140625
8 0.21575757575757576 0.835546875 0.029696969696969697 0.01328125
8 0.21151515151515152 0.81875 0.028181818181818183 0.0125
8 0.35545454545454547 0.74765625 0.04212121212121212 0.015625
7 0.20787878787878789 0.808203125 0.04909090909090909 0.019140625
7 0.3 0.7671875 0.03333333333333333 0.01484375
7 0.3748484848484849 0.721484375 0.0703030303030303 0.030859375
11 0.35878787878787877 0.795703125 0.04727272727272727 0.019921875
11 0.4106060606060606 0.7984375 0.03848484848484848 0.0171875
11 0.39212121212121215 0.79375 0.03151515151515152 0.01640625
11 0.41333333333333333 0.686328125 0.03515151515151515 0.0140625
11 0.4221212121212121 0.7078125 0.026363636363636363 0.01171875
11 0.1315151515151515 0.691796875 0.03151515151515152 0.015625
11 0.5484848484848485 0.70546875 0.04575757575757576 0.01484375
11 0.5124242424242424 0.719921875 0.026363636363636363 0.01171875
11 0.573939393939394 0.717578125 0.03151515151515152 0.01484375
11 0.28606060606060607 0.808203125 0.04575757575757576 0.019140625
1 0.7693939393939394 0.957421875 0.037575757575757575 0.043359375
1 0.7224242424242424 0.9203125 0.04212121212121212 0.038671875
1 0.6809090909090909 0.818359375 0.034545454545454546 0.03828125
1 0.7212121212121212 0.807421875 0.025757575757575757 0.036328125
1 0.8124242424242424 0.817578125 0.05818181818181818 0.059765625
1 0.7863636363636364 0.780078125 0.05696969696969697 0.035546875
1 0.9524242424242424 0.840625 0.038181818181818185 0.0296875
1 0.816969696969697 0.8890625 0.03878787878787879 0.034375
1 0.7575757575757576 0.88359375 0.025757575757575757 0.02890625
1 0.9066666666666666 0.788671875 0.019393939393939394 0.02578125
1 0.8909090909090909 0.759765625 0.020606060606060607 0.02578125
1 0.9227272727272727 0.847265625 0.026363636363636363 0.0328125
1 0.69 0.766015625 0.030606060606060605 0.027734375
1 0.6530303030303031 0.75234375 0.02515151515151515 0.02890625
1 0.7336363636363636 0.6625 0.03636363636363636 0.025
7 0.7503030303030302 0.705078125 0.03939393939393939 0.04140625
7 0.6433333333333333 0.675390625 0.03696969696969697 0.05078125