6 0.151875 0.07416666666666667 0.09125 0.10333333333333333
6 0.19875 0.2125 0.050625 0.0875
6 0.159375 0.26666666666666666 0.041875 0.08
6 0.21125 0.3466666666666667 0.065625 0.14083333333333334
6 0.30625 0.38666666666666666 0.128125 0.14333333333333334
6 0.30875 0.2825 0.0825 0.11916666666666667
6 0.4 0.30666666666666664 0.075625 0.1225
6 0.4275 0.2125 0.040625 0.05583333333333333
6 0.30375 0.15166666666666667 0.10125 0.10083333333333333
6 0.22875 0.1525 0.026875 0.0475
6 0.241875 0.0625 0.0725 0.09333333333333334
6 0.119375 0.21 0.0775 0.11666666666666667
7 0.641875 0.435 0.08875 0.07
7 0.85125 0.2725 0.06875 0.095
8 0.839375 0.10916666666666666 0.06 0.08666666666666667
11 0.6775 0.30833333333333335 0.05625 0.06666666666666667
11 0.97 0.12916666666666668 0.06 0.08833333333333333
11 0.51375 0.44583333333333336 0.055 0.04833333333333333
9 0.565 0.4525 0.045 0.035
1 0.785625 0.1525 0.0475 0.07333333333333333
7 0.589375 0.315 0.06125 0.06666666666666667
7 0.50625 0.3625 0.0525 0.10833333333333334
7 0.51875 0.26916666666666667 0.0575 0.06666666666666667
7 0.088125 0.9441666666666667 0.13375 0.11166666666666666
11 0.525625 0.5641666666666667 0.09125 0.10416666666666667
11 0.62875 0.7441666666666666 0.151875 0.16083333333333333
11 0.74875 0.8958333333333334 0.165625 0.11583333333333333
11 0.8025 0.7875 0.13875 0.11583333333333333
11 0.761875 0.6666666666666666 0.108125 0.13666666666666666
11 0.800625 0.5283333333333333 0.104375 0.10083333333333333
7 0.86125 0.6308333333333334 0.098125 0.1075