3 0.22203712517848642 0.23897464167585447 0.11304140885292718 0.055402425578831314
3 0.3158019990480723 0.1855016538037486 0.08757734412184674 0.052646085997794925
3 0.21132793907663017 0.17805953693495039 0.06592099000475964 0.04961411245865491
9 0.861732508329367 0.21141124586549062 0.03236554021894336 0.04299889746416759
2 0.746311280342694 0.20011025358324144 0.021894336030461686 0.03996692392502756
2 0.8250832936696811 0.16703417861080486 0.021180390290337935 0.046030871003307605
2 0.6830080913850547 0.26736493936052924 0.01546882436934793 0.028114663726571114
2 0.7660637791527843 0.278941565600882 0.01618277010947168 0.05292171995589857
8 0.8595906711089957 0.2709481808158765 0.024512137077582104 0.030044101433296583
5 0.44407425035697284 0.7442116868798236 0.1418372203712518 0.10804851157662625
5 0.3841028081865778 0.9881477398015436 0.08376963350785341 0.023704520396912898
5 0.4928605425987625 0.41400220507166485 0.11089957163255593 0.07497243660418963
5 0.14350309376487386 0.8456449834619625 0.047596382674916705 0.05953693495038589
7 0.12684435982865302 0.6077728776185226 0.06092336982389338 0.07056229327453142
7 0.4469300333174679 0.4933847850055127 0.06425511661113756 0.06504961411245866
7 0.6023322227510709 0.5989525909592062 0.07472632079961923 0.09206174200661521
7 0.4790575916230366 0.8417861080485116 0.1128034269395526 0.09867695700110253
9 0.9152784388386482 0.7899669239250275 0.07044264635887673 0.10170893054024256
9 0.7900999524036173 0.3756890848952591 0.03712517848643503 0.031146637265711135
9 0.8705378391242266 0.8164277839029769 0.01951451689671585 0.04630650496141125
0 0.9176582579723941 0.6017089305402425 0.06901475487862922 0.06642778390297685
0 0.9231318419800095 0.5471334068357222 0.09995240361732509 0.04961411245865491
0 0.9198000951927654 0.6730981256890849 0.058067586863398385 0.06229327453142227
0 0.757734412184674 0.5126791620727673 0.054497858162779626 0.0689084895259096
0 0.8393622084721561 0.5460308710033076 0.0461684911946692 0.07028665931642779
0 0.7684435982865302 0.6345093715545755 0.06901475487862922 0.09371554575523705