6 0.3045833333333333 0.09458333333333334 0.21916666666666668 0.18916666666666668
6 0.09625 0.0725 0.1925 0.145
10 0.8695833333333334 0.19875 0.17875 0.19625
10 0.7333333333333333 0.26416666666666666 0.12041666666666667 0.15125
10 0.6145833333333334 0.17958333333333334 0.17541666666666667 0.25958333333333333
9 0.31958333333333333 0.59875 0.04666666666666667 0.08416666666666667
9 0.37041666666666667 0.61875 0.02875 0.058333333333333334
9 0.40166666666666667 0.66625 0.0225 0.058333333333333334
9 0.36041666666666666 0.6891666666666667 0.03166666666666667 0.050833333333333335
9 0.20416666666666666 0.855 0.032916666666666664 0.06666666666666667
9 0.3145833333333333 0.86625 0.03166666666666667 0.06666666666666667
9 0.07375 0.84875 0.044583333333333336 0.07666666666666666
8 0.17375 0.405 0.0275 0.04958333333333333
8 0.1325 0.7320833333333333 0.032916666666666664 0.05333333333333334
8 0.17166666666666666 0.8354166666666667 0.025 0.04583333333333333
2 0.08166666666666667 0.7220833333333333 0.0375 0.06333333333333334
2 0.10541666666666667 0.6329166666666667 0.050416666666666665 0.09916666666666667
0 0.2633333333333333 0.40208333333333335 0.03875 0.09541666666666666
0 0.19416666666666665 0.7070833333333333 0.027083333333333334 0.06916666666666667
6 0.87875 0.765 0.07083333333333333 0.12208333333333334
6 0.8470833333333333 0.65 0.04041666666666666 0.06833333333333333
6 0.81625 0.7120833333333333 0.043333333333333335 0.06583333333333333
6 0.7591666666666667 0.6916666666666667 0.01875 0.03791666666666667
6 0.7733333333333333 0.8220833333333334 0.043333333333333335 0.07708333333333334
6 0.6841666666666667 0.8508333333333333 0.04583333333333333 0.08541666666666667
6 0.6916666666666667 0.69375 0.059583333333333335 0.07958333333333334
6 0.6779166666666666 0.7429166666666667 0.029166666666666667 0.0475
6 0.71625 0.7933333333333333 0.02625 0.04041666666666666
6 0.76125 0.8895833333333333 0.06291666666666666 0.08166666666666667