6 0.5141176470588236 0.26410658307210033 0.12470588235294118 0.15673981191222572
6 0.3323529411764706 0.28996865203761757 0.21764705882352942 0.20689655172413793
6 0.11411764705882353 0.26332288401253917 0.18823529411764706 0.2993730407523511
6 0.20529411764705882 0.4286833855799373 0.15411764705882353 0.10188087774294671
7 0.6141176470588235 0.3213166144200627 0.04941176470588235 0.13793103448275862
8 0.8647058823529412 0.46394984326018807 0.08705882352941176 0.03134796238244514
8 0.6082352941176471 0.31191222570532917 0.03764705882352941 0.10658307210031348
8 0.9529411764705882 0.017241379310344827 0.08235294117647059 0.034482758620689655
8 0.31 0.7617554858934169 0.10470588235294118 0.1238244514106583
8 0.42470588235294116 0.7688087774294671 0.07647058823529412 0.09090909090909091
8 0.34294117647058825 0.9130094043887147 0.06 0.07523510971786834
8 0.4288235294117647 0.9804075235109718 0.06705882352941177 0.03918495297805643
8 0.5141176470588236 0.6512539184952978 0.06705882352941177 0.08934169278996865
9 0.11 0.975705329153605 0.11411764705882353 0.048589341692789965
7 0.5647058823529412 0.5086206896551724 0.04941176470588235 0.05799373040752351
7 0.95 0.8855799373040752 0.1 0.13479623824451412
7 0.8235294117647058 0.8009404388714734 0.08 0.1238244514106583
7 0.9129411764705883 0.6598746081504702 0.08705882352941176 0.12695924764890282