6 0.025210084033613446 0.4088709677419355 0.05042016806722689 0.08548387096774193
6 0.33133253301320525 0.26048387096774195 0.09603841536614646 0.1435483870967742
6 0.2653061224489796 0.10080645161290322 0.12244897959183673 0.1774193548387097
6 0.12364945978391356 0.22258064516129034 0.06842737094837935 0.09193548387096774
6 0.08763505402160865 0.3741935483870968 0.04801920768307323 0.06451612903225806
8 0.8643457382953181 0.43790322580645163 0.0744297719087635 0.08548387096774193
9 0.978391356542617 0.3604838709677419 0.04321728691476591 0.10161290322580645
9 0.8577430972388955 0.03064516129032258 0.08283313325330131 0.06129032258064516
11 0.6968787515006002 0.025 0.056422569027611044 0.05
11 0.8403361344537815 0.11129032258064517 0.06962785114045618 0.08387096774193549
7 0.32112845138055224 0.6096774193548387 0.07803121248499399 0.041935483870967745
7 0.16686674669867949 0.8040322580645162 0.06842737094837935 0.07580645161290323
7 0.20588235294117646 0.8741935483870967 0.09603841536614646 0.12903225806451613
7 0.21008403361344538 0.964516129032258 0.08163265306122448 0.07096774193548387
7 0.06422569027611044 0.9419354838709677 0.07322929171668667 0.10806451612903226
7 0.026410564225690276 0.7258064516129032 0.05282112845138055 0.11290322580645161
7 0.07623049219687875 0.7645161290322581 0.06362545018007203 0.08225806451612903
7 0.0858343337334934 0.6104838709677419 0.058823529411764705 0.043548387096774194
1 0.6692677070828331 0.7379032258064516 0.1446578631452581 0.09838709677419355
1 0.6674669867947179 0.8137096774193548 0.12424969987995198 0.06612903225806452
1 0.7496998799519808 0.9145161290322581 0.11404561824729892 0.08225806451612903
1 0.7641056422569028 0.7895161290322581 0.13205282112845138 0.08387096774193549
8 0.8811524609843937 0.9024193548387097 0.09543817527010805 0.06854838709677419
6 0.4963985594237695 0.739516129032258 0.13025210084033614 0.07741935483870968