6 0.4125 0.4 0.096 0.12027027027027028
6 0.353 0.2831081081081081 0.055 0.06756756756756757
6 0.3145 0.3601351351351351 0.059 0.06351351351351352
6 0.229 0.3533783783783784 0.025 0.03918918918918919
6 0.264 0.4668918918918919 0.058 0.025675675675675677
6 0.1305 0.375 0.083 0.07432432432432433
6 0.1155 0.43243243243243246 0.04 0.04594594594594595
6 0.177 0.46824324324324323 0.036 0.022972972972972974
1 0.959 0.2722972972972973 0.058 0.07027027027027027
1 0.7155 0.4466216216216216 0.057 0.05675675675675676
3 0.7745 0.012162162162162163 0.087 0.024324324324324326
3 0.755 0.15 0.053 0.0918918918918919
1 0.9255 0.4527027027027027 0.057 0.05405405405405406
7 0.238 0.7709459459459459 0.0745 0.09594594594594595
11 0.2325 0.9337837837837838 0.0405 0.075
11 0.332 0.5209459459459459 0.0485 0.05405405405405406
0 0.2415 0.6101351351351352 0.055 0.0831081081081081
8 0.934 0.8905405405405405 0.083 0.12837837837837837
11 0.758 0.5581081081081081 0.037 0.07702702702702703
6 0.636 0.9601351351351352 0.051 0.06756756756756757