6 0.12944444444444445 0.3738888888888889 0.017222222222222222 0.06388888888888888
6 0.08944444444444444 0.4011111111111111 0.017222222222222222 0.04722222222222222
6 0.1527777777777778 0.3794444444444444 0.02 0.07444444444444444
6 0.16166666666666665 0.20722222222222222 0.020555555555555556 0.05333333333333334
6 0.18166666666666667 0.29944444444444446 0.035 0.10777777777777778
6 0.1827777777777778 0.23166666666666666 0.022222222222222223 0.05444444444444444
10 0.14555555555555555 0.27944444444444444 0.04777777777777778 0.09888888888888889
10 0.11388888888888889 0.44166666666666665 0.02277777777777778 0.08333333333333333
10 0.1511111111111111 0.45166666666666666 0.03722222222222222 0.10444444444444445
1 0.6816666666666666 0.3605555555555556 0.06833333333333333 0.09555555555555556
6 0.7238888888888889 0.16444444444444445 0.04888888888888889 0.052222222222222225
6 0.6288888888888889 0.09833333333333333 0.04388888888888889 0.06444444444444444
6 0.7627777777777778 0.2461111111111111 0.043333333333333335 0.07666666666666666
1 0.6433333333333333 0.2722222222222222 0.07888888888888888 0.10888888888888888
1 0.5977777777777777 0.32 0.06888888888888889 0.10055555555555555
1 0.5755555555555556 0.21888888888888888 0.075 0.12611111111111112
1 0.5433333333333333 0.4338888888888889 0.08055555555555556 0.11444444444444445
1 0.6172222222222222 0.40444444444444444 0.09777777777777778 0.12222222222222222
1 0.5938888888888889 0.5127777777777778 0.10555555555555556 0.1238888888888889
1 0.5338888888888889 0.34 0.08722222222222223 0.11555555555555555
1 0.5766666666666667 0.10222222222222223 0.08055555555555556 0.11277777777777778
1 0.49444444444444446 0.4727777777777778 0.065 0.09666666666666666
1 0.7511111111111111 0.34055555555555556 0.08611111111111111 0.11555555555555555
1 0.7072222222222222 0.24388888888888888 0.07 0.09833333333333333
1 0.6466666666666666 0.1688888888888889 0.1 0.11833333333333333
1 0.705 0.065 0.10555555555555556 0.13
1 0.505 0.1272222222222222 0.09111111111111111 0.1288888888888889
1 0.5061111111111111 0.24722222222222223 0.09777777777777778 0.1238888888888889
1 0.47 0.38166666666666665 0.07111111111111111 0.11833333333333333
9 0.1322222222222222 0.755 0.03 0.065
9 0.08333333333333333 0.8722222222222222 0.025555555555555557 0.07111111111111111
9 0.21444444444444444 0.8988888888888888 0.024444444444444446 0.06
9 0.19 0.7433333333333333 0.028888888888888888 0.08777777777777777
9 0.21 0.6916666666666667 0.017222222222222222 0.041666666666666664
8 0.06222222222222222 0.7744444444444445 0.015555555555555555 0.03722222222222222
8 0.2011111111111111 0.8422222222222222 0.02 0.043333333333333335
8 0.18166666666666667 0.9083333333333333 0.013333333333333334 0.03833333333333333
8 0.19055555555555556 0.9505555555555556 0.016666666666666666 0.04777777777777778
8 0.17444444444444446 0.7588888888888888 0.012222222222222223 0.043333333333333335
8 0.135 0.7077777777777777 0.013333333333333334 0.035555555555555556
8 0.12666666666666668 0.9616666666666667 0.01611111111111111 0.05388888888888889
8 0.1638888888888889 0.9061111111111111 0.011666666666666667 0.035555555555555556
1 0.15888888888888889 0.7755555555555556 0.013888888888888888 0.04
8 0.17222222222222222 0.8194444444444444 0.013888888888888888 0.03222222222222222
8 0.15222222222222223 0.7466666666666667 0.015555555555555555 0.035555555555555556
9 0.09111111111111111 0.9277777777777778 0.015 0.035555555555555556
9 0.1272222222222222 0.8944444444444445 0.03333333333333333 0.08333333333333333
7 0.07166666666666667 0.7038888888888889 0.024444444444444446 0.07555555555555556
7 0.08611111111111111 0.7572222222222222 0.021111111111111112 0.04611111111111111
7 0.10388888888888889 0.905 0.015 0.04
9 0.15 0.6272222222222222 0.02277777777777778 0.03388888888888889
7 0.1988888888888889 0.6755555555555556 0.01888888888888889 0.03833333333333333
2 0.5805555555555556 0.8355555555555556 0.26666666666666666 0.2777777777777778
2 0.8405555555555555 0.965 0.17222222222222222 0.07
7 0.42 0.7588888888888888 0.08444444444444445 0.08555555555555555
9 0.7344444444444445 0.7511111111111111 0.14666666666666667 0.21