3 0.32875 0.21277842907385697 0.0975 0.15826494724501758
3 0.24708333333333332 0.35726846424384523 0.07625 0.14947245017584995
3 0.3335416666666667 0.3824736225087925 0.058333333333333334 0.14009378663540445
8 0.6847916666666667 0.2895662368112544 0.035 0.07151230949589683
9 0.13375 0.7394490035169988 0.11041666666666666 0.15650644783118406
0 0.2783333333333333 0.9856389214536928 0.07916666666666666 0.028722157092614303
0 0.05708333333333333 0.63042203985932 0.08125 0.1488862837045721
7 0.8664583333333333 0.8118405627198124 0.052708333333333336 0.041617819460726846
7 0.6239583333333333 0.8344079718640094 0.04020833333333333 0.06037514654161782
7 0.580625 0.7907385697538101 0.06375 0.07766705744431418
2 0.72875 0.723915592028136 0.03958333333333333 0.08821805392731535
11 0.6741666666666667 0.7013481828839391 0.038125 0.031652989449003514
11 0.7845833333333333 0.713071512309496 0.04583333333333333 0.03311840562719812
11 0.6629166666666667 0.8150644783118406 0.031875 0.02022274325908558