6 0.5633971291866029 0.22328548644338117 0.09090909090909091 0.14035087719298245
6 0.5011961722488039 0.35964912280701755 0.0645933014354067 0.07814992025518341
6 0.45633971291866027 0.2679425837320574 0.07057416267942583 0.0733652312599681
6 0.35406698564593303 0.27352472089314195 0.029904306220095694 0.046251993620414676
6 0.39892344497607657 0.11004784688995216 0.06818181818181818 0.08931419457735247
6 0.24641148325358853 0.045454545454545456 0.07177033492822966 0.09090909090909091
6 0.23624401913875598 0.24481658692185007 0.09808612440191387 0.08452950558213716
6 0.21949760765550239 0.17703349282296652 0.04665071770334928 0.05422647527910686
6 0.2942583732057416 0.12599681020733652 0.0430622009569378 0.044657097288676235
6 0.3881578947368421 0.03110047846889952 0.10406698564593302 0.06220095693779904
10 0.7924641148325359 0.34768740031897927 0.12440191387559808 0.1467304625199362
7 0.9509569377990431 0.16586921850079744 0.039473684210526314 0.06060606060606061
1 0.9880382775119617 0.44577352472089316 0.023923444976076555 0.05901116427432217
1 0.9958133971291866 0.3293460925039872 0.008373205741626795 0.05582137161084529
11 0.6244019138755981 0.42503987240829344 0.03110047846889952 0.05582137161084529
11 0.6698564593301436 0.4728867623604466 0.03110047846889952 0.06220095693779904
9 0.28588516746411485 0.7017543859649122 0.09808612440191387 0.13237639553429026
8 0.2236842105263158 0.6794258373205742 0.03827751196172249 0.0733652312599681
8 0.04844497607655503 0.854066985645933 0.04904306220095694 0.049441786283891544
8 0.05143540669856459 0.8492822966507177 0.10287081339712918 0.11642743221690591
5 0.025717703349282296 0.9768740031897927 0.05143540669856459 0.046251993620414676
7 0.3026315789473684 0.9513556618819776 0.07057416267942583 0.04784688995215311
2 0.986244019138756 0.6778309409888357 0.02751196172248804 0.1371610845295056
11 0.9114832535885168 0.696969696969697 0.06578947368421052 0.07017543859649122