6 0.2699652777777778 0.45447530864197533 0.12528935185185186 0.13638117283950618
6 0.5008680555555556 0.4992283950617284 0.08000578703703703 0.08101851851851852
6 0.05888310185185185 0.23861882716049382 0.08203125 0.09664351851851852
6 0.4040798611111111 0.4104938271604938 0.1021412037037037 0.08950617283950617
10 0.4262152777777778 0.3636188271604938 0.05685763888888889 0.07388117283950617
10 0.23828125 0.3273533950617284 0.0630787037037037 0.07388117283950617
10 0.3346354166666667 0.36786265432098764 0.0915798611111111 0.08661265432098765
6 0.7248263888888888 0.4513888888888889 0.07581018518518519 0.11902006172839506
6 0.7654803240740741 0.2941743827160494 0.043547453703703706 0.10069444444444445
6 0.7324942129629629 0.23167438271604937 0.03515625 0.09143518518518519
6 0.7767650462962963 0.1402391975308642 0.05613425925925926 0.16473765432098766
6 0.8567708333333334 0.09760802469135803 0.10677083333333333 0.16763117283950618
6 0.8582175925925926 0.2179783950617284 0.06886574074074074 0.1371527777777778
6 0.9340277777777778 0.19367283950617284 0.06452546296296297 0.14332561728395063
6 0.9564525462962963 0.3018904320987654 0.03370949074074074 0.06404320987654322
6 0.8518518518518519 0.36747685185185186 0.08564814814814815 0.11902006172839506
6 0.7900752314814815 0.3628472222222222 0.022424768518518517 0.05787037037037037
6 0.7999131944444444 0.4681712962962963 0.06032986111111111 0.1097608024691358
6 0.6995081018518519 0.2941743827160494 0.06452546296296297 0.1371527777777778
9 0.3224826388888889 0.7781635802469136 0.10199652777777778 0.09780092592592593
2 0.07407407407407407 0.5677083333333334 0.06597222222222222 0.055748456790123455
2 0.42201967592592593 0.7627314814814815 0.034577546296296294 0.0466820987654321
2 0.4240451388888889 0.8080632716049383 0.036458333333333336 0.04841820987654321
2 0.17346643518518517 0.6983024691358025 0.053530092592592594 0.05632716049382716
2 0.12485532407407407 0.6292438271604939 0.06004050925925926 0.06385030864197531
7 0.2991898148148148 0.8512731481481481 0.05164930555555555 0.05632716049382716
7 0.44241898148148145 0.6701388888888888 0.06322337962962964 0.06963734567901235
7 0.39467592592592593 0.5925925925925926 0.06322337962962964 0.06847993827160494
7 0.38179976851851855 0.8894675925925926 0.05627893518518518 0.05632716049382716
7 0.34230324074074076 0.9245756172839507 0.1015625 0.08179012345679013
7 0.8899016203703703 0.6439043209876543 0.17505787037037038 0.20833333333333334