6 0.27793008910212474 0.23022847100175747 0.038039753255654556 0.07147041593438781
6 0.2371487320082248 0.1555360281195079 0.03255654557916381 0.05008787346221441
6 0.22001370801919123 0.247510251903925 0.026730637422892393 0.03895723491505566
6 0.20493488690884168 0.2100175746924429 0.02467443454420836 0.04452255418863503
3 0.19773817683344758 0.15114235500878734 0.04866346812885538 0.06473345049794962
3 0.13159698423577793 0.2050380785002929 0.0411240575736806 0.070298769771529
6 0.5764222069910898 0.3321616871704745 0.09389993145990404 0.07381370826010544
6 0.7960932145305003 0.40451083772700647 0.10281014393420151 0.06736965436438196
6 0.5373543522960932 0.22085530169888692 0.09595613433858807 0.13942589338019917
6 0.6638108293351611 0.3596953719976567 0.07539410555174778 0.10427650849443468
6 0.8985606579849211 0.3327475102519039 0.10075394105551748 0.10661980082015231
6 0.9095270733379027 0.23784417106033978 0.18094585332419466 0.11072056239015818
11 0.2539410555174777 0.5843585237258347 0.029129540781357093 0.04159343878148799
11 0.21898560657984922 0.6028119507908611 0.02433173406442769 0.0424721734036321
11 0.24742974640164497 0.8025776215582894 0.02570253598355038 0.051552431165787935
11 0.30774503084304317 0.6130638547158758 0.035298149417409184 0.05243116578793205
7 0.26353666895133654 0.6947861745752782 0.02638793694311172 0.04803749267721148
7 0.36360520904729265 0.7826596367896895 0.03289924605894448 0.05711775043936731
7 0.16655243317340646 0.6734036321031048 0.031185743660041124 0.0351493848857645
7 0.0640849897189856 0.7062097246631517 0.02021932830705963 0.03046280023432923
7 0.041466758053461276 0.6186291739894552 0.01439342015078821 0.026654950205038077
7 0.1788896504455106 0.7606912712360867 0.01782042494859493 0.024897480960749854
7 0.1888279643591501 0.6036906854130053 0.02433173406442769 0.03866432337434095
8 0.6432488005483208 0.7261277094317516 0.17409184372858122 0.11716461628588166
7 0.5534612748457848 0.5755711775043937 0.1281699794379712 0.0849443468072642
7 0.8704592186429061 0.6400117164616286 0.09458533241946539 0.08787346221441125
7 0.519876627827279 0.986233157586409 0.06100068540095956 0.02753368482718219