6 0.12791666666666668 0.345 0.13 0.10583333333333333
6 0.013333333333333334 0.265 0.02666666666666667 0.15166666666666667
6 0.2525 0.25625 0.115 0.15916666666666668
6 0.24291666666666667 0.12333333333333334 0.13416666666666666 0.175
3 0.7854166666666667 0.36291666666666667 0.15625 0.14583333333333334
3 0.8383333333333334 0.27208333333333334 0.15333333333333332 0.12375
3 0.6679166666666667 0.2475 0.13041666666666665 0.08791666666666667
3 0.49875 0.3575 0.15916666666666668 0.12666666666666668
3 0.6466666666666666 0.34375 0.13625 0.11541666666666667
2 0.03 0.825 0.06 0.11333333333333333
2 0.1325 0.74 0.09416666666666666 0.09666666666666666
8 0.06541666666666666 0.77 0.043333333333333335 0.04083333333333333
5 0.805 0.7041666666666667 0.13791666666666666 0.0925
5 0.7325 0.9233333333333333 0.13208333333333333 0.07541666666666667
5 0.7120833333333333 0.8533333333333334 0.15166666666666667 0.09166666666666666
5 0.6175 0.8954166666666666 0.09041666666666667 0.07625
5 0.5583333333333333 0.7879166666666667 0.10708333333333334 0.0675
5 0.6725 0.76625 0.11541666666666667 0.08666666666666667