6 0.23125 0.351 0.1125 0.158
6 0.340625 0.358 0.09625 0.132
6 0.30375 0.257 0.05875 0.082
6 0.201875 0.207 0.0525 0.102
6 0.161875 0.275 0.06 0.1
6 0.15625 0.058 0.07 0.1
6 0.280625 0.11 0.0425 0.062
6 0.229375 0.13 0.045 0.064
6 0.344375 0.221 0.04875 0.08
6 0.414375 0.312 0.04 0.066
6 0.44125 0.254 0.0375 0.058
6 0.39625 0.241 0.05375 0.09
6 0.44375 0.164 0.03625 0.062
6 0.0775 0.073 0.04625 0.056
6 0.218125 0.031 0.04375 0.062
6 0.130625 0.183 0.0625 0.094
6 0.07875 0.402 0.035 0.056
6 0.108125 0.22 0.03125 0.05
6 0.325 0.295 0.0425 0.06
6 0.294375 0.312 0.03375 0.056
6 0.3325 0.114 0.0475 0.07
6 0.20625 0.311 0.0575 0.09
5 0.745 0.146 0.51 0.292
1 0.006875 0.671 0.01375 0.102
1 0.120625 0.641 0.06125 0.088
1 0.03375 0.497 0.05 0.092
1 0.121875 0.484 0.05375 0.088
1 0.218125 0.447 0.05625 0.034
1 0.383125 0.83 0.07 0.114
0 0.0575 0.618 0.05625 0.118
9 0.98 0.584 0.04 0.12
9 0.764375 0.58 0.08625 0.132
9 0.765625 0.442 0.08625 0.024
9 0.923125 0.573 0.0875 0.176
1 0.698125 0.747 0.06625 0.122
1 0.813125 0.917 0.05375 0.1
1 0.87125 0.873 0.0625 0.11
11 0.67 0.571 0.0575 0.118
9 0.89625 0.477 0.1075 0.094
7 0.665625 0.479 0.04375 0.064
7 0.701875 0.451 0.04125 0.042
7 0.96875 0.823 0.04875 0.076
0 0.8125 0.536 0.0475 0.078
0 0.799375 0.465 0.06125 0.07