6 0.313953488372093 0.263125 0.1511627906976744 0.186875
6 0.07364341085271318 0.540625 0.05717054263565891 0.068125
6 0.6027131782945736 0.15125 0.0436046511627907 0.0975
6 0.1686046511627907 0.32375 0.10271317829457365 0.155
6 0.14922480620155038 0.175 0.12015503875968993 0.15
9 0.7209302325581395 0.546875 0.031007751937984496 0.063125
9 0.687984496124031 0.3125 0.025193798449612403 0.071875
9 0.7906976744186046 0.548125 0.03197674418604651 0.060625
9 0.7538759689922481 0.52625 0.031007751937984496 0.09375
8 0.7587209302325582 0.175 0.02616279069767442 0.071875
4 0.6560077519379846 0.2675 0.01937984496124031 0.06875
4 0.9273255813953488 0.16125 0.02131782945736434 0.06625
1 0.8701550387596899 0.22625 0.02422480620155039 0.085625
7 0.8914728682170543 0.03875 0.03391472868217054 0.076875
6 0.7684108527131783 0.1075 0.02131782945736434 0.058125
0 0.8943798449612403 0.36625 0.03391472868217054 0.09375
9 0.4622093023255814 0.59 0.1065891472868217 0.0225
0 0.1385658914728682 0.939375 0.1996124031007752 0.11
0 0.12790697674418605 0.854375 0.2558139534883721 0.08625
0 0.560077519379845 0.785625 0.13953488372093023 0.11125
0 0.3478682170542636 0.845625 0.1375968992248062 0.11375
0 0.5416666666666666 0.950625 0.17635658914728683 0.09875
11 0.9215116279069767 0.614375 0.06976744186046512 0.07125
11 0.8934108527131783 0.771875 0.09883720930232558 0.123125
11 0.8498062015503876 0.91375 0.11337209302325581 0.083125
11 0.7858527131782945 0.8425 0.09108527131782945 0.083125
11 0.7839147286821705 0.743125 0.06686046511627906 0.104375
11 0.7228682170542635 0.645 0.06976744186046512 0.075625
7 0.7063953488372093 0.73625 0.06201550387596899 0.080625