10 0.3931847968545216 0.05892857142857143 0.18872870249017037 0.11785714285714285
10 0.4980340760157274 0.07946428571428571 0.08256880733944955 0.1375
10 0.01834862385321101 0.016964285714285713 0.03669724770642202 0.033928571428571426
8 0.7745740498034076 0.08482142857142858 0.06422018348623854 0.09642857142857143
11 0.8263433813892529 0.3875 0.07601572739187418 0.11071428571428571
8 0.1834862385321101 0.75 0.0963302752293578 0.07946428571428571
8 0.508519003931848 0.6258928571428571 0.10222804718217562 0.13035714285714287
2 0.272608125819135 0.5303571428571429 0.1710353866317169 0.11517857142857142
2 0.41022280471821754 0.775 0.13761467889908258 0.1
9 0.9770642201834863 0.8232142857142857 0.045871559633027525 0.16071428571428573
8 0.8610747051114024 0.6973214285714285 0.11009174311926606 0.13035714285714287
8 0.9128440366972477 0.6517857142857143 0.04456094364351245 0.06964285714285715
7 0.9311926605504587 0.9357142857142857 0.07077326343381389 0.09464285714285714
7 0.9705111402359109 0.6526785714285714 0.05897771952817824 0.08035714285714286
7 0.8977719528178244 0.8098214285714286 0.07732634338138926 0.10178571428571428