6 0.28324468085106386 0.23783783783783785 0.07712765957446809 0.08783783783783784
6 0.17420212765957446 0.18243243243243243 0.06515957446808511 0.062162162162162166
6 0.1815159574468085 0.28716216216216217 0.05452127659574468 0.025675675675675677
6 0.13763297872340424 0.26756756756756755 0.04920212765957447 0.05405405405405406
3 0.09973404255319149 0.20608108108108109 0.09840425531914894 0.07972972972972973
7 0.8377659574468085 0.10878378378378378 0.06515957446808511 0.08648648648648649
10 0.19547872340425532 0.581081081081081 0.19414893617021275 0.3277027027027027
8 0.8344414893617021 0.5459459459459459 0.12234042553191489 0.13783783783783785
11 0.6349734042553191 0.9013513513513514 0.05585106382978723 0.07972972972972973
6 0.43949468085106386 0.518918918918919 0.0598404255319149 0.07297297297297298
7 0.944813829787234 0.40135135135135136 0.11037234042553191 0.20270270270270271
8 0.9753989361702128 0.7236486486486486 0.04920212765957447 0.13378378378378378