6 0.2515 0.3058470764617691 0.105 0.12593703148425786
6 0.1005 0.308095952023988 0.121 0.12143928035982009
11 0.4165 0.053973013493253376 0.057 0.07496251874062969
11 0.2995 0.08770614692653673 0.065 0.0734632683658171
1 0.93 0.2331334332833583 0.103 0.15442278860569716
1 0.866 0.33808095952023987 0.058 0.06146926536731634
1 0.7515 0.2646176911544228 0.068 0.095952023988006
1 0.786 0.05472263868065967 0.067 0.095952023988006
1 0.1765 0.8845577211394303 0.1685 0.16116941529235382
1 0.2735 0.7691154422788605 0.1305 0.09220389805097451
1 0.347 0.6941529235382309 0.1815 0.11169415292353824
1 0.417 0.532983508245877 0.0795 0.05697151424287856
1 0.495 0.46326836581709147 0.086 0.07196401799100449
3 0.864 0.8823088455772113 0.17 0.2353823088455772
3 0.7175 0.8275862068965517 0.0805 0.13193403298350825
3 0.841 0.6746626686656672 0.0755 0.10194902548725637
3 0.8875 0.7203898050974513 0.0605 0.11544227886056972
3 0.867 0.603448275862069 0.089 0.12143928035982009
3 0.8295 0.5299850074962519 0.074 0.12668665667166418
3 0.958 0.5164917541229386 0.084 0.13493253373313344
3 0.861 0.4197901049475262 0.0755 0.10194902548725637