6 0.08615384615384615 0.20210280373831777 0.09230769230769231 0.12149532710280374
6 0.23461538461538461 0.1588785046728972 0.13230769230769232 0.09813084112149532
6 0.12076923076923077 0.40654205607476634 0.06923076923076923 0.04672897196261682
1 0.44461538461538463 0.11098130841121495 0.15076923076923077 0.21261682242990654
1 0.6807692307692308 0.17289719626168223 0.06615384615384616 0.102803738317757
1 0.67 0.2850467289719626 0.06307692307692307 0.08177570093457943
1 0.6561538461538462 0.39135514018691586 0.05692307692307692 0.07710280373831775
1 0.8215384615384616 0.38317757009345793 0.1076923076923077 0.09345794392523364
1 0.5030769230769231 0.3925233644859813 0.12 0.07476635514018691
1 0.41307692307692306 0.2570093457943925 0.0876923076923077 0.14018691588785046
1 0.61 0.1366822429906542 0.06769230769230769 0.08644859813084112
1 0.5376923076923077 0.1658878504672897 0.07076923076923076 0.11448598130841121
8 0.20692307692307693 0.5327102803738317 0.06615384615384616 0.08878504672897196
8 0.2423076923076923 0.6378504672897196 0.06 0.08411214953271028
9 0.07076923076923076 0.6612149532710281 0.14153846153846153 0.22897196261682243
5 0.7153846153846154 0.5292056074766355 0.23076923076923078 0.1985981308411215