6 0.3085 0.444527736131934 0.1005 0.08845577211394302
6 0.2995 0.2938530734632684 0.056 0.09145427286356822
6 0.355 0.2691154422788606 0.0465 0.08320839580209895
6 0.3255 0.15742128935532235 0.0725 0.14617691154422788
6 0.24 0.06521739130434782 0.1415 0.12968515742128936
6 0.2085 0.15292353823088456 0.091 0.12443778110944528
6 0.1235 0.0704647676161919 0.0835 0.12668665667166418
6 0.069 0.13943028485757122 0.0445 0.05772113943028486
6 0.1765 0.2818590704647676 0.1115 0.10494752623688156
6 0.253 0.32983508245877063 0.03 0.049475262368815595
6 0.214 0.4070464767616192 0.08 0.0967016491754123
6 0.3795 0.34782608695652173 0.0855 0.12143928035982009
8 0.7385 0.2353823088455772 0.084 0.10194902548725637
8 0.6435 0.2698650674662669 0.061 0.07496251874062969
8 0.729 0.3853073463268366 0.047 0.06446776611694154
8 0.8615 0.47976011994003 0.047 0.017991004497751123
8 0.668 0.47226386806596704 0.054 0.03298350824587706
8 0.555 0.18140929535232383 0.05 0.07796101949025487
9 0.9385 0.4295352323838081 0.085 0.1184407796101949
1 0.268 0.9842578710644677 0.094 0.031484257871064465
1 0.26 0.8860569715142429 0.053 0.08245877061469266
1 0.132 0.863568215892054 0.063 0.08545727136431784
2 0.6505 0.9415292353823088 0.1005 0.0937031484257871
2 0.8245 0.8553223388305847 0.0445 0.047976011994003
9 0.571 0.7811094452773614 0.082 0.07796101949025487
0 0.6175 0.5539730134932533 0.07 0.068215892053973
2 0.805 0.8905547226386806 0.04 0.043478260869565216