6 0.45675675675675675 0.24707846410684475 0.04864864864864865 0.07345575959933222
6 0.17364864864864865 0.5217028380634391 0.09054054054054055 0.05509181969949917
6 0.40743243243243243 0.4791318864774624 0.05945945945945946 0.07512520868113523
6 0.39797297297297296 0.31469115191986646 0.043243243243243246 0.05175292153589316
3 0.7236486486486486 0.3088480801335559 0.06486486486486487 0.0651085141903172
3 0.6675675675675675 0.2646076794657763 0.05405405405405406 0.06260434056761269
3 0.6635135135135135 0.3981636060100167 0.03581081081081081 0.05926544240400668
7 0.5385135135135135 0.6168614357262103 0.05405405405405406 0.0667779632721202
7 0.29121621621621624 0.828881469115192 0.06351351351351352 0.05342237061769616
11 0.40878378378378377 0.8046744574290484 0.04864864864864865 0.05342237061769616
11 0.024324324324324326 0.5784641068447413 0.04864864864864865 0.05175292153589316
11 0.08445945945945946 0.5943238731218697 0.0472972972972973 0.09015025041736227
6 0.7844594594594595 0.6585976627712855 0.43108108108108106 0.21869782971619364
6 0.9277027027027027 0.845575959933222 0.1445945945945946 0.15859766277128548