3 0.16875 0.025205158264947247 0.1921875 0.05041031652989449
3 0.275390625 0.13569753810082064 0.15234375 0.15357561547479484
3 0.109765625 0.13276670574443142 0.11796875 0.14243845252051582
1 0.561328125 0.004689331770222743 0.03671875 0.009378663540445486
1 0.5875 0.026670574443141852 0.032421875 0.02432590855803048
1 0.50703125 0.03311840562719812 0.032421875 0.022860492379835874
1 0.64140625 0.029601406799531067 0.02265625 0.022860492379835874
2 0.790234375 0.20545134818288394 0.059375 0.038100820633059786
2 0.526171875 0.15181711606096132 0.046875 0.04660023446658851
9 0.651171875 0.12954279015240328 0.061328125 0.03194607268464244
2 0.819921875 0.27110199296600235 0.061328125 0.031066822977725676
9 0.4046875 0.6995896834701055 0.05234375 0.09613130128956623
0 0.314453125 0.6594372801875733 0.034375 0.05275498241500586
0 0.18046875 0.4232121922626026 0.04609375 0.09349355216881594
8 0.40390625 0.7842907385697538 0.041015625 0.05011723329425557
1 0.791015625 0.3971277842907386 0.112109375 0.167936694021102
1 0.741796875 0.5439624853458382 0.0984375 0.08675263774912075
1 0.699609375 0.6406799531066822 0.14453125 0.09788980070339977
1 0.684765625 0.832063305978898 0.06015625 0.055978898007034
1 0.639453125 0.9243845252051582 0.062890625 0.07268464243845252