6 0.25857142857142856 0.42875 0.08357142857142857 0.1475
6 0.24857142857142858 0.01875 0.10142857142857142 0.0375
3 0.47928571428571426 0.428125 0.085 0.105
3 0.5882142857142857 0.05625 0.10357142857142858 0.1125
2 0.83 0.0375 0.07892857142857143 0.075
2 0.7410714285714286 0.18125 0.033928571428571426 0.0475
9 0.9417857142857143 0.13875 0.06821428571428571 0.08
0 0.9792857142857143 0.361875 0.04107142857142857 0.068125
2 0.7428571428571429 0.14125 0.030357142857142857 0.043125
1 0.6067857142857143 0.719375 0.06642857142857143 0.075
9 0.2007142857142857 0.683125 0.05678571428571429 0.053125
0 0.20464285714285715 0.8075 0.07428571428571429 0.04625
8 0.2867857142857143 0.7775 0.06142857142857143 0.04
11 0.22857142857142856 0.8825 0.03357142857142857 0.03
11 0.3742857142857143 0.87 0.06571428571428571 0.048125
11 0.3532142857142857 0.7025 0.04 0.039375
11 0.3657142857142857 0.809375 0.04 0.055
11 0.09892857142857144 0.87875 0.07928571428571428 0.051875
1 0.9360714285714286 0.54625 0.03464285714285714 0.0725
4 0.85 0.734375 0.0275 0.096875