6 0.05860349127182045 0.421875 0.032418952618453865 0.04375
9 0.550498753117207 0.415 0.07356608478802992 0.09
0 0.5124688279301746 0.17 0.1059850374064838 0.08
8 0.649002493765586 0.206875 0.08728179551122195 0.06875
11 0.5224438902743143 0.02 0.04488778054862843 0.04
11 0.7512468827930174 0.02 0.09102244389027432 0.04
11 0.7780548628428927 0.34 0.05236907730673317 0.07375
11 0.7593516209476309 0.1225 0.04488778054862843 0.10875
11 0.3403990024937656 0.055 0.08229426433915212 0.09
7 0.0885286783042394 0.680625 0.1172069825436409 0.09125
8 0.6620947630922693 0.4875 0.07107231920199501 0.0525
8 0.32231920199501246 0.918125 0.046134663341645885 0.05875
11 0.5716957605985037 0.609375 0.05236907730673317 0.0575
11 0.3709476309226933 0.870625 0.04114713216957606 0.04125
11 0.4395261845386534 0.78625 0.04738154613466334 0.0375
11 0.43516209476309226 0.6225 0.048628428927680795 0.06375
7 0.5791770573566085 0.515 0.0773067331670823 0.07
7 0.4401496259351621 0.485625 0.07231920199501247 0.05125