6 0.06857142857142857 0.03125 0.09142857142857143 0.0625
6 0.044642857142857144 0.284375 0.052142857142857144 0.07125
1 0.18214285714285713 0.031875 0.06571428571428571 0.06375
1 0.3628571428571429 0.09 0.06642857142857143 0.10875
2 0.48892857142857143 0.08375 0.05785714285714286 0.1675
3 0.10714285714285714 0.60625 0.05714285714285714 0.15
3 0.10892857142857143 0.9025 0.06964285714285715 0.15
3 0.04 0.640625 0.03571428571428571 0.14625
10 0.6525 0.685 0.18392857142857144 0.335625
10 0.8235714285714286 0.55 0.15785714285714286 0.318125
10 0.955 0.37875 0.06321428571428571 0.1175
10 0.6107142857142858 0.42375 0.21607142857142858 0.191875
10 0.5317857142857143 0.78875 0.046785714285714285 0.14375
10 0.5021428571428571 0.9325 0.05714285714285714 0.135