6 0.3775 0.2833333333333333 0.13375 0.17
6 0.188125 0.295 0.15125 0.165
6 0.521875 0.1125 0.23125 0.225
6 0.699375 0.12333333333333334 0.10125 0.24666666666666667
1 0.835625 0.27416666666666667 0.170625 0.4116666666666667
1 0.92 0.26 0.065 0.25416666666666665
1 0.96375 0.20583333333333334 0.0725 0.2916666666666667
1 0.47625 0.6533333333333333 0.065 0.08833333333333333
1 0.42125 0.7358333333333333 0.0675 0.09
1 0.28625 0.7841666666666667 0.06375 0.07833333333333334
1 0.38375 0.8891666666666667 0.05375 0.08
1 0.296875 0.9141666666666667 0.05625 0.07833333333333334
1 0.205 0.9708333333333333 0.0575 0.058333333333333334
1 0.2925 0.9866666666666667 0.05 0.02666666666666667
1 0.636875 0.6816666666666666 0.06875 0.10333333333333333
1 0.64875 0.5491666666666667 0.0875 0.13833333333333334
1 0.02375 0.67 0.0475 0.1
1 0.52625 0.8941666666666667 0.0675 0.095
0 0.350625 0.7925 0.06125 0.1
3 0.92125 0.51 0.044375 0.06
3 0.94 0.5616666666666666 0.031875 0.07583333333333334
3 0.8975 0.5808333333333333 0.026875 0.06666666666666667
3 0.866875 0.6041666666666666 0.0575 0.17416666666666666
3 0.95 0.6383333333333333 0.061875 0.14333333333333334
3 0.915 0.7733333333333333 0.048125 0.11416666666666667
3 0.934375 0.8241666666666667 0.054375 0.13083333333333333
3 0.915 0.9341666666666667 0.0625 0.13166666666666665
3 0.861875 0.8458333333333333 0.04 0.10166666666666667
3 0.831875 0.785 0.05875 0.15
3 0.799375 0.7083333333333334 0.098125 0.25