6 0.41 0.17790893760539628 0.16625 0.16020236087689713
6 0.411875 0.3490725126475548 0.07375 0.16020236087689713
6 0.85375 0.3617200674536256 0.086875 0.19139966273187184
6 0.77625 0.4426644182124789 0.075 0.11298482293423272
6 0.774375 0.3305227655986509 0.04625 0.08010118043844856
6 0.829375 0.19645868465430016 0.04 0.10286677908937605
6 0.87375 0.22006745362563238 0.04625 0.10033726812816189
6 0.81875 0.03794266441821248 0.055 0.07588532883642496
6 0.75 0.18296795952782463 0.033125 0.06155143338954469
6 0.789375 0.1543001686340641 0.035 0.06408094435075885
6 0.7375 0.33558178752107926 0.038125 0.08010118043844856
6 0.715625 0.47048903878583476 0.03125 0.05733558178752108
6 0.68125 0.45109612141652616 0.02875 0.05733558178752108
6 0.7075 0.3996627318718381 0.041875 0.09021922428330523
6 0.655 0.3760539629005059 0.028125 0.06155143338954469
6 0.769375 0.05649241146711636 0.03375 0.0657672849915683
6 0.870625 0.112141652613828 0.04875 0.09274873524451939
6 0.965625 0.2554806070826307 0.026875 0.05986509274873524
6 0.895625 0.12310286677908938 0.02375 0.048903878583473864
6 0.77 0.38195615514333897 0.03375 0.05986509274873524
6 0.795625 0.3684654300168634 0.02625 0.05733558178752108
6 0.71625 0.23355817875210794 0.038125 0.06745362563237774
6 0.854375 0.2900505902192243 0.045 0.08853288364249579
2 0.521875 0.6779089376053963 0.15125 0.19898819561551434
11 0.109375 0.7200674536256324 0.065 0.07251264755480608
9 0.110625 0.8220910623946037 0.13125 0.1433389544688027
9 0.32375 0.8010118043844857 0.05 0.08263069139966273
9 0.03625 0.6981450252951096 0.065 0.09443507588532883
9 0.27 0.6753794266441822 0.08875 0.09949409780775717
8 0.676875 0.6602023608768971 0.05125 0.06913996627318718
8 0.840625 0.5623946037099494 0.065 0.10118043844856661
8 0.938125 0.5421585160202361 0.04 0.07251264755480608
8 0.985625 0.6087689713322091 0.02875 0.05733558178752108
8 0.769375 0.654300168634064 0.045 0.0657672849915683
2 0.89 0.6306913996627319 0.07625 0.09443507588532883
1 0.88875 0.806070826306914 0.08125 0.1045531197301855
1 0.826875 0.7276559865092749 0.08 0.07251264755480608
11 0.605 0.6686340640809444 0.01 0.05227655986509275
8 0.979375 0.5691399662731872 0.04125 0.06239460370994941
11 0.814375 0.9814502529510961 0.04125 0.03709949409780776
11 0.745 0.9822934232715008 0.04 0.03541315345699832
11 0.696875 0.5767284991568297 0.055 0.07419898819561552
11 0.888125 0.9806070826306914 0.08125 0.0387858347386172