6 0.17256097560975608 0.073502722323049 0.11097560975609756 0.147005444646098
6 0.06646341463414634 0.073502722323049 0.09390243902439024 0.12159709618874773
6 0.10304878048780487 0.16333938294010888 0.05853658536585366 0.07441016333938294
6 0.2030487804878049 0.20598911070780399 0.0524390243902439 0.0925589836660617
6 0.22073170731707317 0.1424682395644283 0.01707317073170732 0.0925589836660617
6 0.1274390243902439 0.2967332123411978 0.041463414634146344 0.05807622504537205
6 0.1774390243902439 0.2776769509981851 0.04390243902439024 0.05807622504537205
6 0.06402439024390244 0.1969147005444646 0.04878048780487805 0.07259528130671507
6 0.007317073170731708 0.1161524500907441 0.014634146341463415 0.06170598911070781
6 0.01951219512195122 0.18058076225045372 0.03902439024390244 0.08166969147005444
6 0.18963414634146342 0.3584392014519056 0.042682926829268296 0.041742286751361164
6 0.08170731707317073 0.1306715063520871 0.042682926829268296 0.0544464609800363
6 0.11158536585365854 0.11433756805807622 0.032926829268292684 0.05263157894736842
6 0.07682926829268293 0.294010889292196 0.0475609756097561 0.06352087114337568
6 0.1975609756097561 0.11252268602540835 0.05609756097560976 0.08166969147005444
9 0.7030487804878048 0.24954627949183303 0.09634146341463415 0.028130671506352088
9 0.5640243902439024 0.2277676950998185 0.10548780487804878 0.032667876588021776
7 0.41036585365853656 0.2150635208711434 0.06646341463414634 0.020871143375680582
8 0.3231707317073171 0.06805807622504537 0.08475609756097562 0.028130671506352088
8 0.5609756097560976 0.19056261343012704 0.07317073170731707 0.029945553539019964
8 0.723780487804878 0.2822141560798548 0.06890243902439025 0.025408348457350273
11 0.8713414634146341 0.27858439201451907 0.07804878048780488 0.03901996370235935
11 0.3701219512195122 0.10163339382940109 0.10792682926829268 0.03901996370235935
11 0.6292682926829268 0.015426497277676952 0.08963414634146341 0.029945553539019964
11 0.7030487804878048 0.05898366606170599 0.08048780487804878 0.029038112522686024
11 0.501219512195122 0.03539019963702359 0.07134146341463414 0.028130671506352088
7 0.9506097560975609 0.24591651542649728 0.05304878048780488 0.018148820326678767
7 0.9085365853658537 0.3366606170598911 0.05304878048780488 0.018148820326678767
7 0.6951219512195121 0.3121597096188748 0.048170731707317074 0.017241379310344827
7 0.9567073170731707 0.279491833030853 0.05731707317073171 0.019963702359346643
7 0.9792682926829268 0.2749546279491833 0.041463414634146344 0.025408348457350273
7 0.9335365853658537 0.20326678765880218 0.07560975609756097 0.02722323049001815
8 0.6445121951219512 0.19509981851179672 0.05060975609756098 0.018148820326678767
8 0.6329268292682927 0.18148820326678766 0.05060975609756098 0.016333938294010888
7 0.8359756097560975 0.279491833030853 0.07317073170731707 0.02722323049001815
7 0.5847560975609756 0.2676950998185118 0.05731707317073171 0.019056261343012703
8 0.47804878048780486 0.17967332123411978 0.03902439024390244 0.014519056261343012
8 0.5237804878048781 0.16878402903811252 0.04573170731707317 0.015426497277676952
8 0.5115853658536585 0.17876588021778583 0.03902439024390244 0.014519056261343012
8 0.5067073170731707 0.1969147005444646 0.03902439024390244 0.014519056261343012
8 0.698170731707317 0.2731397459165154 0.054878048780487805 0.017241379310344827
7 0.5024390243902439 0.20780399274047187 0.06402439024390244 0.020871143375680582
7 0.623780487804878 0.25226860254083483 0.043292682926829265 0.016333938294010888
7 0.725 0.30127041742286753 0.09390243902439024 0.034482758620689655
11 0.699390243902439 0.22141560798548093 0.06219512195121951 0.021778584392014518
11 0.7670731707317073 0.21687840290381125 0.05304878048780488 0.018148820326678767
11 0.7445121951219512 0.22232304900181488 0.041463414634146344 0.017241379310344827
11 0.7774390243902439 0.338475499092559 0.04573170731707317 0.015426497277676952
11 0.7865853658536586 0.3157894736842105 0.03414634146341464 0.012704174228675136
11 0.40792682926829266 0.33575317604355714 0.041463414634146344 0.016333938294010888
11 0.9518292682926829 0.31669691470054445 0.05975609756097561 0.016333938294010888
11 0.9048780487804878 0.30127041742286753 0.03414634146341464 0.012704174228675136
11 0.9829268292682927 0.3030852994555354 0.03414634146341464 0.016333938294010888
11 0.6042682926829268 0.20780399274047187 0.05975609756097561 0.020871143375680582
7 0.12560975609756098 0.6724137931034483 0.036585365853658534 0.1206896551724138
7 0.125 0.5263157894736842 0.04024390243902439 0.09346642468239565
7 0.05731707317073171 0.5535390199637024 0.028658536585365855 0.08983666061705989
6 0.8591463414634146 0.48729582577132485 0.26951219512195124 0.2159709618874773
6 0.6048780487804878 0.5607985480943739 0.2097560975609756 0.19056261343012704
6 0.8115853658536586 0.7105263157894737 0.17560975609756097 0.1705989110707804
6 0.6109756097560975 0.6696914700544465 0.20365853658536584 0.2014519056261343
6 0.7731707317073171 0.6061705989110708 0.18292682926829268 0.17967332123411978
6 0.4585365853658537 0.6696914700544465 0.14268292682926828 0.19237749546279492