6 0.491875 0.101875 0.05 0.07875
6 0.495625 0.39125 0.10875 0.1
6 0.474375 0.27375 0.06 0.115
6 0.415 0.624375 0.035 0.03125
3 0.33875 0.086875 0.08375 0.08
11 0.641875 0.151875 0.0875 0.08125
11 0.795 0.15 0.12125 0.09625
11 0.653125 0.44125 0.1425 0.0775
11 0.56625 0.373125 0.0325 0.12875
11 0.900625 0.261875 0.19875 0.11375
11 0.60125 0.6225 0.1025 0.035
11 0.621875 0.374375 0.0875 0.095
2 0.323125 0.95 0.065 0.05875
2 0.389375 0.955625 0.06 0.06125
2 0.32125 0.813125 0.03625 0.05375
2 0.33 0.8925 0.05625 0.0675
2 0.281875 0.875 0.04125 0.055
9 0.325 0.988125 0.0675 0.02375
8 0.410625 0.808125 0.04 0.04125
8 0.460625 0.885625 0.03625 0.03875
8 0.27125 0.7625 0.03375 0.04375
7 0.471875 0.9375 0.04625 0.04375
9 0.319375 0.7625 0.04625 0.04375
4 0.72375 0.858125 0.10625 0.08875