6 0.192625 0.22366666666666668 0.14225 0.1545
6 0.224625 0.5621666666666667 0.086 0.12783333333333333
6 0.3125 0.3455 0.111125 0.13016666666666668
6 0.265 0.144 0.09375 0.11616666666666667
6 0.33575 0.2891666666666667 0.108625 0.13583333333333333
6 0.255625 0.21833333333333332 0.097625 0.12083333333333333
6 0.3965 0.3845 0.076875 0.12666666666666668
8 0.982125 0.2845 0.03575 0.07166666666666667
8 0.942625 0.3383333333333333 0.03875 0.06666666666666667
8 0.937875 0.4633333333333333 0.069 0.07933333333333334
7 0.776 0.4018333333333333 0.08625 0.119
7 0.83475 0.06833333333333333 0.06 0.101
6 0.308875 0.8115 0.0325 0.0385
6 0.37325 0.8563333333333333 0.0325 0.0295
6 0.279 0.7761666666666667 0.037125 0.044833333333333336
6 0.210125 0.8401666666666666 0.037125 0.033166666666666664
6 0.212375 0.7703333333333333 0.064375 0.06633333333333333
6 0.188875 0.799 0.040125 0.034
10 0.255125 0.8303333333333334 0.087125 0.06266666666666666
10 0.352875 0.8035 0.042375 0.050166666666666665
10 0.304375 0.7461666666666666 0.068125 0.0645
11 0.612 0.8405 0.0515 0.027
11 0.58625 0.8311666666666667 0.033875 0.0285
7 0.775125 0.9021666666666667 0.061 0.03783333333333333