6 0.287 0.026341948310139165 0.024666666666666667 0.04473161033797217
6 0.156 0.22266401590457258 0.04666666666666667 0.07157057654075547
6 0.22066666666666668 0.2852882703777336 0.052 0.09244532803180915
6 0.37833333333333335 0.18836978131212723 0.04733333333333333 0.07554671968190854
6 0.2693333333333333 0.16650099403578528 0.03 0.04572564612326044
6 0.36533333333333334 0.3036779324055666 0.06266666666666666 0.04970178926441352
6 0.26 0.06958250497017893 0.022 0.03180914512922465
3 0.6983333333333334 0.16053677932405566 0.083 0.1411530815109344
5 0.11866666666666667 0.5372763419483101 0.23733333333333334 0.3946322067594433
5 0.37633333333333335 0.6888667992047713 0.10733333333333334 0.12524850894632206
4 0.445 0.8131212723658051 0.03 0.07157057654075547
4 0.7786666666666666 0.7311133200795229 0.04133333333333333 0.06660039761431412
1 0.748 0.9020874751491054 0.076 0.0805168986083499
1 0.8806666666666667 0.4701789264413519 0.026 0.05168986083499006
1 0.5863333333333334 0.7375745526838966 0.042666666666666665 0.06759443339960239
1 0.6583333333333333 0.8300198807157058 0.03266666666666666 0.04572564612326044
7 0.6556666666666666 0.658051689860835 0.06266666666666666 0.0705765407554672
7 0.673 0.7559642147117296 0.03933333333333333 0.06560636182902585
7 0.6916666666666667 0.9726640159045725 0.043333333333333335 0.05467196819085487
9 0.7103333333333334 0.6332007952286283 0.032 0.05666003976143141
11 0.9073333333333333 0.4552683896620278 0.028 0.0437375745526839
11 0.8923333333333333 0.5785288270377733 0.026 0.06262425447316103
8 0.8516666666666667 0.5417495029821073 0.052 0.040755467196819085
8 0.858 0.6128230616302187 0.04466666666666667 0.05765407554671968