6 0.25625 0.47884940778341795 0.1475 0.06091370558375635
6 0.510625 0.27749576988155666 0.0975 0.11336717428087986
6 0.0975 0.46446700507614214 0.12 0.08967851099830795
10 0.071875 0.41624365482233505 0.0675 0.08798646362098139
10 0.29625 0.37817258883248733 0.07375 0.08629441624365482
10 0.18125 0.42385786802030456 0.1075 0.09983079526226735
8 0.97 0.03637901861252115 0.05125 0.06937394247038917
8 0.886875 0.14974619289340102 0.05 0.06091370558375635
7 0.651875 0.32318104906937395 0.06875 0.09983079526226735
9 0.568125 0.6311336717428088 0.02125 0.17597292724196278
9 0.081875 0.7309644670050761 0.11375 0.13028764805414553
8 0.133125 0.5871404399323181 0.05625 0.08460236886632826
8 0.256875 0.6793570219966159 0.06875 0.10490693739424704
7 0.6725 0.622673434856176 0.078125 0.11421319796954314
7 0.93875 0.7165820642978004 0.04 0.1218274111675127
8 0.854375 0.7656514382402707 0.059375 0.13367174280879865