6 0.24397590361445784 0.5420032310177706 0.10361445783132531 0.14781906300484654
6 0.4463855421686747 0.5638126009693053 0.06626506024096386 0.0888529886914378
6 0.05 0.3166397415185784 0.06807228915662651 0.10581583198707593
6 0.3572289156626506 0.4717285945072698 0.0855421686746988 0.09450726978998385
10 0.3740963855421687 0.4135702746365105 0.04759036144578313 0.08239095315024232
10 0.20963855421686747 0.3966074313408724 0.051807228915662654 0.08077544426494346
10 0.29457831325301204 0.43134087237479807 0.07650602409638554 0.09289176090468497
1 0.5385542168674698 0.6066235864297254 0.03855421686746988 0.06623586429725363
10 0.16927710843373495 0.8109854604200323 0.22771084337349398 0.26978998384491115
10 0.377710843373494 0.7657512116316639 0.1963855421686747 0.2520193861066236
10 0.14879518072289158 0.6663974151857835 0.25662650602409637 0.05331179321486268
10 0.02530120481927711 0.8505654281098546 0.05060240963855422 0.11147011308562198
8 0.8921686746987951 0.7600969305331179 0.05542168674698795 0.05815831987075929
11 0.7481927710843373 0.6922455573505655 0.06204819277108434 0.05331179321486268
11 0.7831325301204819 0.8836833602584814 0.04397590361445783 0.06623586429725363
7 0.9174698795180722 0.8715670436187399 0.07349397590361446 0.07108239095315025
7 0.7204819277108434 0.8780290791599353 0.09337349397590361 0.0791599353796446