11 0.09787878787878788 0.3703125 0.0903030303030303 0.13515625
3 0.02212121212121212 0.065234375 0.04424242424242424 0.13046875
6 0.7663636363636364 0.241015625 0.07303030303030303 0.08359375
6 0.8563636363636363 0.158984375 0.08636363636363636 0.076953125
6 0.6521212121212121 0.234375 0.13515151515151516 0.10078125
6 0.5187878787878788 0.1921875 0.10393939393939394 0.16875
6 0.5590909090909091 0.336328125 0.08636363636363636 0.128515625
11 0.7442424242424243 0.46015625 0.040606060606060604 0.04140625
11 0.8087878787878788 0.50234375 0.023636363636363636 0.044140625
11 0.8466666666666667 0.454296875 0.029393939393939392 0.03203125
11 0.8045454545454546 0.380859375 0.046363636363636364 0.038671875
0 0.37212121212121213 0.76015625 0.0496969696969697 0.08046875
0 0.23212121212121212 0.668359375 0.0503030303030303 0.0609375
0 0.32212121212121214 0.6875 0.05333333333333334 0.059375
1 0.21878787878787878 0.568359375 0.030303030303030304 0.03671875
1 0.3287878787878788 0.796875 0.04363636363636364 0.0484375
8 0.3281818181818182 0.837109375 0.02727272727272727 0.03125
9 0.24363636363636362 0.86953125 0.04666666666666667 0.040625
9 0.18575757575757576 0.940625 0.055757575757575756 0.05703125
9 0.6884848484848485 0.876171875 0.08787878787878788 0.084765625
9 0.5833333333333334 0.63671875 0.09727272727272727 0.083984375
8 0.7390909090909091 0.88046875 0.03636363636363636 0.044921875
8 0.8563636363636363 0.760546875 0.04212121212121212 0.033203125
8 0.8539393939393939 0.76328125 0.0906060606060606 0.0765625
5 0.8693939393939394 0.671875 0.07121212121212121 0.06484375
7 0.65 0.739453125 0.05787878787878788 0.03515625