6 0.13 0.07166666666666667 0.24166666666666667 0.14333333333333334
6 0.32958333333333334 0.030416666666666668 0.20083333333333334 0.060833333333333336
9 0.9541666666666667 0.19 0.07333333333333333 0.06583333333333333
9 0.8783333333333333 0.29791666666666666 0.07166666666666667 0.06666666666666667
7 0.9729166666666667 0.24166666666666667 0.05416666666666667 0.058333333333333334
7 0.9104166666666667 0.23583333333333334 0.06416666666666666 0.065
7 0.7658333333333334 0.1975 0.07 0.0675
7 0.9416666666666667 0.13541666666666666 0.06333333333333334 0.055
7 0.6658333333333334 0.018333333333333333 0.06333333333333334 0.03666666666666667
7 0.6370833333333333 0.38166666666666665 0.050833333333333335 0.016666666666666666
7 0.9333333333333333 0.08208333333333333 0.056666666666666664 0.060833333333333336
7 0.8854166666666666 0.09625 0.0725 0.07416666666666667
7 0.8495833333333334 0.22208333333333333 0.06416666666666666 0.06
7 0.7429166666666667 0.1075 0.0775 0.08
1 0.1425 0.69375 0.0925 0.11666666666666667
1 0.1575 0.54875 0.105 0.10166666666666667
1 0.11541666666666667 0.46791666666666665 0.05458333333333333 0.06958333333333333
1 0.23166666666666666 0.5745833333333333 0.0525 0.07208333333333333
1 0.30625 0.565 0.06291666666666666 0.06458333333333334
1 0.31875 0.6366666666666667 0.056666666666666664 0.06458333333333334
1 0.24 0.67 0.050416666666666665 0.06208333333333333
1 0.16666666666666666 0.7766666666666666 0.04833333333333333 0.07208333333333333
1 0.24666666666666667 0.7708333333333334 0.07125 0.08166666666666667
1 0.6345833333333334 0.48625 0.15541666666666668 0.15625
1 0.6704166666666667 0.6158333333333333 0.11791666666666667 0.09125
1 0.68625 0.7058333333333333 0.16416666666666666 0.11041666666666666
1 0.7770833333333333 0.8525 0.07208333333333333 0.0575
1 0.7854166666666667 0.94125 0.08041666666666666 0.06958333333333333