6 0.3103658536585366 0.369375 0.16829268292682928 0.265625
6 0.06097560975609756 0.618125 0.05548780487804878 0.120625
6 0.4353658536585366 0.239375 0.12012195121951219 0.21
6 0.48109756097560974 0.4 0.1329268292682927 0.21
8 0.776829268292683 0.305625 0.10365853658536585 0.11
11 0.3353658536585366 0.9025 0.09634146341463415 0.038125
11 0.18597560975609756 0.808125 0.060365853658536583 0.026875
0 0.12012195121951219 0.865625 0.13353658536585367 0.056875
7 0.46463414634146344 0.7 0.08658536585365853 0.0375
7 0.048170731707317074 0.761875 0.09634146341463415 0.036875
0 0.06219512195121951 0.814375 0.12439024390243902 0.0425
6 0.7414634146341463 0.81375 0.2634146341463415 0.1625
6 0.9317073170731708 0.7175 0.13658536585365855 0.075
6 0.874390243902439 0.9025 0.17682926829268292 0.1225
6 0.9542682926829268 0.75 0.09146341463414634 0.14
6 0.8585365853658536 0.821875 0.18414634146341463 0.12875