6 0.02214285714285714 0.3175 0.04428571428571428 0.105
5 0.7242857142857143 0.145625 0.17464285714285716 0.0925
4 0.1575 0.836875 0.08321428571428571 0.145625
4 0.2892857142857143 0.77375 0.07321428571428572 0.12625
4 0.22321428571428573 0.683125 0.05 0.1
4 0.31 0.449375 0.04321428571428571 0.0775
8 0.021785714285714287 0.80625 0.04321428571428571 0.1225
4 0.2542857142857143 0.875625 0.09 0.168125
4 0.3364285714285714 0.954375 0.06285714285714286 0.09125
9 0.1 0.688125 0.10321428571428572 0.21625
7 0.1732142857142857 0.41875 0.07678571428571429 0.096875
4 0.2067857142857143 0.609375 0.05678571428571429 0.106875
8 0.6678571428571428 0.88375 0.05035714285714286 0.0625
8 0.9589285714285715 0.6075 0.04357142857142857 0.065
11 0.7460714285714286 0.803125 0.04107142857142857 0.06125
11 0.9182142857142858 0.633125 0.03142857142857143 0.045625
11 0.86 0.6875 0.03464285714285714 0.044375
11 0.8310714285714286 0.830625 0.04107142857142857 0.066875
11 0.7146428571428571 0.943125 0.037142857142857144 0.046875
7 0.7232142857142857 0.8825 0.05857142857142857 0.079375
7 0.7985714285714286 0.9575 0.05607142857142857 0.083125