6 0.24125 0.33625 0.02375 0.05416666666666667
6 0.3020833333333333 0.34458333333333335 0.025 0.0375
6 0.2075 0.35125 0.027083333333333334 0.06416666666666666
6 0.18583333333333332 0.19791666666666666 0.029583333333333333 0.043333333333333335
6 0.16041666666666668 0.28958333333333336 0.049166666666666664 0.09041666666666667
6 0.15583333333333332 0.22833333333333333 0.03208333333333333 0.043333333333333335
10 0.2125 0.25708333333333333 0.07083333333333333 0.07375
10 0.2675 0.39125 0.03125 0.07125
10 0.21333333333333335 0.41583333333333333 0.05333333333333334 0.085
1 0.6804166666666667 0.20791666666666667 0.11791666666666667 0.12291666666666666
1 0.7 0.30916666666666665 0.10833333333333334 0.07541666666666667
1 0.8020833333333334 0.43 0.08958333333333333 0.10541666666666667
1 0.7804166666666666 0.26166666666666666 0.10833333333333334 0.10375
8 0.9179166666666667 0.3933333333333333 0.07458333333333333 0.08791666666666667
6 0.5254166666666666 0.23875 0.11041666666666666 0.09291666666666666
4 0.25833333333333336 0.6616666666666666 0.07833333333333334 0.09041666666666667
4 0.13416666666666666 0.7358333333333333 0.07 0.07666666666666666
4 0.20666666666666667 0.7833333333333333 0.045 0.06333333333333334
4 0.1425 0.965 0.04 0.0475
8 0.4025 0.6479166666666667 0.055 0.07666666666666666
4 0.15916666666666668 0.6583333333333333 0.08166666666666667 0.10625
4 0.0675 0.60625 0.055 0.0925
9 0.3275 0.7516666666666667 0.09166666666666666 0.14
7 0.28 0.9625 0.07333333333333333 0.075
4 0.23 0.8308333333333333 0.05333333333333334 0.0675
6 0.8795833333333334 0.62 0.11666666666666667 0.10833333333333334
6 0.93 0.78 0.14 0.20166666666666666
6 0.7745833333333333 0.6058333333333333 0.09583333333333334 0.09166666666666666
6 0.49041666666666667 0.62125 0.12083333333333333 0.1225
6 0.5058333333333334 0.74 0.15166666666666667 0.16333333333333333