6 0.37839673913043476 0.12210526315789473 0.06114130434782609 0.0863157894736842
6 0.327445652173913 0.09052631578947369 0.058423913043478264 0.09473684210526316
3 0.2751358695652174 0.042105263157894736 0.10733695652173914 0.08421052631578947
3 0.20040760869565216 0.21368421052631578 0.09646739130434782 0.15157894736842106
11 0.8987771739130435 0.21894736842105264 0.06453804347826086 0.029473684210526315
11 0.9300271739130435 0.20842105263157895 0.044157608695652176 0.031578947368421054
7 0.6976902173913043 0.29157894736842105 0.078125 0.042105263157894736
1 0.281929347826087 0.8747368421052631 0.07065217391304347 0.11157894736842106
1 0.30434782608695654 0.7010526315789474 0.06385869565217392 0.10947368421052632
1 0.24116847826086957 0.7031578947368421 0.06182065217391304 0.11157894736842106
1 0.14198369565217392 0.7189473684210527 0.078125 0.09894736842105263
1 0.13722826086956522 0.611578947368421 0.04891304347826087 0.05894736842105263
1 0.027853260869565216 0.5326315789473685 0.05570652173913043 0.08
1 0.20380434782608695 0.5263157894736842 0.06929347826086957 0.13578947368421052
1 0.21739130434782608 0.41368421052631577 0.05298913043478261 0.02631578947368421
3 0.640625 0.7810526315789473 0.10122282608695653 0.11052631578947368
3 0.5557065217391305 0.7778947368421053 0.08831521739130435 0.0968421052631579
3 0.5964673913043478 0.9136842105263158 0.06385869565217392 0.08421052631578947