6 0.018571428571428572 0.124375 0.037142857142857144 0.13625
3 0.48 0.0775 0.10285714285714286 0.155
3 0.20464285714285715 0.01625 0.08214285714285714 0.0325
3 0.40964285714285714 0.288125 0.13214285714285715 0.16375
6 0.74 0.251875 0.09071428571428572 0.1
6 0.7492857142857143 0.12625 0.03428571428571429 0.115
8 0.27071428571428574 0.543125 0.04928571428571429 0.065625
8 0.15464285714285714 0.769375 0.04607142857142857 0.0575
7 0.35892857142857143 0.62125 0.04928571428571429 0.0575
7 0.38 0.570625 0.055714285714285716 0.054375
7 0.21857142857142858 0.676875 0.06107142857142857 0.0975
7 0.45821428571428574 0.599375 0.06714285714285714 0.061875
7 0.18607142857142858 0.8825 0.04428571428571428 0.0575
8 0.7578571428571429 0.381875 0.03428571428571429 0.02375
7 0.8532142857142857 0.750625 0.03642857142857143 0.0725
7 0.6489285714285714 0.4575 0.03571428571428571 0.06875
7 0.6735714285714286 0.434375 0.03571428571428571 0.05875
7 0.8439285714285715 0.38625 0.045 0.0325
7 0.7235714285714285 0.6875 0.02642857142857143 0.05375
7 0.8371428571428572 0.871875 0.04428571428571428 0.05625
7 0.9285714285714286 0.873125 0.027142857142857142 0.05
11 0.8010714285714285 0.72125 0.027857142857142858 0.04375