6 0.1680622009569378 0.24082934609250398 0.12260765550239235 0.1419457735247209
6 0.3211722488038278 0.36921850079744817 0.16566985645933013 0.13237639553429026
6 0.2769138755980861 0.05741626794258373 0.09330143540669857 0.10047846889952153
6 0.4258373205741627 0.09090909090909091 0.04485645933014354 0.07655502392344497
7 0.6273923444976076 0.20574162679425836 0.10645933014354067 0.12121212121212122
7 0.722488038277512 0.22807017543859648 0.06220095693779904 0.08133971291866028
9 0.6118421052631579 0.46172248803827753 0.05263157894736842 0.11642743221690591
9 0.7015550239234449 0.33891547049441784 0.11124401913875598 0.15311004784688995
7 0.037679425837320576 0.7647527910685805 0.07535885167464115 0.11323763955342903
7 0.44198564593301437 0.8309409888357256 0.0861244019138756 0.14513556618819776
7 0.4868421052631579 0.9250398724082934 0.10526315789473684 0.14992025518341306
2 0.22727272727272727 0.9593301435406698 0.09569377990430622 0.08133971291866028
11 0.1291866028708134 0.9856459330143541 0.0861244019138756 0.028708133971291867
11 0.3696172248803828 0.8548644338118022 0.05861244019138756 0.05741626794258373
8 0.6925837320574163 0.7121212121212122 0.09330143540669857 0.02711323763955343
8 0.7715311004784688 0.9346092503987241 0.09688995215311005 0.045454545454545456
9 0.645933014354067 0.9593301435406698 0.11782296650717704 0.05582137161084529