6 0.346875 0.17333333333333334 0.20625 0.14666666666666667
6 0.13875 0.29083333333333333 0.15125 0.28833333333333333
6 0.17875 0.06416666666666666 0.1275 0.12833333333333333
2 0.816875 0.5241666666666667 0.13875 0.07166666666666667
8 0.85875 0.3925 0.05375 0.06333333333333334
8 0.89875 0.3275 0.04875 0.06
9 0.74 0.26416666666666666 0.16625 0.16333333333333333
2 0.548125 0.11083333333333334 0.09875 0.115
10 0.133125 0.8983333333333333 0.1325 0.15833333333333333
11 0.30875 0.9791666666666666 0.04 0.041666666666666664
11 0.4 0.7833333333333333 0.0475 0.06666666666666667
11 0.67375 0.8025 0.07875 0.0575
11 0.843125 0.8433333333333334 0.035625 0.05583333333333333
7 0.700625 0.7441666666666666 0.039375 0.03333333333333333
7 0.591875 0.7658333333333334 0.054375 0.043333333333333335
7 0.774375 0.8425 0.0975 0.10333333333333333
7 0.563125 0.7175 0.0375 0.025833333333333333
7 0.734375 0.7225 0.0375 0.0375