6 0.36533333333333334 0.3836978131212724 0.14033333333333334 0.18141153081510936
6 0.221 0.38866799204771374 0.122 0.12027833001988071
6 0.2623333333333333 0.28479125248508946 0.076 0.07504970178926441
6 0.39266666666666666 0.2216699801192843 0.06433333333333334 0.09840954274353876
6 0.44966666666666666 0.2828031809145129 0.07433333333333333 0.09443339960238568
6 0.44233333333333336 0.06809145129224652 0.089 0.09244532803180915
6 0.282 0.13618290258449303 0.05433333333333333 0.059145129224652086
6 0.3506666666666667 0.14910536779324055 0.057666666666666665 0.059145129224652086
6 0.20633333333333334 0.2554671968190855 0.061 0.07504970178926441
6 0.12033333333333333 0.3538767395626243 0.04933333333333333 0.06312127236580517
6 0.081 0.30069582504970177 0.048 0.055168986083499
6 0.13933333333333334 0.2808151093439364 0.06766666666666667 0.08499005964214712
6 0.071 0.21272365805168986 0.04466666666666667 0.05715705765407555
6 0.546 0.07306163021868788 0.059333333333333335 0.051192842942345926
6 0.359 0.04821073558648111 0.05433333333333333 0.06312127236580517
6 0.485 0.18836978131212723 0.07933333333333334 0.08697813121272366
6 0.5683333333333334 0.397117296222664 0.04466666666666667 0.055168986083499
6 0.5163333333333333 0.220675944333996 0.03966666666666667 0.04721669980119284
6 0.23666666666666666 0.3245526838966203 0.05433333333333333 0.055168986083499
6 0.278 0.3359840954274354 0.043 0.053180914512922464
6 0.21366666666666667 0.1481113320079523 0.061 0.06510934393638171
6 0.3943333333333333 0.3245526838966203 0.07266666666666667 0.08300198807157058
11 0.97 0.08697813121272366 0.06 0.09443339960238568
11 0.903 0.24900596421471172 0.10166666666666667 0.1481113320079523
11 0.8223333333333334 0.38469184890656066 0.11033333333333334 0.10785288270377734
11 0.788 0.2852882703777336 0.09066666666666667 0.10487077534791253
11 0.8166666666666667 0.17743538767395625 0.073 0.12375745526838966
11 0.7936666666666666 0.051192842942345926 0.07066666666666667 0.09145129224652088
7 0.7516666666666667 0.1426441351888668 0.06633333333333333 0.09691848906560636
5 0.289 0.8235586481113321 0.4033333333333333 0.352882703777336
6 0.8943333333333333 0.7668986083499006 0.07 0.09940357852882704
6 0.8386666666666667 0.8305168986083499 0.04 0.055666003976143144
6 0.826 0.7649105367793241 0.042666666666666665 0.0536779324055666
6 0.7706666666666667 0.7435387673956262 0.018666666666666668 0.030815109343936383
6 0.8146666666666667 0.6570576540755467 0.042666666666666665 0.06262425447316103
6 0.742 0.5785288270377733 0.04533333333333334 0.06958250497017893
6 0.7113333333333334 0.6978131212723658 0.058666666666666666 0.06461232604373758
6 0.7106666666666667 0.6535785288270378 0.028666666666666667 0.03876739562624255
6 0.7566666666666667 0.6411530815109344 0.026 0.032803180914512925
6 0.82 0.5999005964214712 0.062 0.06660039761431412