6 0.18666666666666668 0.6079166666666667 0.12666666666666668 0.09916666666666667
6 0.3591666666666667 0.6091666666666666 0.09583333333333334 0.14916666666666667
6 0.10916666666666666 0.4666666666666667 0.12583333333333332 0.15416666666666667
6 0.14708333333333334 0.33625 0.22333333333333333 0.16333333333333333
11 0.7241666666666666 0.33458333333333334 0.06291666666666666 0.12416666666666666
11 0.6529166666666667 0.18625 0.042916666666666665 0.09166666666666666
11 0.9125 0.5333333333333333 0.0725 0.17541666666666667
11 0.4979166666666667 0.17125 0.057916666666666665 0.1375
11 0.9229166666666667 0.19041666666666668 0.04791666666666667 0.14291666666666666
11 0.44625 0.4575 0.04541666666666667 0.15375
6 0.015416666666666667 0.8454166666666667 0.030833333333333334 0.0825
6 0.028333333333333332 0.9229166666666667 0.049166666666666664 0.04666666666666667
6 0.06583333333333333 0.88 0.05333333333333334 0.04416666666666667
6 0.13583333333333333 0.8925 0.023333333333333334 0.025833333333333333
6 0.11708333333333333 0.80375 0.05333333333333334 0.051666666666666666
6 0.22708333333333333 0.7825 0.05583333333333333 0.0575
6 0.21916666666666668 0.8895833333333333 0.0725 0.0525
6 0.23583333333333334 0.8558333333333333 0.035833333333333335 0.03166666666666667
6 0.18791666666666668 0.8220833333333334 0.0325 0.0275
6 0.13083333333333333 0.7579166666666667 0.07666666666666666 0.05416666666666667
8 0.6533333333333333 0.8770833333333333 0.07166666666666667 0.08833333333333333
8 0.85625 0.7566666666666667 0.06916666666666667 0.075
11 0.53875 0.96 0.10583333333333333 0.08
11 0.5591666666666667 0.74 0.05 0.06