6 0.037162162162162164 0.2910714285714286 0.06621621621621622 0.09464285714285714
6 0.2864864864864865 0.10089285714285715 0.12162162162162163 0.16607142857142856
6 0.06824324324324324 0.044642857142857144 0.07702702702702703 0.08928571428571429
6 0.016216216216216217 0.19285714285714287 0.032432432432432434 0.07142857142857142
3 0.8722972972972973 0.1392857142857143 0.2554054054054054 0.19464285714285715
3 0.5817567567567568 0.19464285714285715 0.1966216216216216 0.13303571428571428
3 0.7412162162162163 0.2669642857142857 0.16418918918918918 0.11517857142857142
3 0.5128378378378379 0.26071428571428573 0.18716216216216217 0.15714285714285714
1 0.652027027027027 0.14107142857142857 0.20405405405405405 0.1419642857142857
1 0.6722972972972973 0.06517857142857143 0.20135135135135135 0.13035714285714287
7 0.057432432432432436 0.8366071428571429 0.10135135135135136 0.11428571428571428
7 0.14662162162162162 0.9419642857142857 0.08783783783783784 0.11607142857142858
7 0.17229729729729729 0.7169642857142857 0.06756756756756757 0.09285714285714286
7 0.4101351351351351 0.875 0.01756756756756757 0.11785714285714285
2 0.7385135135135135 0.5035714285714286 0.21486486486486486 0.10714285714285714
9 0.7891891891891892 0.6892857142857143 0.20945945945945946 0.20535714285714285
8 0.7418918918918919 0.5651785714285714 0.12702702702702703 0.11785714285714285