3 0.480078125 0.03780773739742087 0.13046875 0.07561547479484174
3 0.315625 0.04191090269636577 0.096875 0.08382180539273154
1 0.83671875 0.021981242672919107 0.01171875 0.04044548651817116
1 0.84765625 0.07063305978898007 0.010546875 0.03927315357561548
1 0.819921875 0.09349355216881594 0.010546875 0.0369284876905041
1 0.866796875 0.067116060961313 0.006640625 0.038100820633059786
2 0.929296875 0.3525791324736225 0.019140625 0.05949589683470106
2 0.833984375 0.29806565064478313 0.0140625 0.07737397420867527
9 0.876171875 0.2403282532239156 0.0203125 0.04806565064478312
2 0.94375 0.4621922626025791 0.0203125 0.046014067995310666
8 0.348828125 0.597303634232122 0.06015625 0.04660023446658851
8 0.3 0.8534583821805393 0.06015625 0.038100820633059786
8 0.4125 0.9724501758499414 0.0453125 0.029015240328253224
8 0.175 0.7968933177022274 0.0421875 0.03223915592028136
8 0.187109375 0.8599062133645955 0.025 0.029601406799531067
7 0.177734375 0.723915592028136 0.0328125 0.038100820633059786
7 0.4671875 0.6016998827667057 0.055859375 0.03985932004689332
7 0.43828125 0.8493552168815943 0.058984375 0.038100820633059786
7 0.37734375 0.8950762016412661 0.048828125 0.04337631887456037
7 0.587890625 0.7825322391559203 0.08203125 0.0738569753810082
7 0.599609375 0.6093200468933178 0.05703125 0.05861664712778429
7 0.284765625 0.6925556858147714 0.06953125 0.041617819460726846
11 0.441796875 0.5527549824150059 0.086328125 0.056858147713950764
11 0.5171875 0.6820046893317703 0.091015625 0.03985932004689332
11 0.192578125 0.5486518171160609 0.031640625 0.04425556858147714
11 0.26640625 0.5392731535756154 0.0625 0.05422039859320047
11 0.34765625 0.7113130128956624 0.046484375 0.03311840562719812
11 0.298828125 0.7702227432590856 0.036328125 0.036635404454865184
11 0.40234375 0.7669988276670574 0.03984375 0.027256740914419694
11 0.35390625 0.8276670574443142 0.046484375 0.02637749120750293
11 0.090234375 0.6544548651817116 0.02734375 0.03048065650644783
11 0.539453125 0.6213364595545134 0.043359375 0.0313599062133646
11 0.48828125 0.6436107854630715 0.021484375 0.03399765533411489
11 0.666796875 0.8344079718640094 0.051171875 0.041617819460726846
11 0.521875 0.8569753810082064 0.0578125 0.03751465416178194
11 0.559765625 0.5641852286049238 0.063671875 0.04073856975381008
11 0.2875 0.638335287221571 0.05703125 0.036635404454865184
11 0.16953125 0.9507620164126612 0.048828125 0.04572098475967175
11 0.262109375 0.9393317702227433 0.05234375 0.03751465416178194
11 0.155859375 0.985052754982415 0.05703125 0.01875732708089097
11 0.13203125 0.8751465416178195 0.0546875 0.06037514654161782
11 0.041015625 0.6483001172332943 0.023828125 0.041617819460726846
11 0.077734375 0.7007620164126612 0.03515625 0.020515826494724502
11 0.13203125 0.7303634232121923 0.031640625 0.03311840562719812
11 0.161328125 0.6424384525205158 0.0453125 0.03487690504103165
11 0.36875 0.6488862837045721 0.058984375 0.036635404454865184
11 0.679296875 0.6661781946072685 0.0453125 0.03985932004689332
11 0.68671875 0.742672919109027 0.043359375 0.05949589683470106
11 0.61484375 0.7107268464243846 0.030859375 0.03311840562719812
11 0.69453125 0.8648886283704572 0.053515625 0.05422039859320047
9 0.6109375 0.5515826494724502 0.041015625 0.03985932004689332
9 0.48046875 0.7995310668229777 0.043359375 0.02813599062133646
9 0.545703125 0.731242672919109 0.0296875 0.036635404454865184
8 0.89921875 0.820926143024619 0.0109375 0.049824150058616644
7 0.88828125 0.5328253223915592 0.00859375 0.03077373974208675
7 0.918359375 0.891559202813599 0.012109375 0.041031652989449004