5 0.2429718875502008 0.025848142164781908 0.3172690763052209 0.051696284329563816
5 0.2175368139223561 0.10662358642972536 0.12315930388219545 0.09854604200323101
5 0.37416331994645247 0.06381260096930533 0.17001338688085676 0.12762520193861066
5 0.3092369477911647 0.14781906300484654 0.18741633199464525 0.12439418416801293
5 0.15595716198125836 0.2358642972536349 0.1606425702811245 0.10339256865912763
5 0.02744310575635877 0.11793214862681745 0.05488621151271754 0.07431340872374798
5 0.23694779116465864 0.3481421647819063 0.0642570281124498 0.08239095315024232
5 0.26706827309236947 0.284329563812601 0.13119143239625167 0.10662358642972536
5 0.2898259705488621 0.22536348949919224 0.10441767068273092 0.09369951534733441
5 0.10508701472556894 0.16397415185783523 0.10040160642570281 0.07108239095315025
1 0.8018741633199464 0.16155088852988692 0.10575635876840696 0.06785137318255251
1 0.6941097724230254 0.09450726978998385 0.12650602409638553 0.05573505654281099
1 0.6834002677376171 0.033925686591276254 0.06091030789825971 0.04119547657512116
1 0.6358768406961178 0.14054927302100162 0.05823293172690763 0.04281098546042003
1 0.5542168674698795 0.16962843295638125 0.07362784471218206 0.034733441033925685
1 0.5870147255689424 0.21243941841680128 0.06626506024096386 0.036348949919224556
1 0.6887550200803213 0.1938610662358643 0.05555555555555555 0.036348949919224556
1 0.8299866131191432 0.21405492730210016 0.050200803212851405 0.0444264943457189
1 0.7456492637215528 0.24798061389337642 0.08165997322623829 0.04604200323101777
7 0.3453815261044177 0.5492730210016155 0.0963855421686747 0.10823909531502424
7 0.27710843373493976 0.777059773828756 0.09906291834002677 0.10662358642972536
7 0.24163319946452477 0.9022617124394184 0.07095046854082998 0.12762520193861066
7 0.19812583668005354 0.6583198707592892 0.060240963855421686 0.11147011308562198
9 0.43373493975903615 0.5783521809369951 0.050870147255689425 0.23263327948303716
7 0.5281124497991968 0.9491114701130856 0.08165997322623829 0.10177705977382875