5 0.337109375 0.17549019607843136 0.18203125 0.14607843137254903
8 0.54375 0.24754901960784315 0.0484375 0.07549019607843137
9 0.88203125 0.26372549019607844 0.084375 0.07254901960784314
8 0.402734375 0.7666666666666667 0.06015625 0.11372549019607843
11 0.247265625 0.8975490196078432 0.0671875 0.10392156862745099
11 0.285546875 0.5254901960784314 0.04765625 0.12941176470588237
7 0.43046875 0.5490196078431373 0.0796875 0.13872549019607844
7 0.2171875 0.5362745098039216 0.10078125 0.15441176470588236
8 0.759765625 0.5637254901960784 0.056640625 0.12745098039215685
8 0.6703125 0.5843137254901961 0.061328125 0.12401960784313726
8 0.608984375 0.6308823529411764 0.056640625 0.1
8 0.71015625 0.9034313725490196 0.047265625 0.12058823529411765
11 0.650390625 0.8 0.108203125 0.12401960784313726