5 0.25299043062200954 0.251875 0.5059808612440191 0.27625
8 0.2021531100478469 0.4 0.06220095693779904 0.02
8 0.534688995215311 0.964375 0.0215311004784689 0.03875
8 0.37021531100478466 0.830625 0.034688995215311005 0.0475
8 0.3696172248803828 0.689375 0.03827751196172249 0.06125
9 0.5119617224880383 0.72875 0.04665071770334928 0.11
7 0.5388755980861244 0.623125 0.03229665071770335 0.04
7 0.12141148325358851 0.715625 0.05861244019138756 0.04125
1 0.7577751196172249 0.64 0.06339712918660287 0.113125
1 0.6561004784688995 0.6875 0.05263157894736842 0.05375
1 0.9593301435406698 0.67875 0.026913875598086126 0.065625
1 0.7188995215311005 0.648125 0.05382775119617225 0.0775
1 0.8594497607655502 0.65125 0.05263157894736842 0.0725
1 0.7332535885167464 0.740625 0.05263157894736842 0.0525
1 0.7822966507177034 0.740625 0.04425837320574163 0.09125