5 0.1275 0.10166666666666667 0.255 0.20333333333333334
5 0.1125 0.24916666666666668 0.16 0.14833333333333334
5 0.249375 0.11833333333333333 0.05375 0.11833333333333333
5 0.33875 0.25916666666666666 0.1625 0.21166666666666667
5 0.61625 0.155 0.11 0.195
9 0.216875 0.5916666666666667 0.22625 0.385
8 0.030625 0.7358333333333333 0.0525 0.08333333333333333
8 0.27375 0.9008333333333334 0.045 0.085
8 0.296875 0.8333333333333334 0.01 0.05
8 0.04375 0.595 0.06 0.1
2 0.10625 0.7125 0.03875 0.09333333333333334
6 0.711875 0.6566666666666666 0.1425 0.21166666666666667
6 0.926875 0.9658333333333333 0.054375 0.06833333333333333
6 0.448125 0.5191666666666667 0.041875 0.10583333333333333
6 0.84375 0.7291666666666666 0.098125 0.17166666666666666
6 0.865625 0.5691666666666667 0.114375 0.16916666666666666