5 0.41 0.11416666666666667 0.41583333333333333 0.14875
5 0.335 0.26458333333333334 0.15958333333333333 0.06833333333333333
5 0.5595833333333333 0.26125 0.22083333333333333 0.09166666666666666
5 0.44916666666666666 0.3258333333333333 0.24875 0.0775
5 0.22083333333333333 0.37166666666666665 0.21333333333333335 0.06375
5 0.05458333333333333 0.22541666666666665 0.10916666666666666 0.05416666666666667
5 0.3016666666666667 0.50875 0.06875 0.09291666666666666
5 0.36 0.44458333333333333 0.16875 0.07583333333333334
5 0.40541666666666665 0.39416666666666667 0.13166666666666665 0.06833333333333333
5 0.16875 0.2916666666666667 0.13 0.04666666666666667
7 0.8625 0.39 0.03625 0.07833333333333334
7 0.7775 0.1825 0.030833333333333334 0.09958333333333333
7 0.8241666666666667 0.08916666666666667 0.02375 0.08041666666666666
7 0.7895833333333333 0.47791666666666666 0.025833333333333333 0.050416666666666665
7 0.80625 0.31666666666666665 0.01875 0.06291666666666666
7 0.8041666666666667 0.23291666666666666 0.015833333333333335 0.05416666666666667
8 0.86625 0.5329166666666667 0.02375 0.0525
6 0.06041666666666667 0.61625 0.12083333333333333 0.1125
6 0.5254166666666666 0.6333333333333333 0.20416666666666666 0.1275
5 0.8420833333333333 0.7866666666666666 0.22708333333333333 0.17958333333333334