5 0.18493975903614457 0.3135048231511254 0.1855421686746988 0.1639871382636656
5 0.16325301204819276 0.17282958199356913 0.21325301204819277 0.19614147909967847
5 0.0463855421686747 0.24356913183279744 0.0927710843373494 0.15916398713826366
5 0.11746987951807229 0.04340836012861737 0.1650602409638554 0.08681672025723473
1 0.5614457831325301 0.24839228295819935 0.06746987951807229 0.09485530546623794
1 0.6397590361445783 0.22508038585209003 0.05060240963855422 0.08842443729903537
1 0.8144578313253013 0.2580385852090032 0.1144578313253012 0.14790996784565916
1 0.766867469879518 0.1639871382636656 0.10963855421686747 0.09003215434083602
1 0.8192771084337349 0.41961414790996787 0.0746987951807229 0.05787781350482315
1 0.7042168674698795 0.4139871382636656 0.04939759036144578 0.06913183279742766
1 0.9885542168674699 0.19533762057877813 0.02289156626506024 0.06270096463022508
1 0.9692771084337349 0.12459807073954984 0.04096385542168675 0.06270096463022508
1 0.5819277108433735 0.12138263665594855 0.05903614457831325 0.06913183279742766
1 0.5120481927710844 0.08520900321543408 0.04939759036144578 0.0707395498392283
7 0.7024096385542169 0.01527331189710611 0.07710843373493977 0.03054662379421222
7 0.28795180722891567 0.4815112540192926 0.05301204819277108 0.06591639871382636
11 0.20060240963855422 0.5996784565916399 0.08313253012048193 0.10771704180064309
7 0.34036144578313254 0.569935691318328 0.0746987951807229 0.0932475884244373
7 0.3746987951807229 0.6688102893890675 0.05060240963855422 0.09003215434083602
7 0.12771084337349398 0.46061093247588425 0.08674698795180723 0.024115755627009645
7 0.32590361445783134 0.5096463022508039 0.06626506024096386 0.10771704180064309
7 0.25301204819277107 0.4742765273311897 0.04819277108433735 0.05144694533762058
2 0.6108433734939759 0.6020900321543409 0.10722891566265061 0.11736334405144695
2 0.6512048192771084 0.7483922829581994 0.07048192771084337 0.09163987138263666
2 0.8746987951807229 0.6535369774919614 0.05903614457831325 0.0747588424437299
8 0.986144578313253 0.6366559485530546 0.02710843373493976 0.06028938906752412
7 0.5765060240963855 0.659967845659164 0.08433734939759036 0.08922829581993569