5 0.059333333333333335 0.34844444444444445 0.034 0.05511111111111111
5 0.13533333333333333 0.3635555555555556 0.09133333333333334 0.10933333333333334
5 0.2996666666666667 0.4111111111111111 0.07266666666666667 0.036444444444444446
5 0.35033333333333333 0.33866666666666667 0.03333333333333333 0.043555555555555556
5 0.025666666666666667 0.3031111111111111 0.051333333333333335 0.060444444444444446
3 0.7243333333333334 0.328 0.2623333333333333 0.1288888888888889
3 0.6883333333333334 0.1288888888888889 0.38566666666666666 0.16
6 0.18233333333333332 0.5151111111111111 0.06866666666666667 0.11422222222222222
6 0.039 0.548 0.04466666666666667 0.06755555555555555
6 0.33266666666666667 0.6635555555555556 0.04466666666666667 0.08266666666666667
6 0.107 0.6066666666666667 0.058333333333333334 0.06888888888888889
10 0.099 0.6622222222222223 0.030666666666666665 0.06622222222222222
10 0.21566666666666667 0.6342222222222222 0.034333333333333334 0.06311111111111112
10 0.15366666666666667 0.6262222222222222 0.052 0.06755555555555555
1 0.9373333333333334 0.66 0.046 0.06222222222222222
1 0.894 0.5831111111111111 0.068 0.04622222222222222
1 0.5976666666666667 0.6844444444444444 0.19033333333333333 0.06355555555555556
1 0.5916666666666667 0.8275555555555556 0.19033333333333333 0.072
1 0.9033333333333333 0.8168888888888889 0.08833333333333333 0.051555555555555556
1 0.7936666666666666 0.7284444444444444 0.09833333333333333 0.05377777777777778
1 0.9686666666666667 0.7471111111111111 0.06266666666666666 0.06977777777777777