5 0.12875 0.43833333333333335 0.256875 0.5625
5 0.331875 0.33166666666666667 0.24125 0.565
5 0.55 0.455 0.11125 0.245
5 0.5425 0.14166666666666666 0.146875 0.2825
5 0.444375 0.10416666666666667 0.155 0.20833333333333334
5 0.299375 0.049166666666666664 0.0725 0.09833333333333333
0 0.94125 0.52 0.0925 0.11166666666666666
0 0.985 0.3175 0.03 0.08166666666666667
0 0.85125 0.3641666666666667 0.1125 0.18333333333333332
0 0.8175 0.5691666666666667 0.05625 0.095
0 0.91625 0.35333333333333333 0.07 0.09333333333333334
0 0.949375 0.18833333333333332 0.0875 0.08333333333333333
11 0.958125 0.075 0.07125 0.10833333333333334
11 0.360625 0.8941666666666667 0.08 0.07666666666666666
7 0.675 0.7791666666666667 0.05 0.11833333333333333