5 0.064208984375 0.4833984375 0.12841796875 0.0927734375
5 0.01123046875 0.24755859375 0.0224609375 0.095703125
5 0.301025390625 0.030517578125 0.08447265625 0.06103515625
5 0.412109375 0.051025390625 0.0751953125 0.06298828125
5 0.06640625 0.1875 0.1328125 0.1025390625
7 0.335693359375 0.2880859375 0.06640625 0.06103515625
7 0.213623046875 0.134765625 0.14697265625 0.1337890625
7 0.083984375 0.402099609375 0.1171875 0.091796875
11 0.953125 0.031005859375 0.06591796875 0.056640625
11 0.875 0.03662109375 0.0673828125 0.0732421875
11 0.56689453125 0.391357421875 0.048828125 0.0546875
6 0.18505859375 0.777099609375 0.07958984375 0.068359375
6 0.11767578125 0.77294921875 0.05322265625 0.056640625
6 0.225341796875 0.841064453125 0.09326171875 0.07373046875
6 0.156005859375 0.881103515625 0.03955078125 0.03955078125
6 0.1083984375 0.897705078125 0.037109375 0.05078125
6 0.42822265625 0.97509765625 0.04296875 0.0498046875
6 0.425048828125 0.86083984375 0.04931640625 0.1162109375
6 0.3037109375 0.944580078125 0.10107421875 0.1064453125
6 0.343994140625 0.99267578125 0.08642578125 0.0146484375
6 0.343994140625 0.823974609375 0.03955078125 0.044921875
6 0.411865234375 0.936767578125 0.04345703125 0.0439453125
1 0.78857421875 0.71533203125 0.1181640625 0.10888671875