11 0.28846153846153844 0.13134057971014493 0.048642533936651584 0.08514492753623189
11 0.09785067873303167 0.4592391304347826 0.06447963800904978 0.03804347826086957
5 0.24321266968325791 0.4076086956521739 0.08710407239819004 0.11231884057971014
5 0.17194570135746606 0.13405797101449277 0.06334841628959276 0.11775362318840579
5 0.040158371040723985 0.42028985507246375 0.08031674208144797 0.11594202898550725
5 0.04807692307692308 0.27717391304347827 0.08484162895927602 0.11413043478260869
5 0.015271493212669683 0.18478260869565216 0.030542986425339366 0.13768115942028986
5 0.2160633484162896 0.28351449275362317 0.1165158371040724 0.13949275362318841
9 0.2822398190045249 0.3903985507246377 0.06108597285067873 0.13949275362318841
9 0.2245475113122172 0.1105072463768116 0.08597285067873303 0.13949275362318841
7 0.36595022624434387 0.23369565217391305 0.04638009049773756 0.06884057971014493
7 0.36142533936651583 0.29347826086956524 0.04524886877828054 0.07608695652173914
9 0.32861990950226244 0.3541666666666667 0.05429864253393665 0.08152173913043478
9 0.34728506787330315 0.4221014492753623 0.04638009049773756 0.07971014492753623
9 0.3088235294117647 0.04800724637681159 0.10180995475113122 0.09601449275362318
9 0.40384615384615385 0.04891304347826087 0.09049773755656108 0.09782608695652174
9 0.09219457013574661 0.15942028985507245 0.06787330316742081 0.10326086956521739
9 0.16289592760180996 0.23097826086956522 0.07239819004524888 0.11956521739130435
1 0.8093891402714932 0.26358695652173914 0.08031674208144797 0.1286231884057971
6 0.8580316742081447 0.017210144927536232 0.057692307692307696 0.034420289855072464
6 0.9044117647058824 0.10869565217391304 0.05090497737556561 0.10326086956521739
1 0.7641402714932126 0.14402173913043478 0.09276018099547512 0.14673913043478262
1 0.709841628959276 0.20833333333333334 0.08144796380090498 0.1358695652173913
1 0.6832579185520362 0.07880434782608696 0.08823529411764706 0.15760869565217392
1 0.6459276018099548 0.36231884057971014 0.09502262443438914 0.1539855072463768
1 0.7330316742081447 0.322463768115942 0.11538461538461539 0.16485507246376813
1 0.7047511312217195 0.4311594202898551 0.1244343891402715 0.09420289855072464
1 0.6346153846153846 0.23550724637681159 0.10294117647058823 0.15579710144927536
1 0.5882352941176471 0.41394927536231885 0.07692307692307693 0.1286231884057971
1 0.8908371040723982 0.23641304347826086 0.10180995475113122 0.15579710144927536
1 0.8393665158371041 0.10597826086956522 0.08257918552036199 0.1322463768115942
1 0.7680995475113123 0.041666666666666664 0.11764705882352941 0.08333333333333333
1 0.6018099547511312 0.1105072463768116 0.11538461538461539 0.16666666666666666
1 0.5593891402714932 0.2916666666666667 0.083710407239819 0.15942028985507245
6 0.24434389140271492 0.5788043478260869 0.10407239819004525 0.20108695652173914
6 0.14536199095022626 0.5932971014492754 0.08823529411764706 0.14402173913043478
6 0.17986425339366516 0.6992753623188406 0.05486425339366516 0.08786231884057971
6 0.2743212669683258 0.75 0.04920814479638009 0.10960144927536232
6 0.30995475113122173 0.6757246376811594 0.05486425339366516 0.10960144927536232
6 0.3173076923076923 0.9094202898550725 0.06447963800904978 0.10778985507246377
6 0.20248868778280543 0.8568840579710145 0.03902714932126697 0.06884057971014493
6 0.25 0.8342391304347826 0.041289592760180995 0.06884057971014493
6 0.1430995475113122 0.7391304347826086 0.04581447963800905 0.08605072463768115
6 0.07805429864253394 0.6440217391304348 0.03676470588235294 0.07336956521739131
6 0.05373303167420815 0.7065217391304348 0.034502262443438916 0.06431159420289854
6 0.09445701357466063 0.720108695652174 0.050339366515837106 0.09692028985507246
6 0.05203619909502263 0.8034420289855072 0.0333710407239819 0.0661231884057971
6 0.3891402714932127 0.8903985507246377 0.04242081447963801 0.0625
6 0.26131221719457015 0.9429347826086957 0.040158371040723985 0.07336956521739131
6 0.3399321266968326 0.7735507246376812 0.057126696832579184 0.10054347826086957
6 0.38518099547511314 0.5353260869565217 0.0333710407239819 0.06431159420289854
6 0.3597285067873303 0.7336956521739131 0.028846153846153848 0.05344202898550725
6 0.1595022624434389 0.6603260869565217 0.040158371040723985 0.06431159420289854
6 0.18778280542986425 0.6413043478260869 0.031108597285067874 0.0625
6 0.15497737556561086 0.8541666666666666 0.04468325791855204 0.07518115942028986
6 0.2686651583710407 0.6394927536231884 0.05260180995475113 0.09692028985507246
7 0.5774886877828054 0.49818840579710144 0.07352941176470588 0.03985507246376811
7 0.7121040723981901 0.7318840579710145 0.06334841628959276 0.07971014492753623
7 0.6719457013574661 0.8070652173913043 0.08823529411764706 0.14130434782608695
7 0.6628959276018099 0.917572463768116 0.0757918552036199 0.09239130434782608
7 0.8014705882352942 0.8976449275362319 0.06561085972850679 0.11775362318840579
7 0.8602941176470589 0.6612318840579711 0.07239819004524888 0.125
7 0.7992081447963801 0.697463768115942 0.057692307692307696 0.08876811594202899
7 0.7980769230769231 0.5117753623188406 0.053167420814479636 0.06702898550724638