5 0.374375 0.16854990583804144 0.21875 0.09981167608286252
5 0.131875 0.19962335216572505 0.15375 0.03766478342749529
5 0.25875 0.09322033898305085 0.165 0.1864406779661017
10 0.7525 0.0583804143126177 0.145 0.1167608286252354
1 0.974375 0.07721280602636535 0.045 0.07721280602636535
11 0.59 0.1553672316384181 0.0425 0.07344632768361582
11 0.644375 0.18832391713747645 0.03875 0.060263653483992465
5 0.463125 0.5338983050847458 0.21125 0.6308851224105462
5 0.2775 0.6384180790960452 0.1975 0.6016949152542372
5 0.09125 0.4774011299435028 0.090625 0.2608286252354049
5 0.08375 0.8305084745762712 0.11625 0.3389830508474576
5 0.17 0.879472693032015 0.12875 0.2401129943502825
5 0.294375 0.9472693032015066 0.06125 0.10546139359698682
1 0.9725 0.879472693032015 0.05375 0.08097928436911488
1 0.916875 0.8173258003766478 0.04875 0.07721280602636535
1 0.995625 0.7372881355932204 0.00875 0.07344632768361582
1 0.845625 0.852165725047081 0.035 0.07156308851224105
2 0.904375 0.4265536723163842 0.0725 0.1431261770244821
9 0.759375 0.5856873822975518 0.08875 0.10546139359698682