5 0.21265060240963857 0.1704361873990307 0.19036144578313252 0.17932148626817448
3 0.7771084337349398 0.10096930533117932 0.20481927710843373 0.20113085621970922
3 0.7879518072289157 0.3174474959612278 0.2963855421686747 0.26252019386106623
8 0.422289156626506 0.8933764135702746 0.0819277108433735 0.11631663974151858
1 0.3572289156626506 0.5799676898222941 0.04819277108433735 0.08239095315024232
7 0.7710843373493976 0.6663974151857835 0.03132530120481928 0.05654281098546042
7 0.7716867469879518 0.9749596122778675 0.03734939759036145 0.050080775444264945
7 0.9259036144578313 0.8852988691437803 0.03493975903614458 0.05331179321486268
2 0.8439759036144578 0.994345718901454 0.03975903614457831 0.011308562197092083
9 0.7108433734939759 0.7439418416801292 0.04457831325301205 0.07754442649434572
9 0.8590361445783132 0.875605815831987 0.06144578313253012 0.061389337641357025