5 0.23842592592592593 0.30574845679012347 0.20081018518518517 0.330054012345679
5 0.4019097222222222 0.3246527777777778 0.06741898148148148 0.10609567901234568
1 0.8859953703703703 0.09066358024691358 0.07291666666666667 0.07445987654320987
0 0.8224826388888888 0.5337577160493827 0.06886574074074074 0.08777006172839506
0 0.6702835648148148 0.511766975308642 0.05439814814814815 0.0642361111111111
0 0.9065393518518519 0.4409722222222222 0.10662615740740741 0.13560956790123457
0 0.8443287037037037 0.3948688271604938 0.07957175925925926 0.09953703703703703
5 0.7601273148148148 0.3296682098765432 0.09143518518518519 0.11496913580246913
9 0.7727141203703703 0.07002314814814815 0.06365740740740741 0.06925154320987655
9 0.6527777777777778 0.059799382716049385 0.1060474537037037 0.09799382716049383
8 0.16087962962962962 0.7918595679012346 0.044994212962962965 0.03568672839506173
8 0.08362268518518519 0.7137345679012346 0.04398148148148148 0.02797067901234568
8 0.08738425925925926 0.7125771604938271 0.012876157407407407 0.007716049382716049
11 0.07349537037037036 0.7289737654320988 0.027922453703703703 0.019483024691358024
11 0.1673900462962963 0.6948302469135802 0.028935185185185185 0.021026234567901234
7 0.5691550925925926 0.7924382716049383 0.1935763888888889 0.26157407407407407