5 0.383 0.3582222222222222 0.3536666666666667 0.20355555555555555
5 0.2846666666666667 0.25244444444444447 0.14566666666666667 0.08755555555555555
5 0.4613333333333333 0.20533333333333334 0.197 0.11822222222222223
5 0.3566666666666667 0.17733333333333334 0.21866666666666668 0.11288888888888889
5 0.16133333333333333 0.19066666666666668 0.186 0.09422222222222222
5 0.073 0.3462222222222222 0.10233333333333333 0.06666666666666667
5 0.183 0.06133333333333333 0.08066666666666666 0.08888888888888889
5 0.249 0.10088888888888889 0.155 0.09422222222222222
5 0.301 0.13155555555555556 0.124 0.08222222222222222
5 0.14433333333333334 0.26711111111111113 0.11633333333333333 0.064
7 0.8453333333333334 0.32266666666666666 0.061 0.07111111111111111
7 0.6753333333333333 0.2368888888888889 0.043333333333333335 0.057777777777777775
2 0.66 0.3293333333333333 0.05433333333333333 0.060444444444444446
0 0.6866666666666666 0.4408888888888889 0.058333333333333334 0.059555555555555556
0 0.738 0.33866666666666667 0.09 0.08222222222222222
0 0.625 0.292 0.062 0.06355555555555556
0 0.619 0.24844444444444444 0.04733333333333333 0.03955555555555555
0 0.7333333333333333 0.24 0.034 0.04844444444444444
6 0.9116666666666666 0.32622222222222225 0.025333333333333333 0.03688888888888889
11 0.97 0.3457777777777778 0.041666666666666664 0.05377777777777778
5 0.4713333333333333 0.836 0.07333333333333333 0.10844444444444444
5 0.44133333333333336 0.9031111111111111 0.07 0.10844444444444444
5 0.551 0.8568888888888889 0.018 0.112
5 0.16266666666666665 0.9875555555555555 0.06266666666666666 0.024888888888888887
5 0.11266666666666666 0.9777777777777777 0.06 0.044444444444444446
5 0.088 0.8848888888888888 0.044 0.06488888888888888
5 0.164 0.8715555555555555 0.10933333333333334 0.13777777777777778
5 0.252 0.9368888888888889 0.074 0.07733333333333334
5 0.337 0.8813333333333333 0.08666666666666667 0.10933333333333334
5 0.36566666666666664 0.7684444444444445 0.04066666666666666 0.05333333333333334
5 0.449 0.7248888888888889 0.062 0.06577777777777778
5 0.04566666666666667 0.8537777777777777 0.062 0.07733333333333334
5 0.392 0.676 0.09133333333333334 0.08977777777777778
5 0.526 0.5631111111111111 0.050666666666666665 0.058666666666666666
4 0.819 0.7506666666666667 0.04033333333333333 0.06311111111111112
7 0.9176666666666666 0.508 0.036 0.056