5 0.18310546875 0.070068359375 0.05126953125 0.0546875
7 0.238525390625 0.268798828125 0.06494140625 0.0654296875
9 0.904541015625 0.150390625 0.095703125 0.0908203125
9 0.9931640625 0.1318359375 0.013671875 0.0634765625
9 0.7763671875 0.49951171875 0.06640625 0.0400390625
9 0.98681640625 0.441650390625 0.0263671875 0.07275390625
8 0.5283203125 0.055419921875 0.0556640625 0.05322265625
8 0.57958984375 0.440185546875 0.0673828125 0.05615234375
8 0.702392578125 0.50732421875 0.05126953125 0.0244140625
2 0.47265625 0.468505859375 0.0771484375 0.0673828125
2 0.484130859375 0.35400390625 0.1025390625 0.1083984375
0 0.708984375 0.017822265625 0.0771484375 0.03564453125
0 0.694580078125 0.364990234375 0.05322265625 0.07666015625
7 0.26806640625 0.97216796875 0.0830078125 0.0556640625
6 0.4560546875 0.844482421875 0.052734375 0.052734375
6 0.326904296875 0.843505859375 0.03466796875 0.03564453125
6 0.533935546875 0.86572265625 0.06005859375 0.0625
6 0.595703125 0.712158203125 0.06640625 0.03955078125
6 0.6474609375 0.810791015625 0.1103515625 0.0859375
6 0.662353515625 0.74853515625 0.072265625 0.04052734375
10 0.529052734375 0.768310546875 0.16259765625 0.0654296875
10 0.391357421875 0.89697265625 0.06884765625 0.06884765625
10 0.515869140625 0.930908203125 0.12060546875 0.08056640625