5 0.26887232059645855 0.20772946859903382 0.16775396085740912 0.17753623188405798
8 0.6835973904939422 0.427536231884058 0.03494874184529357 0.08574879227053141
8 0.8215284249767009 0.01932367149758454 0.016309412861136997 0.03864734299516908
7 0.7460391425908667 0.08031400966183574 0.027958993476234855 0.07669082125603864
7 0.7124883504193849 0.25120772946859904 0.02982292637465051 0.07669082125603864
7 0.6500465983224604 0.3285024154589372 0.028890959925442685 0.06944444444444445
7 0.6365330848089469 0.07427536231884058 0.033550792171481825 0.08333333333333333
7 0.8546132339235788 0.5597826086956522 0.029356943150046597 0.06944444444444445
7 0.8448275862068966 0.34903381642512077 0.02096924510717614 0.043478260869565216
8 0.7437092264678472 0.45652173913043476 0.024697110904007457 0.05374396135265701
8 0.7903075489282386 0.18961352657004832 0.022367194780987885 0.04891304347826087
7 0.581547064305685 0.11292270531400966 0.021435228331780055 0.06280193236714976
7 0.7204100652376515 0.5833333333333334 0.02190121155638397 0.04589371980676329
7 0.6211556383970177 0.13828502415458938 0.042404473438956196 0.06521739130434782
7 0.8918918918918919 0.2107487922705314 0.022367194780987885 0.04891304347826087
7 0.9538676607642125 0.057367149758454104 0.017707362534948742 0.05495169082125604
11 0.32246039142590865 0.8955314009661836 0.0754892823858341 0.033816425120772944
11 0.3527493010251631 0.7771739130434783 0.04473438956197577 0.024758454106280192
0 0.46505125815470644 0.8194444444444444 0.1015843429636533 0.051932367149758456
7 0.02050326188257223 0.7252415458937198 0.04054054054054054 0.035024154589371984
7 0.4217148182665424 0.7071256038647343 0.07968313140726933 0.0320048309178744
0 0.46458527493010254 0.7590579710144928 0.10997204100652376 0.033816425120772944