5 0.1064453125 0.04496606334841629 0.1455078125 0.08993212669683258
5 0.33642578125 0.4182692307692308 0.08935546875 0.10350678733031674
5 0.179443359375 0.31221719457013575 0.087890625 0.10972850678733032
5 0.411376953125 0.11510180995475112 0.0498046875 0.06165158371040724
5 0.09228515625 0.3803733031674208 0.13623046875 0.1159502262443439
5 0.221435546875 0.4423076923076923 0.10107421875 0.0746606334841629
7 0.3095703125 0.31278280542986425 0.09326171875 0.09219457013574661
7 0.076171875 0.13150452488687783 0.1162109375 0.10407239819004525
9 0.966796875 0.32748868778280543 0.060546875 0.1351809954751131
9 0.77880859375 0.31165158371040724 0.0869140625 0.12217194570135746
7 0.943115234375 0.18467194570135748 0.05419921875 0.06447963800904978
8 0.84765625 0.36821266968325794 0.04248046875 0.07070135746606335
8 0.618408203125 0.28478506787330315 0.07763671875 0.09106334841628959
8 0.640380859375 0.2245475113122172 0.037109375 0.05373303167420815
7 0.745361328125 0.4346719457013575 0.0615234375 0.06843891402714933
7 0.695556640625 0.1954185520361991 0.05810546875 0.057692307692307696
7 0.675537109375 0.353789592760181 0.0673828125 0.07409502262443439
3 0.166015625 0.6742081447963801 0.33203125 0.3212669683257919
3 0.23486328125 0.9765271493212669 0.2412109375 0.04694570135746606
3 0.469970703125 0.8311651583710408 0.21923828125 0.3376696832579186
6 0.959228515625 0.5350678733031674 0.08154296875 0.11085972850678733
6 0.9609375 0.7570701357466063 0.078125 0.12386877828054299
6 0.97021484375 0.9295814479638009 0.0595703125 0.1408371040723982
6 0.781005859375 0.9292986425339367 0.15966796875 0.1414027149321267
6 0.738525390625 0.7468891402714932 0.205078125 0.1329185520361991
6 0.887451171875 0.6940045248868778 0.05078125 0.06957013574660634
6 0.8251953125 0.5709841628959276 0.14306640625 0.12895927601809956