5 0.44635416666666666 0.32083333333333336 0.17239583333333333 0.1787037037037037
5 0.21510416666666668 0.28703703703703703 0.13645833333333332 0.18333333333333332
5 0.22578125 0.08518518518518518 0.1203125 0.17037037037037037
4 0.8057291666666667 0.33101851851851855 0.034375 0.06574074074074074
1 0.8231770833333333 0.4930555555555556 0.06145833333333333 0.08148148148148149
1 0.7359375 0.0787037037037037 0.021875 0.05
1 0.9552083333333333 0.35555555555555557 0.035416666666666666 0.06666666666666667
1 0.8958333333333334 0.43472222222222223 0.027083333333333334 0.04537037037037037
7 0.9041666666666667 0.275 0.051041666666666666 0.0712962962962963
7 0.8872395833333333 0.3638888888888889 0.0328125 0.06388888888888888
7 0.8640625 0.5578703703703703 0.035416666666666666 0.04351851851851852
9 0.8625 0.24675925925925926 0.0265625 0.05555555555555555
11 0.7153645833333333 0.062037037037037036 0.0234375 0.04351851851851852
11 0.72265625 0.17777777777777778 0.022395833333333334 0.06018518518518518
8 0.7557291666666667 0.1476851851851852 0.041666666666666664 0.04259259259259259
8 0.7481770833333333 0.21342592592592594 0.036458333333333336 0.05740740740740741
9 0.27057291666666666 0.6981481481481482 0.08177083333333333 0.07314814814814814
9 0.19505208333333332 0.9319444444444445 0.0921875 0.07083333333333333
8 0.32083333333333336 0.6884259259259259 0.03229166666666667 0.03981481481481482
8 0.4544270833333333 0.7870370370370371 0.03984375 0.027777777777777776
8 0.45208333333333334 0.7842592592592592 0.08645833333333333 0.06481481481481481
5 0.4791666666666667 0.8671296296296296 0.06744791666666666 0.05462962962962963
7 0.24947916666666667 0.8291666666666667 0.05703125 0.027777777777777776
11 0.7846354166666667 0.9407407407407408 0.03463541666666667 0.028703703703703703
11 0.7442708333333333 0.9333333333333333 0.027083333333333334 0.02824074074074074
11 0.70546875 0.9495370370370371 0.01328125 0.024537037037037038
11 0.6747395833333333 0.9189814814814815 0.024479166666666666 0.03148148148148148
11 0.9015625 0.874537037037037 0.022395833333333334 0.03148148148148148
11 0.7791666666666667 0.8708333333333333 0.028645833333333332 0.04351851851851852
11 0.83203125 0.8837962962962963 0.026041666666666668 0.03564814814814815
11 0.6640625 0.9685185185185186 0.0265625 0.023148148148148147
8 0.8419270833333333 0.9314814814814815 0.0265625 0.026851851851851852
7 0.7067708333333333 0.6967592592592593 0.024479166666666666 0.04351851851851852