5 0.17572463768115942 0.30456026058631924 0.07729468599033816 0.09771986970684039
5 0.14915458937198067 0.16042345276872963 0.051932367149758456 0.04478827361563518
5 0.23792270531400966 0.3729641693811075 0.06521739130434782 0.08306188925081433
8 0.05615942028985507 0.1262214983713355 0.028381642512077296 0.04478827361563518
1 0.07065217391304347 0.03420195439739414 0.044082125603864736 0.06758957654723127
8 0.3254830917874396 0.1962540716612378 0.0320048309178744 0.04478827361563518
7 0.43780193236714976 0.28013029315960913 0.05434782608695652 0.11237785016286644
7 0.41243961352657005 0.16612377850162866 0.06642512077294686 0.11400651465798045
7 0.7234299516908212 0.3355048859934853 0.07729468599033816 0.08957654723127036
11 0.5289855072463768 0.4543973941368078 0.06763285024154589 0.11074918566775244
11 0.5803140096618358 0.33713355048859933 0.05314009661835749 0.09609120521172639
9 0.3351449275362319 0.9348534201954397 0.08816425120772947 0.10423452768729642
1 0.024758454106280192 0.5333876221498371 0.049516908212560384 0.04723127035830619
1 0.08272946859903382 0.5643322475570033 0.049516908212560384 0.05863192182410423
8 0.1956521739130435 0.8892508143322475 0.07004830917874397 0.1237785016286645
8 0.30434782608695654 0.8175895765472313 0.09903381642512077 0.1254071661237785
9 0.4927536231884058 0.7654723127035831 0.22705314009661837 0.46905537459283386
7 0.6346618357487923 0.9503257328990228 0.06159420289855073 0.0993485342019544