5 0.33144796380090497 0.4098613251155624 0.21832579185520362 0.23266563944530047
11 0.958710407239819 0.17719568567026195 0.04751131221719457 0.0724191063174114
11 0.7607466063348416 0.4699537750385208 0.06334841628959276 0.07395993836671803
5 0.9078054298642534 0.4098613251155624 0.08710407239819004 0.09399075500770417
5 0.8421945701357466 0.17411402157164868 0.06108597285067873 0.09861325115562404
5 0.7121040723981901 0.41448382126348227 0.06447963800904978 0.10477657935285054
5 0.7183257918552036 0.2896764252696456 0.07692307692307693 0.09553158705701079
5 0.8829185520361991 0.30277349768875195 0.1165158371040724 0.11556240369799692
9 0.9473981900452488 0.3967642526964561 0.058823529411764705 0.11864406779661017
9 0.9457013574660633 0.5408320493066255 0.07239819004524888 0.05546995377503852
9 0.8953619909502263 0.15639445300462249 0.08484162895927602 0.11556240369799692
9 0.9835972850678733 0.3682588597842835 0.032805429864253395 0.06779661016949153
9 0.994343891402715 0.4268104776579353 0.011312217194570135 0.06779661016949153
9 0.9654977375565611 0.09090909090909091 0.06900452488687783 0.11093990755007704
9 0.7624434389140271 0.19183359013867488 0.0667420814479638 0.08628659476117104
9 0.831447963800905 0.25654853620955315 0.07126696832579185 0.10015408320493066
4 0.23020361990950225 0.8482280431432974 0.09954751131221719 0.06933744221879815
4 0.3778280542986425 0.7542372881355932 0.10237556561085973 0.08089368258859785
4 0.5565610859728507 0.6463790446841294 0.09671945701357466 0.06702619414483821
4 0.45588235294117646 0.9684129429892142 0.09671945701357466 0.04930662557781202
4 0.24604072398190044 0.9583975346687211 0.05542986425339366 0.039291217257318954
4 0.17873303167420815 0.9522342064714946 0.058823529411764705 0.04391371340523883
4 0.4338235294117647 0.8775038520801233 0.08484162895927602 0.06317411402157165
7 0.22002262443438914 0.9930662557781201 0.09389140271493213 0.01386748844375963
3 0.7183257918552036 0.7018489984591679 0.07692307692307693 0.13713405238828968
3 0.9355203619909502 0.6255778120184899 0.11538461538461539 0.1140215716486903