5 0.21416666666666667 0.1271875 0.15375 0.1634375
5 0.15291666666666667 0.3509375 0.09145833333333334 0.135
5 0.06458333333333334 0.3509375 0.06229166666666667 0.1321875
5 0.3514583333333333 0.2684375 0.14541666666666667 0.160625
5 0.5254166666666666 0.273125 0.075 0.119375
5 0.34958333333333336 0.090625 0.06375 0.1215625
5 0.4845833333333333 0.0446875 0.08104166666666666 0.0890625
9 0.6747916666666667 0.38375 0.11166666666666666 0.169375
0 0.8158333333333333 0.071875 0.08041666666666666 0.1225
0 0.6204166666666666 0.4709375 0.04083333333333333 0.098125
9 0.27125 0.69125 0.0675 0.0675
9 0.3258333333333333 0.9209375 0.05416666666666667 0.065
8 0.23 0.6853125 0.0275 0.0390625
8 0.12041666666666667 0.78 0.03916666666666667 0.0203125
8 0.29333333333333333 0.8275 0.04083333333333333 0.03375
1 0.8270833333333333 0.9409375 0.031041666666666665 0.053125
1 0.7716666666666666 0.921875 0.03729166666666667 0.0440625
1 0.69625 0.818125 0.029375 0.0459375
1 0.7279166666666667 0.780625 0.019583333333333335 0.046875
1 0.8129166666666666 0.74 0.05 0.0703125
1 0.775625 0.7084375 0.054375 0.0334375
1 0.94625 0.6875 0.034791666666666665 0.0315625
1 0.8439583333333334 0.8271875 0.034791666666666665 0.0378125
1 0.7889583333333333 0.8553125 0.021458333333333333 0.0353125
1 0.8858333333333334 0.6484375 0.015208333333333334 0.0325
1 0.8610416666666667 0.621875 0.016458333333333332 0.0315625
1 0.9220833333333334 0.7134375 0.020833333333333332 0.0415625
1 0.684375 0.7475 0.026875 0.0315625
1 0.6460416666666666 0.7521875 0.020833333333333332 0.0353125
1 0.6833333333333333 0.59 0.032916666666666664 0.0325
7 0.7154166666666667 0.6359375 0.033541666666666664 0.0496875
7 0.610625 0.65875 0.02125 0.07