5 0.130126953125 0.322509765625 0.109375 0.103515625
5 0.275146484375 0.235595703125 0.30908203125 0.29345703125
4 0.57666015625 0.261474609375 0.1865234375 0.19189453125
4 0.626953125 0.124267578125 0.08447265625 0.08544921875
4 0.89501953125 0.402099609375 0.1630859375 0.07568359375
4 0.84033203125 0.274169921875 0.103515625 0.10107421875
4 0.72119140625 0.357177734375 0.09765625 0.09130859375
9 0.661865234375 0.423583984375 0.12353515625 0.03271484375
9 0.325927734375 0.63916015625 0.1318359375 0.1279296875
9 0.134033203125 0.94873046875 0.10986328125 0.1025390625
8 0.39453125 0.650146484375 0.05908203125 0.06787109375
8 0.229248046875 0.83203125 0.076171875 0.06640625
4 0.724853515625 0.846435546875 0.10986328125 0.1083984375
4 0.798583984375 0.94677734375 0.11572265625 0.1064453125
4 0.875732421875 0.7958984375 0.06787109375 0.06982421875
7 0.607177734375 0.461669921875 0.12255859375 0.04345703125