5 0.42633333333333334 0.35244444444444445 0.027333333333333334 0.11288888888888889
5 0.157 0.39511111111111114 0.06066666666666667 0.07022222222222223
5 0.17533333333333334 0.45111111111111113 0.050666666666666665 0.06933333333333333
5 0.224 0.45555555555555555 0.05266666666666667 0.072
5 0.18533333333333332 0.5128888888888888 0.06533333333333333 0.08355555555555555
5 0.11933333333333333 0.4671111111111111 0.092 0.13422222222222221
5 0.15433333333333332 0.5591111111111111 0.06466666666666666 0.08177777777777778
5 0.25633333333333336 0.5728888888888889 0.11533333333333333 0.05422222222222222
5 0.291 0.4928888888888889 0.07533333333333334 0.08444444444444445
5 0.38233333333333336 0.46044444444444443 0.09133333333333334 0.11644444444444445
11 0.8716666666666667 0.388 0.048 0.06888888888888889
0 0.85 0.4275555555555556 0.058333333333333334 0.07555555555555556
11 0.736 0.1368888888888889 0.03833333333333333 0.058222222222222224
11 0.5896666666666667 0.096 0.042 0.056
7 0.6323333333333333 0.2986666666666667 0.033 0.04755555555555555
7 0.6946666666666667 0.4493333333333333 0.043333333333333335 0.05511111111111111
11 0.7103333333333334 0.2786666666666667 0.04466666666666667 0.058222222222222224
5 0.234 0.68 0.07933333333333334 0.07466666666666667
5 0.196 0.772 0.09066666666666667 0.07866666666666666
5 0.068 0.7382222222222222 0.051666666666666666 0.04133333333333333
5 0.058333333333333334 0.7751111111111111 0.04633333333333333 0.03822222222222222
5 0.19033333333333333 0.8542222222222222 0.09766666666666667 0.08844444444444445
5 0.32966666666666666 0.9053333333333333 0.03833333333333333 0.03333333333333333
6 0.8223333333333334 0.7324444444444445 0.051 0.060444444444444446
6 0.8536666666666667 0.7053333333333334 0.036 0.04755555555555555
6 0.8213333333333334 0.7866666666666666 0.059 0.06666666666666667
6 0.8663333333333333 0.7853333333333333 0.02666666666666667 0.033777777777777775
6 0.894 0.7782222222222223 0.027333333333333334 0.04
6 0.756 0.9631111111111111 0.064 0.07377777777777778
6 0.7123333333333334 0.8862222222222222 0.08333333333333333 0.10044444444444445
6 0.8136666666666666 0.8786666666666667 0.06766666666666667 0.08844444444444445
6 0.8153333333333334 0.9368888888888889 0.054 0.058666666666666666
6 0.76 0.8195555555555556 0.027333333333333334 0.036444444444444446
6 0.7596666666666667 0.9128888888888889 0.029333333333333333 0.037333333333333336