5 0.2304 0.1517199017199017 0.1376 0.13882063882063883
7 0.7536 0.47665847665847666 0.1376 0.02457002457002457
11 0.8488 0.24815724815724816 0.0592 0.04791154791154791
11 0.9104 0.2880835380835381 0.0544 0.04176904176904177
1 0.9656 0.014742014742014743 0.0688 0.029484029484029485
1 0.3216 0.7598280098280098 0.2752 0.46867321867321865
1 0.1656 0.8495085995085995 0.0936 0.24324324324324326
1 0.0808 0.8722358722358723 0.0976 0.25552825552825553
7 0.608 0.6277641277641277 0.1008 0.06633906633906633
7 0.856 0.9754299754299754 0.1216 0.04914004914004914
8 0.9688 0.9852579852579852 0.0624 0.029484029484029485