5 0.2814285714285714 0.14127764127764128 0.11928571428571429 0.07678132678132678
5 0.19785714285714287 0.22297297297297297 0.07785714285714286 0.03746928746928747
5 0.3892857142857143 0.12592137592137592 0.10142857142857142 0.0644963144963145
8 0.05857142857142857 0.20024570024570024 0.04642857142857143 0.0343980343980344
1 0.045 0.2757985257985258 0.07142857142857142 0.0687960687960688
8 0.455 0.2819410319410319 0.05142857142857143 0.03624078624078624
7 0.9478571428571428 0.1511056511056511 0.07142857142857142 0.07616707616707617
9 0.895 0.11547911547911548 0.09285714285714286 0.07862407862407862
11 0.5978571428571429 0.3298525798525799 0.05857142857142857 0.060196560196560195
1 0.7114285714285714 0.2457002457002457 0.09 0.07493857493857493
9 0.22357142857142856 0.5024570024570024 0.07285714285714286 0.06756756756756757
9 0.009285714285714286 0.4877149877149877 0.018571428571428572 0.06633906633906633
9 0.5071428571428571 0.5122850122850123 0.09714285714285714 0.0773955773955774
8 0.2814285714285714 0.9496314496314496 0.06 0.04914004914004914
8 0.37785714285714284 0.6265356265356266 0.07142857142857142 0.052825552825552825
8 0.2935714285714286 0.5227272727272727 0.055714285714285716 0.04668304668304668
2 0.4878571428571429 0.6382063882063882 0.08142857142857143 0.06388206388206388
2 0.4342857142857143 0.726044226044226 0.11142857142857143 0.09950859950859951
0 0.08714285714285715 0.9496314496314496 0.08571428571428572 0.09582309582309582
0 0.24285714285714285 0.6492628992628993 0.06 0.0687960687960688
7 0.7292857142857143 0.6836609336609336 0.07857142857142857 0.19594594594594594