5 0.3492975734355045 0.19393382352941177 0.18007662835249041 0.38786764705882354
5 0.21519795657726692 0.27481617647058826 0.1685823754789272 0.4016544117647059
5 0.06641123882503193 0.19761029411764705 0.0772669220945083 0.17555147058823528
5 0.07598978288633461 0.41268382352941174 0.10344827586206896 0.19209558823529413
5 0.14303959131545338 0.4365808823529412 0.10664112388250319 0.14522058823529413
5 0.24010217113665389 0.4733455882352941 0.0491698595146871 0.07169117647058823
3 0.8850574712643678 0.33088235294117646 0.22924648786717752 0.18658088235294118
3 0.6979565772669221 0.4264705882352941 0.12005108556832694 0.10477941176470588
3 0.7426564495530013 0.2261029411764706 0.1123882503192848 0.07996323529411764
3 0.8231162196679438 0.21231617647058823 0.08939974457215837 0.09099264705882353
3 0.7273307790549169 0.15992647058823528 0.13282247765006386 0.09558823529411764
3 0.640485312899106 0.14981617647058823 0.10983397190293742 0.10202205882352941
3 0.7962962962962963 0.03216911764705882 0.17305236270753513 0.06433823529411764
3 0.6060025542784163 0.05422794117647059 0.11494252873563218 0.08455882352941177
8 0.23818646232439336 0.8575367647058824 0.10089399744572158 0.0974264705882353
8 0.7113665389527458 0.8474264705882353 0.06768837803320563 0.0974264705882353
8 0.8033205619412516 0.5358455882352942 0.06385696040868455 0.05330882352941176
7 0.5913154533844189 0.7849264705882353 0.06641123882503193 0.08823529411764706
7 0.5766283524904214 0.8566176470588235 0.07279693486590039 0.08639705882352941
7 0.7458492975734355 0.6599264705882353 0.08812260536398467 0.13970588235294118
7 0.48084291187739464 0.8511029411764706 0.08301404853128991 0.09926470588235294