5 0.1529224537037037 0.32040895061728397 0.10040509259259259 0.13908179012345678
1 0.5817418981481481 0.29475308641975306 0.2293113425925926 0.10262345679012345
1 0.7605613425925926 0.3157793209876543 0.0998263888888889 0.051890432098765434
1 0.5662615740740741 0.4390432098765432 0.06539351851851852 0.043402777777777776
7 0.2591145833333333 0.8751929012345679 0.14149305555555555 0.22800925925925927
8 0.5298032407407407 0.7492283950617284 0.06365740740740741 0.08622685185185185
7 0.7728587962962963 0.7397762345679012 0.07045717592592593 0.09587191358024691
8 0.5581597222222222 0.5736882716049383 0.040943287037037035 0.06076388888888889
8 0.64453125 0.7509645061728395 0.07045717592592593 0.09895833333333333
2 0.9330150462962963 0.6965663580246914 0.059027777777777776 0.07021604938271606
2 0.7047164351851852 0.6215277777777778 0.08854166666666667 0.09587191358024691
7 0.4956597222222222 0.6232638888888888 0.04991319444444445 0.06712962962962964