5 0.33619791666666665 0.10138888888888889 0.12760416666666666 0.20277777777777778
5 0.13671875 0.19074074074074074 0.14583333333333334 0.21296296296296297
5 0.165625 0.39444444444444443 0.13072916666666667 0.20925925925925926
9 0.9278645833333333 0.2412037037037037 0.07734375 0.08425925925925926
0 0.8057291666666667 0.2574074074074074 0.049479166666666664 0.04722222222222222
0 0.5651041666666666 0.15 0.06901041666666667 0.08101851851851852
8 0.9557291666666666 0.30416666666666664 0.05677083333333333 0.046296296296296294
4 0.06145833333333333 0.6953703703703704 0.0515625 0.056018518518518516
4 0.21067708333333332 0.812037037037037 0.053385416666666664 0.05787037037037037
4 0.23567708333333334 0.7439814814814815 0.04791666666666667 0.043055555555555555
7 0.15729166666666666 0.8662037037037037 0.04791666666666667 0.052314814814814814
6 0.5375 0.8569444444444444 0.08098958333333334 0.08148148148148149
6 0.5690104166666666 0.7805555555555556 0.046614583333333334 0.04583333333333333
6 0.6059895833333333 0.8189814814814815 0.04869791666666667 0.044444444444444446
6 0.6677083333333333 0.8023148148148148 0.022395833333333334 0.02546296296296296
6 0.6565104166666667 0.887962962962963 0.049479166666666664 0.05138888888888889
6 0.7565104166666666 0.9004629629629629 0.05260416666666667 0.05694444444444444
6 0.7427083333333333 0.799537037037037 0.06666666666666667 0.053703703703703705
6 0.7598958333333333 0.8305555555555556 0.03307291666666667 0.03148148148148148
6 0.7190104166666667 0.8652777777777778 0.029947916666666668 0.026851851851851852
6 0.671875 0.9300925925925926 0.07057291666666667 0.055092592592592596