5 0.20666666666666667 0.2554671968190855 0.33366666666666667 0.30119284294234594
9 0.5813333333333334 0.2778330019880716 0.12833333333333333 0.08946322067594434
9 0.9506666666666667 0.04473161033797217 0.059666666666666666 0.03479125248508946
9 0.622 0.3121272365805169 0.042666666666666665 0.037276341948310136
0 0.6763333333333333 0.15009940357852883 0.112 0.06510934393638171
0 0.698 0.11133200795228629 0.14233333333333334 0.06312127236580517
0 0.6363333333333333 0.19731610337972166 0.097 0.059145129224652086
0 0.9183333333333333 0.15059642147117297 0.095 0.0621272365805169
0 0.801 0.14214711729622267 0.08533333333333333 0.06113320079522863
0 0.8413333333333334 0.22813121272365805 0.12266666666666666 0.08300198807157058
5 0.16233333333333333 0.8290258449304175 0.092 0.1143141153081511
5 0.363 0.7226640159045725 0.07333333333333333 0.1272365805168986
0 0.489 0.6222664015904572 0.042 0.12922465208747516
0 0.4216666666666667 0.9463220675944334 0.06333333333333334 0.1073558648111332
5 0.819 0.6853876739562624 0.362 0.4125248508946322