5 0.3913333333333333 0.3195825049701789 0.31733333333333336 0.5198807157057654
7 0.7316666666666667 0.36083499005964215 0.09166666666666666 0.18986083499005965
4 0.35433333333333333 0.7181908548707754 0.08533333333333333 0.07157057654075547
4 0.24766666666666667 0.8215705765407555 0.09 0.08300198807157058
4 0.121 0.9403578528827038 0.083 0.06958250497017893
4 0.15533333333333332 0.6207753479125249 0.07833333333333334 0.052186878727634195
4 0.32466666666666666 0.6133200795228628 0.04733333333333333 0.04025844930417495
4 0.38033333333333336 0.614314115308151 0.049666666666666665 0.044234592445328035
4 0.186 0.7067594433399602 0.07333333333333333 0.06560636182902585
3 0.68 0.8866799204771372 0.07666666666666666 0.10785288270377734
3 0.6146666666666667 0.7231610337972167 0.08733333333333333 0.1143141153081511
3 0.6136666666666667 0.9040755467196819 0.057666666666666665 0.09691848906560636