5 0.05099894847528917 0.4168141592920354 0.10199789695057834 0.24601769911504426
7 0.508937960042061 0.43716814159292033 0.06519453207150368 0.10973451327433628
7 0.8580441640378549 0.13008849557522123 0.07781282860147214 0.12389380530973451
7 0.5825446898002103 0.3823008849557522 0.07045215562565721 0.12035398230088495
8 0.5021030494216614 0.268141592920354 0.033648790746582544 0.06371681415929203
8 0.5636172450052577 0.2345132743362832 0.03995793901156677 0.06017699115044248
8 0.6692954784437434 0.19911504424778761 0.027339642481598318 0.047787610619469026
8 0.7907465825446898 0.10176991150442478 0.0473186119873817 0.061946902654867256
9 0.46635120925341744 0.13628318584070798 0.05362776025236593 0.10973451327433628
9 0.6403785488958991 0.24867256637168142 0.03890641430073607 0.06902654867256637
10 0.13932702418506834 0.7654867256637168 0.2786540483701367 0.45132743362831856
9 0.9453207150368034 0.9601769911504425 0.07360672975814932 0.07964601769911504
0 0.8580441640378549 0.6539823008849558 0.08096740273396424 0.14690265486725665
0 0.880651945320715 0.5601769911504425 0.05573080967402734 0.04070796460176991
0 0.8617245005257623 0.988495575221239 0.03680336487907466 0.023008849557522124
1 0.7192429022082019 0.6707964601769911 0.03890641430073607 0.0584070796460177
6 0.617770767613039 0.631858407079646 0.046267087276550996 0.0831858407079646