5 0.1923529411764706 0.0713166144200627 0.23647058823529413 0.1426332288401254
5 0.29764705882352943 0.3463949843260188 0.1388235294117647 0.16614420062695925
5 0.04764705882352941 0.2507836990595611 0.09529411764705882 0.2476489028213166
1 0.4547058823529412 0.1669278996865204 0.04941176470588235 0.048589341692789965
1 0.5029411764705882 0.11050156739811912 0.06941176470588235 0.03605015673981191
1 0.7817647058823529 0.19435736677115986 0.18941176470588236 0.052507836990595615
1 0.7758823529411765 0.3017241379310345 0.18941176470588236 0.05877742946708464
1 0.4747058823529412 0.28605015673981193 0.0888235294117647 0.04075235109717868
1 0.5876470588235294 0.2225705329153605 0.0988235294117647 0.04310344827586207
1 0.42 0.23197492163009403 0.0611764705882353 0.05329153605015674
6 0.09176470588235294 0.5117554858934169 0.12941176470588237 0.12695924764890282
6 0.3488235294117647 0.5634796238244514 0.0811764705882353 0.0768025078369906
6 0.22411764705882353 0.6167711598746082 0.10823529411764705 0.07836990595611286
10 0.23705882352941177 0.6755485893416928 0.05764705882352941 0.07210031347962383
10 0.029411764705882353 0.6324451410658307 0.058823529411764705 0.07053291536050156
10 0.13941176470588235 0.6308777429467085 0.09647058823529411 0.0768025078369906
7 0.7335294117647059 0.5086206896551724 0.06823529411764706 0.1206896551724138
7 0.6594117647058824 0.530564263322884 0.06470588235294118 0.10658307210031348
9 0.4470588235294118 0.6010971786833855 0.052941176470588235 0.09247648902821316
9 0.7052941176470588 0.7288401253918495 0.052941176470588235 0.07993730407523511
9 0.5641176470588235 0.8103448275862069 0.07882352941176471 0.11128526645768025
8 0.7305882352941176 0.5195924764890282 0.06352941176470588 0.0877742946708464