5 0.31762652705061084 0.35655737704918034 0.33507853403141363 0.36065573770491804
2 0.7818499127399651 0.04781420765027322 0.1012216404886562 0.09562841530054644
2 0.6684118673647469 0.22950819672131148 0.04363001745200698 0.060109289617486336
9 0.9258289703315882 0.1762295081967213 0.08726003490401396 0.10109289617486339
0 0.9738219895287958 0.45901639344262296 0.05235602094240838 0.0860655737704918
2 0.6710296684118674 0.17896174863387979 0.03926701570680628 0.0546448087431694
1 0.28534031413612565 0.9453551912568307 0.08376963350785341 0.06147540983606557
1 0.16666666666666666 0.8784153005464481 0.07417102966841187 0.06284153005464481
1 0.23211169284467714 0.8442622950819673 0.06980802792321117 0.06420765027322405
1 0.34554973821989526 0.7991803278688525 0.09860383944153578 0.050546448087431695
1 0.2914485165794066 0.7472677595628415 0.06195462478184991 0.028688524590163935
1 0.3682373472949389 0.6598360655737705 0.08900523560209424 0.023224043715846996
1 0.17539267015706805 0.7431693989071039 0.07678883071553229 0.0778688524590164
1 0.08726003490401396 0.6898907103825137 0.06719022687609075 0.03415300546448088