5 0.2825 0.24205607476635513 0.565 0.31588785046728973
5 0.830625 0.24018691588785046 0.33875 0.31962616822429907
5 0.8575 0.08878504672897196 0.1725 0.17757009345794392
5 0.701875 0.16635514018691588 0.07125 0.14018691588785046
5 0.670625 0.058878504672897194 0.12125 0.11775700934579439
3 0.361875 0.4635514018691589 0.29125 0.12710280373831775
3 0.470625 0.5897196261682243 0.27875 0.3794392523364486
3 0.285 0.9205607476635514 0.08625 0.10841121495327102
3 0.476875 0.8289719626168224 0.15375 0.2560747663551402
3 0.05125 0.7934579439252336 0.1025 0.12897196261682242
3 0.1725 0.8654205607476636 0.215 0.22803738317757008
9 0.679375 0.5831775700934579 0.0325 0.08598130841121496
9 0.80875 0.43177570093457945 0.036875 0.06261682242990654
9 0.769375 0.4355140186915888 0.04 0.07102803738317758
8 0.735625 0.7728971962616823 0.033125 0.08878504672897196
4 0.64125 0.602803738317757 0.025625 0.07757009345794393
4 0.905 0.9112149532710281 0.028125 0.07757009345794393
1 0.85375 0.8046728971962617 0.0325 0.09719626168224299
7 0.854375 0.9785046728971962 0.04125 0.04299065420560748
6 0.7375 0.8467289719626169 0.026875 0.06822429906542056
0 0.89375 0.6831775700934579 0.04375 0.11401869158878504