5 0.14285714285714285 0.18 0.2857142857142857 0.31636363636363635
5 0.23132372214941022 0.31 0.12450851900393185 0.13454545454545455
5 0.08584534731323722 0.37454545454545457 0.17169069462647443 0.13090909090909092
5 0.17889908256880735 0.38636363636363635 0.18479685452162517 0.10727272727272727
5 0.3420707732634338 0.3709090909090909 0.15727391874180865 0.13818181818181818
5 0.39711664482306686 0.15272727272727274 0.0891218872870249 0.1
5 0.23263433813892528 0.42727272727272725 0.10615989515072084 0.025454545454545455
5 0.34665792922673655 0.27 0.09960681520314547 0.1
9 0.5543905635648755 0.02909090909090909 0.09174311926605505 0.05818181818181818
7 0.6153342070773263 0.12636363636363637 0.06684141546526867 0.09272727272727273
8 0.9495412844036697 0.3336363636363636 0.06684141546526867 0.08545454545454545
7 0.8473132372214941 0.025454545454545455 0.06684141546526867 0.05090909090909091
7 0.5458715596330275 0.19 0.06684141546526867 0.08727272727272728
1 0.07536041939711664 0.7990909090909091 0.061598951507208385 0.11636363636363636
1 0.1435124508519004 0.9009090909090909 0.06946264744429882 0.09818181818181818
1 0.3053735255570118 0.6181818181818182 0.16382699868938402 0.17636363636363636
1 0.24115334207077327 0.46454545454545454 0.16775884665792923 0.04909090909090909
1 0.03407601572739188 0.54 0.06815203145478375 0.11636363636363636
1 0.14482306684141547 0.6318181818181818 0.09436435124508519 0.12363636363636364
1 0.02490170380078637 0.6763636363636364 0.04980340760157274 0.13454545454545455
6 0.6690694626474443 0.85 0.399737876802097 0.3
6 0.4967234600262123 0.8463636363636363 0.05504587155963303 0.27454545454545454