5 0.09671945701357466 0.1495575221238938 0.19343891402714933 0.2991150442477876
1 0.956447963800905 0.15575221238938053 0.07070135746606335 0.036283185840707964
1 0.9604072398190046 0.11238938053097346 0.07918552036199095 0.03008849557522124
1 0.6589366515837104 0.12389380530973451 0.19061085972850678 0.05309734513274336
1 0.5735294117647058 0.1920353982300885 0.19513574660633484 0.05752212389380531
1 0.8399321266968326 0.22743362831858407 0.1001131221719457 0.035398230088495575
1 0.7980769230769231 0.17079646017699116 0.10916289592760181 0.03805309734513274
1 0.9338235294117647 0.20265486725663717 0.08936651583710407 0.04070796460176991
6 0.3173076923076923 0.6637168141592921 0.0746606334841629 0.1256637168141593
6 0.2647058823529412 0.5238938053097345 0.06108597285067873 0.09026548672566372
6 0.2171945701357466 0.6575221238938053 0.049773755656108594 0.07079646017699115
6 0.1996606334841629 0.5911504424778761 0.04751131221719457 0.07787610619469026
3 0.20079185520361992 0.4964601769911504 0.08936651583710407 0.12035398230088495
3 0.07918552036199095 0.5433628318584071 0.07918552036199095 0.1256637168141593
11 0.6176470588235294 0.7141592920353982 0.049773755656108594 0.08495575221238938
11 0.4507918552036199 0.3513274336283186 0.0418552036199095 0.09026548672566372
5 0.581447963800905 0.4415929203539823 0.08823529411764706 0.11504424778761062
5 0.7929864253393665 0.9867256637168141 0.08823529411764706 0.02654867256637168
5 0.7788461538461539 0.9230088495575222 0.06900452488687783 0.09734513274336283
5 0.5016968325791855 0.7017699115044248 0.06561085972850679 0.1168141592920354
9 0.6527149321266968 0.9300884955752212 0.14027149321266968 0.13982300884955753
9 0.9338235294117647 0.4646017699115044 0.10520361990950226 0.1433628318584071
9 0.834841628959276 0.3495575221238938 0.09276018099547512 0.10088495575221239
9 0.7211538461538461 0.34513274336283184 0.1074660633484163 0.0920353982300885
5 0.5503393665158371 0.5601769911504425 0.11764705882352941 0.1433628318584071
9 0.620475113122172 0.46106194690265484 0.06447963800904978 0.13628318584070798
9 0.6289592760180995 0.31504424778761064 0.0746606334841629 0.03185840707964602
9 0.5531674208144797 0.7292035398230089 0.08823529411764706 0.13805309734513274
7 0.6985294117647058 0.620353982300885 0.04638009049773756 0.06902654867256637
7 0.6957013574660633 0.5619469026548672 0.04638009049773756 0.07610619469026549
9 0.665158371040724 0.5 0.05542986425339366 0.0831858407079646
9 0.6860859728506787 0.4353982300884956 0.04751131221719457 0.07964601769911504
7 0.9134615384615384 0.7522123893805309 0.0667420814479638 0.09557522123893805
9 0.6346153846153846 0.815929203539823 0.10294117647058823 0.13628318584070798
9 0.7296380090497737 0.8150442477876106 0.0916289592760181 0.12389380530973451
9 0.4434389140271493 0.6699115044247788 0.027149321266968326 0.10442477876106195
9 0.49604072398190047 0.6061946902654868 0.0746606334841629 0.12035398230088495