5 0.334 0.051111111111111114 0.06266666666666666 0.09777777777777778
5 0.2866666666666667 0.027555555555555555 0.058666666666666666 0.05511111111111111
5 0.41933333333333334 0.016444444444444446 0.04533333333333334 0.03288888888888889
5 0.047 0.019555555555555555 0.043333333333333335 0.03911111111111111
5 0.012666666666666666 0.04755555555555555 0.025333333333333333 0.06844444444444445
5 0.04466666666666667 0.17866666666666667 0.08933333333333333 0.11911111111111111
5 0.10266666666666667 0.07244444444444445 0.06866666666666667 0.06311111111111112
5 0.197 0.07955555555555556 0.07733333333333334 0.0951111111111111
5 0.25633333333333336 0.16844444444444445 0.036 0.04711111111111111
5 0.346 0.16533333333333333 0.05733333333333333 0.05422222222222222
5 0.47833333333333333 0.06666666666666667 0.046 0.060444444444444446
5 0.308 0.24 0.08533333333333333 0.07111111111111111
5 0.4646666666666667 0.2737777777777778 0.04666666666666667 0.049777777777777775
9 0.775 0.30133333333333334 0.06466666666666666 0.11733333333333333
9 0.857 0.30266666666666664 0.06333333333333334 0.11466666666666667
7 0.2906666666666667 0.7782222222222223 0.041 0.06177777777777778
7 0.24466666666666667 0.9115555555555556 0.04833333333333333 0.08355555555555555
7 0.18366666666666667 0.6 0.030666666666666665 0.051111111111111114
7 0.20166666666666666 0.45866666666666667 0.03333333333333333 0.04622222222222222
7 0.3403333333333333 0.6657777777777778 0.035666666666666666 0.064
7 0.37033333333333335 0.6248888888888889 0.023 0.04622222222222222
7 0.36566666666666664 0.4146666666666667 0.037 0.052444444444444446
7 0.32 0.4746666666666667 0.04666666666666667 0.057777777777777775
7 0.3303333333333333 0.8315555555555556 0.03 0.050222222222222224
7 0.3403333333333333 0.8768888888888889 0.03233333333333333 0.04888888888888889
7 0.17933333333333334 0.7382222222222222 0.024333333333333332 0.03955555555555555
7 0.20833333333333334 0.7524444444444445 0.024333333333333332 0.06933333333333333
11 0.2996666666666667 0.9391111111111111 0.023 0.030666666666666665
11 0.20866666666666667 0.8795555555555555 0.028333333333333332 0.036
11 0.164 0.7942222222222223 0.025333333333333333 0.03333333333333333
11 0.14666666666666667 0.692 0.03233333333333333 0.051111111111111114
11 0.19133333333333333 0.8164444444444444 0.024333333333333332 0.036
11 0.142 0.92 0.030666666666666665 0.04622222222222222
11 0.383 0.7408888888888889 0.028333333333333332 0.042222222222222223
11 0.22733333333333333 0.5311111111111111 0.023666666666666666 0.05644444444444444
11 0.20166666666666666 0.5164444444444445 0.029333333333333333 0.036
11 0.17766666666666667 0.5275555555555556 0.024333333333333332 0.04088888888888889
11 0.2663333333333333 0.8564444444444445 0.024333333333333332 0.032
11 0.24633333333333332 0.7742222222222223 0.027 0.034666666666666665
11 0.436 0.492 0.027 0.04755555555555555
11 0.305 0.38755555555555554 0.023666666666666666 0.05511111111111111
11 0.25833333333333336 0.5088888888888888 0.022 0.03333333333333333
11 0.221 0.39155555555555555 0.03 0.04088888888888889
11 0.11733333333333333 0.7235555555555555 0.019 0.052444444444444446
3 0.674 0.6937777777777778 0.030666666666666665 0.09288888888888888
3 0.7973333333333333 0.8582222222222222 0.024666666666666667 0.08177777777777778
3 0.751 0.8475555555555555 0.03333333333333333 0.05422222222222222
3 0.772 0.9408888888888889 0.035333333333333335 0.05422222222222222
3 0.721 0.6137777777777778 0.06233333333333333 0.09066666666666667
3 0.632 0.5422222222222223 0.03266666666666666 0.07155555555555555
3 0.5813333333333334 0.7564444444444445 0.028666666666666667 0.06666666666666667
3 0.799 0.7102222222222222 0.02666666666666667 0.06444444444444444
7 0.7043333333333334 0.9653333333333334 0.037333333333333336 0.06888888888888889