5 0.340552118039029 0.18908489525909591 0.2789148024750119 0.25248070562293273
5 0.09662065683008092 0.2464167585446527 0.09471680152308425 0.07938257993384785
5 0.7284626368396002 0.33131201764057333 0.11756306520704426 0.12348401323042998
5 0.7905759162303665 0.026185226019845645 0.11613517372679677 0.05237045203969129
8 0.9814374107567825 0.15986769570011025 0.03712517848643503 0.06063947078280044
7 0.737743931461209 0.08241455347298787 0.06901475487862922 0.07166482910694598
7 0.8841028081865778 0.2061742006615215 0.08329366968110423 0.09977949283351709
7 0.7382198952879581 0.41345093715545755 0.1199428843407901 0.07276736493936053
11 0.27106139933365064 0.7508269018743109 0.09804854831032842 0.07690187431091511
11 0.4750118990956687 0.811742006615215 0.045454545454545456 0.06945975744211687
7 0.30747263207996195 0.679162072767365 0.05021418372203713 0.044652701212789414
7 0.17420276059019515 0.6990077177508269 0.06830080913850547 0.05705622932745314
7 0.39076630176106614 0.8067805953693495 0.12303664921465969 0.13395810363836824
7 0.14112327463112803 0.63561190738699 0.045454545454545456 0.034729878721058434
7 0.3495954307472632 0.6529768467475193 0.045454545454545456 0.04961411245865491
4 0.8158019990480724 0.6664829106945975 0.03593526891956211 0.10033076074972437