1 0.35205078125 0.727783203125 0.033935546875 0.044189453125
1 0.321044921875 0.67822265625 0.02587890625 0.0390625
1 0.354736328125 0.65576171875 0.02099609375 0.03955078125
1 0.481201171875 0.72607421875 0.04248046875 0.067626953125
1 0.44091796875 0.68603515625 0.040283203125 0.062744140625
1 0.24072265625 0.659912109375 0.0322265625 0.048828125
11 0.311279296875 0.445556640625 0.044921875 0.071044921875
11 0.4453125 0.499267578125 0.04443359375 0.062744140625
11 0.219970703125 0.505126953125 0.03955078125 0.045166015625
11 0.189208984375 0.546142578125 0.044921875 0.069091796875
11 0.300537109375 0.859130859375 0.043701171875 0.076904296875
1 0.75390625 0.693115234375 0.228515625 0.60693359375
1 0.85986328125 0.845947265625 0.0888671875 0.30810546875
1 0.92041015625 0.878662109375 0.0966796875 0.24267578125