2 0.4305555555555556 0.29555555555555557 0.2411111111111111 0.25555555555555554
2 0.5516666666666666 0.04388888888888889 0.11666666666666667 0.08777777777777777
7 0.3277777777777778 0.44 0.07666666666666666 0.07777777777777778
9 0.5777777777777777 0.29388888888888887 0.06444444444444444 0.20333333333333334
7 0.7105555555555556 0.5433333333333333 0.02388888888888889 0.06
7 0.8061111111111111 0.5016666666666667 0.025 0.05277777777777778
7 0.8527777777777777 0.41388888888888886 0.01888888888888889 0.03777777777777778
7 0.905 0.22833333333333333 0.029444444444444443 0.04111111111111111
7 0.5505555555555556 0.8255555555555556 0.11888888888888889 0.14888888888888888
7 0.42 0.8427777777777777 0.1111111111111111 0.09111111111111111
7 0.9694444444444444 0.8594444444444445 0.06111111111111111 0.10111111111111111
7 0.7538888888888889 0.8022222222222222 0.06 0.06222222222222222
8 0.7227777777777777 0.6977777777777778 0.052222222222222225 0.05555555555555555
11 0.8738888888888889 0.9177777777777778 0.04 0.04666666666666667
11 0.9061111111111111 0.7666666666666667 0.04888888888888889 0.043333333333333335
11 0.8022222222222222 0.95 0.05 0.051111111111111114
11 0.6283333333333333 0.7544444444444445 0.03666666666666667 0.057777777777777775
1 0.7783333333333333 0.7061111111111111 0.04111111111111111 0.04777777777777778
7 0.9772222222222222 0.7416666666666667 0.04555555555555556 0.043333333333333335