5 0.12682926829268293 0.2257142857142857 0.11219512195121951 0.06666666666666667
5 0.09024390243902439 0.09142857142857143 0.11951219512195121 0.18285714285714286
4 0.7189024390243902 0.13333333333333333 0.08292682926829269 0.05619047619047619
7 0.1353658536585366 0.28285714285714286 0.07560975609756097 0.047619047619047616
7 0.21951219512195122 0.3161904761904762 0.08292682926829269 0.11428571428571428
8 0.016463414634146342 0.38761904761904764 0.032926829268292684 0.07047619047619047
8 0.125 0.42857142857142855 0.04024390243902439 0.07047619047619047
8 0.19573170731707318 0.4666666666666667 0.046341463414634146 0.06666666666666667
8 0.3182926829268293 0.5085714285714286 0.03170731707317073 0.05333333333333334
9 0.07865853658536585 0.5685714285714286 0.06951219512195123 0.12
9 0.28536585365853656 0.4533333333333333 0.046341463414634146 0.07428571428571429
8 0.7774390243902439 0.6276190476190476 0.10121951219512196 0.12761904761904763
8 0.6817073170731708 0.5171428571428571 0.07439024390243902 0.09523809523809523
8 0.8146341463414634 0.44571428571428573 0.05731707317073171 0.08
8 0.9871951219512195 0.40190476190476193 0.025609756097560974 0.09142857142857143
8 0.7786585365853659 0.2895238095238095 0.06463414634146342 0.06095238095238095
8 0.5536585365853659 0.5542857142857143 0.06219512195121951 0.09714285714285714
7 0.4420731707317073 0.6752380952380952 0.025609756097560974 0.14285714285714285