5 0.33700980392156865 0.19364599092284418 0.24509803921568626 0.3358547655068079
5 0.3088235294117647 0.05068078668683813 0.16176470588235295 0.10136157337367625
5 0.21568627450980393 0.197428139183056 0.05759803921568627 0.11043872919818457
5 0.09068627450980392 0.12254160363086233 0.18137254901960784 0.20574886535552195
5 0.17892156862745098 0.4092284417549168 0.19852941176470587 0.11951588502269289
11 0.6691176470588235 0.07034795763993948 0.06004901960784314 0.0832072617246596
7 0.46568627450980393 0.2700453857791225 0.012254901960784314 0.0680786686838124
11 0.5863970588235294 0.2753403933434191 0.07352941176470588 0.08018154311649017
8 0.15441176470588236 0.7004538577912254 0.07352941176470588 0.07337367624810892
8 0.41299019607843135 0.8540090771558245 0.09313725490196079 0.1157337367624811
2 0.20036764705882354 0.9190620272314675 0.13480392156862744 0.09984871406959153
2 0.34191176470588236 0.699697428139183 0.10723039215686274 0.08623298033282904
9 0.7524509803921569 0.9568835098335855 0.10294117647058823 0.08623298033282904
9 0.8627450980392157 0.981089258698941 0.12009803921568628 0.037821482602118005
9 0.8860294117647058 0.7609682299546142 0.11274509803921569 0.16036308623298035
9 0.7487745098039216 0.6437216338880484 0.07475490196078431 0.2314674735249622
8 0.7824754901960784 0.6074130105900152 0.05392156862745098 0.08774583963691376
0 0.5821078431372549 0.9568835098335855 0.0857843137254902 0.059001512859304085
0 0.5919117647058824 0.9916792738275341 0.061274509803921566 0.01664145234493192
0 0.6825980392156863 0.716338880484115 0.0784313725490196 0.1059001512859304
0 0.9387254901960784 0.9447806354009077 0.05024509803921569 0.05597579425113464
0 0.9810049019607843 0.819213313161876 0.03799019607843137 0.10741301059001512