5 0.2825641025641026 0.2732876712328767 0.19384615384615383 0.26164383561643834
5 0.2928205128205128 0.1 0.1282051282051282 0.1136986301369863
5 0.18461538461538463 0.21506849315068494 0.041025641025641026 0.0958904109589041
5 0.09076923076923077 0.10547945205479452 0.15897435897435896 0.1643835616438356
5 0.10666666666666667 0.413013698630137 0.15692307692307692 0.14246575342465753
2 0.36153846153846153 0.4486301369863014 0.035897435897435895 0.10273972602739725
11 0.8964102564102564 0.19931506849315067 0.03538461538461538 0.05342465753424658
3 0.8830769230769231 0.4226027397260274 0.13846153846153847 0.1547945205479452
3 0.6702564102564103 0.11164383561643836 0.1117948717948718 0.11301369863013698
3 0.7815384615384615 0.4047945205479452 0.04974358974358974 0.06575342465753424
3 0.5584615384615385 0.2828767123287671 0.0558974358974359 0.0863013698630137
3 0.5441025641025641 0.13835616438356163 0.08871794871794872 0.14315068493150684
3 0.6205128205128205 0.26643835616438355 0.07230769230769231 0.13424657534246576
3 0.7041025641025641 0.30684931506849317 0.10153846153846154 0.10136986301369863
3 0.438974358974359 0.038356164383561646 0.055384615384615386 0.07671232876712329
0 0.2723076923076923 0.9041095890410958 0.04923076923076923 0.06986301369863014
9 0.6230769230769231 0.9671232876712329 0.09538461538461539 0.06575342465753424
9 0.4917948717948718 0.7691780821917809 0.07179487179487179 0.10684931506849316
9 0.4517948717948718 0.8698630136986302 0.06051282051282051 0.07534246575342465
1 0.7492307692307693 0.8705479452054794 0.05435897435897436 0.12876712328767123
1 0.6723076923076923 0.6726027397260274 0.043076923076923075 0.07397260273972603
1 0.5292307692307693 0.986986301369863 0.03076923076923077 0.026027397260273973
8 0.9830769230769231 0.9547945205479452 0.033846153846153845 0.09041095890410959
11 0.5733333333333334 0.7212328767123287 0.0758974358974359 0.1
9 0.5887179487179487 0.6506849315068494 0.11076923076923077 0.1
7 0.5482051282051282 0.8479452054794521 0.057435897435897436 0.06027397260273973
7 0.4958974358974359 0.9363013698630137 0.050256410256410255 0.06438356164383562