5 0.17822265625 0.04931640625 0.107421875 0.0986328125
5 0.247314453125 0.1435546875 0.16455078125 0.28125
7 0.87890625 0.355712890625 0.1259765625 0.10791015625
0 0.78662109375 0.216796875 0.08935546875 0.09423828125
11 0.68310546875 0.1396484375 0.0859375 0.08056640625
5 0.24169921875 0.70458984375 0.13916015625 0.0888671875
8 0.021728515625 0.7763671875 0.04345703125 0.076171875
1 0.01513671875 0.623046875 0.0302734375 0.1484375
2 0.753662109375 0.586181640625 0.20703125 0.19873046875
2 0.658203125 0.831787109375 0.16357421875 0.16796875
8 0.719970703125 0.724609375 0.0751953125 0.07177734375