5 0.12289156626506025 0.4081967213114754 0.2457831325301205 0.29180327868852457
7 0.7831325301204819 0.20327868852459016 0.08313253012048193 0.10163934426229508
7 0.5373493975903615 0.6303278688524591 0.09879518072289156 0.11147540983606558
11 0.9192771084337349 0.4278688524590164 0.0783132530120482 0.13114754098360656
11 0.9120481927710843 0.28688524590163933 0.06144578313253012 0.10163934426229508
8 0.4530120481927711 0.6336065573770492 0.04819277108433735 0.11311475409836065
3 0.22710843373493975 0.7631147540983606 0.25783132530120484 0.12622950819672132
3 0.3373493975903614 0.9704918032786886 0.07771084337349397 0.05901639344262295
3 0.11325301204819277 0.9467213114754098 0.08373493975903615 0.06721311475409836
3 0.12228915662650602 0.8352459016393443 0.1710843373493976 0.15901639344262294
3 0.22349397590361444 0.8459016393442623 0.12771084337349398 0.12131147540983607
1 0.8018072289156627 0.7565573770491804 0.09156626506024096 0.05327868852459016
1 0.8530120481927711 0.8401639344262295 0.08132530120481928 0.05327868852459016
1 0.7650602409638554 0.8450819672131148 0.0789156626506024 0.05573770491803279
1 0.6259036144578313 0.8459016393442623 0.10421686746987951 0.04426229508196721
1 0.630722891566265 0.8991803278688525 0.06867469879518072 0.02540983606557377
1 0.4807228915662651 0.9483606557377049 0.0963855421686747 0.036065573770491806
1 0.7337349397590361 0.9360655737704918 0.086144578313253 0.06639344262295081
1 0.7674698795180723 0.9918032786885246 0.07349397590361446 0.01639344262295082