5 0.248125 0.04930662557781202 0.23875 0.09861325115562404
6 0.961875 0.3258859784283513 0.07625 0.08936825885978428
6 0.94125 0.22342064714946072 0.08125 0.0847457627118644
6 0.83875 0.1856702619414484 0.03625 0.04930662557781202
6 0.924375 0.05546995377503852 0.0825 0.09861325115562404
6 0.729375 0.11016949152542373 0.11125 0.10323574730354391
6 0.73 0.04160246533127889 0.055 0.061633281972265024
6 0.816875 0.026194144838212634 0.05 0.05238828967642527
7 0.26375 0.7103235747303543 0.071875 0.11864406779661017
7 0.27 0.8536209553158706 0.081875 0.08859784283513097
7 0.1275 0.8397534668721109 0.0575 0.08551617873651772
2 0.726875 0.4345146379044684 0.11625 0.08936825885978428
2 0.855 0.6093990755007704 0.049375 0.05701078582434515
9 0.565625 0.5531587057010786 0.098125 0.09553158705701079
0 0.50875 0.8189522342064715 0.056875 0.0847457627118644
2 0.85375 0.5600924499229584 0.04375 0.05161787365177196