8 0.803125 0.2781201848998459 0.0625 0.0662557781201849
7 0.76328125 0.37673343605546994 0.0625 0.05855161787365177
4 0.23046875 0.5924499229583975 0.0703125 0.1271186440677966
4 0.17578125 0.7288135593220338 0.059375 0.09861325115562404
4 0.2046875 0.8559322033898306 0.05 0.08551617873651772
4 0.28125 0.7187981510015409 0.05546875 0.1016949152542373
4 0.30859375 0.8397534668721109 0.05703125 0.10785824345146379
4 0.29921875 0.4522342064714946 0.0546875 0.0662557781201849
7 0.21328125 0.9414483821263482 0.06328125 0.11710323574730354
4 0.16328125 0.862095531587057 0.0484375 0.07318952234206472
11 0.7875 0.7442218798151001 0.025 0.05778120184899846
11 0.75546875 0.6209553158705701 0.025 0.053929121725731895
11 0.74375 0.5639445300462249 0.01484375 0.030046224961479198
11 0.76875 0.5955315870570108 0.02890625 0.0662557781201849
1 0.8046875 0.5269645608628659 0.03984375 0.06856702619414484
1 0.8234375 0.5454545454545454 0.02890625 0.06086286594761171