5 0.22233201581027667 0.38461538461538464 0.1383399209486166 0.16863905325443787
5 0.32707509881422925 0.2411242603550296 0.08893280632411067 0.08579881656804733
5 0.1007905138339921 0.39201183431952663 0.116600790513834 0.14201183431952663
8 0.4782608695652174 0.3136094674556213 0.0533596837944664 0.07396449704142012
1 0.4901185770750988 0.16863905325443787 0.05928853754940711 0.14201183431952663
8 0.0533596837944664 0.07248520710059171 0.05928853754940711 0.07692307692307693
3 0.8656126482213439 0.2973372781065089 0.11264822134387352 0.15088757396449703
3 0.8567193675889329 0.40088757396449703 0.11067193675889328 0.13165680473372782
3 0.7509881422924901 0.31952662721893493 0.09288537549407115 0.09615384615384616
3 0.7045454545454546 0.13609467455621302 0.11264822134387352 0.1346153846153846
3 0.7806324110671937 0.23224852071005916 0.09881422924901186 0.1227810650887574
5 0.4357707509881423 0.6464497041420119 0.16798418972332016 0.15680473372781065
6 0.8201581027667985 0.9127218934911243 0.13438735177865613 0.17455621301775148
6 0.6669960474308301 0.742603550295858 0.17786561264822134 0.1804733727810651