5 0.4115 0.04375 0.147 0.0875
5 0.3655 0.26875 0.165 0.04
5 0.1715 0.260625 0.115 0.05625
5 0.2895 0.186875 0.12 0.1025
0 0.5745 0.235 0.029 0.085
0 0.659 0.229375 0.108 0.10375
9 0.032 0.618125 0.064 0.20375
7 0.285 0.67625 0.087 0.09625
2 0.531 0.93875 0.058 0.1225
3 0.701 0.659375 0.026 0.099375
3 0.804 0.435 0.0205 0.086875
3 0.7625 0.463125 0.029 0.055625
3 0.7765 0.3525 0.031 0.054375
3 0.7485 0.73125 0.0555 0.090625
3 0.6715 0.84125 0.028 0.074375
3 0.6135 0.62375 0.025 0.070625
3 0.8135 0.5975 0.023 0.068125
7 0.713 0.339375 0.032 0.090625