2 0.10388888888888889 0.43555555555555553 0.20777777777777778 0.25555555555555554
7 0.19 0.58 0.07666666666666666 0.07777777777777778
7 0.7705555555555555 0.3372222222222222 0.07277777777777777 0.07222222222222222
7 0.6333333333333333 0.33555555555555555 0.06388888888888888 0.049444444444444444
11 0.49777777777777776 0.48444444444444446 0.09111111111111111 0.105
11 0.5861111111111111 0.4922222222222222 0.051666666666666666 0.065
11 0.615 0.4072222222222222 0.029444444444444443 0.03666666666666667
11 0.5788888888888889 0.40555555555555556 0.042222222222222223 0.052222222222222225
11 0.5066666666666667 0.17333333333333334 0.03722222222222222 0.065
11 0.6511111111111111 0.26222222222222225 0.050555555555555555 0.03111111111111111
11 0.6916666666666667 0.27 0.03833333333333333 0.03388888888888889
11 0.655 0.17333333333333334 0.04055555555555555 0.042222222222222223
11 0.4688888888888889 0.3477777777777778 0.03222222222222222 0.04111111111111111
11 0.515 0.33111111111111113 0.017222222222222222 0.035555555555555556
11 0.6316666666666667 0.47444444444444445 0.03111111111111111 0.04111111111111111
11 0.6538888888888889 0.405 0.03333333333333333 0.056666666666666664
11 0.8538888888888889 0.28444444444444444 0.03111111111111111 0.04111111111111111
11 0.7633333333333333 0.2111111111111111 0.021111111111111112 0.02666666666666667
11 0.7855555555555556 0.1938888888888889 0.021111111111111112 0.035555555555555556
11 0.6866666666666666 0.049444444444444444 0.05555555555555555 0.07055555555555555
11 0.5461111111111111 0.25833333333333336 0.035555555555555556 0.042222222222222223
8 0.8322222222222222 0.5333333333333333 0.04833333333333333 0.06222222222222222
11 0.9211111111111111 0.22722222222222221 0.050555555555555555 0.052222222222222225
11 0.5927777777777777 0.11833333333333333 0.03111111111111111 0.03388888888888889
11 0.76 0.16444444444444445 0.03333333333333333 0.03
11 0.7 0.23222222222222222 0.024444444444444446 0.03
11 0.6461111111111111 0.13944444444444445 0.029444444444444443 0.049444444444444444
11 0.6666666666666666 0.12444444444444444 0.03833333333333333 0.03944444444444444
11 0.615 0.2238888888888889 0.029444444444444443 0.03277777777777778
11 0.515 0.5316666666666666 0.03722222222222222 0.04666666666666667
11 0.6833333333333333 0.5555555555555556 0.044444444444444446 0.04555555555555556
11 0.725 0.5877777777777777 0.03722222222222222 0.04833333333333333
11 0.6861111111111111 0.4772222222222222 0.023333333333333334 0.03277777777777778
9 0.1622222222222222 0.9666666666666667 0.06722222222222222 0.03111111111111111
9 0.11166666666666666 0.9222222222222223 0.06333333333333334 0.03111111111111111
9 0.25555555555555554 0.9083333333333333 0.05277777777777778 0.030555555555555555
11 0.17277777777777778 0.9422222222222222 0.03888888888888889 0.025555555555555557
11 0.057777777777777775 0.9044444444444445 0.03777777777777778 0.03222222222222222
11 0.08777777777777777 0.8794444444444445 0.04833333333333333 0.02388888888888889
11 0.04055555555555555 0.8583333333333333 0.04722222222222222 0.03111111111111111
11 0.09833333333333333 0.84 0.043333333333333335 0.020555555555555556
7 0.04555555555555556 0.9494444444444444 0.06888888888888889 0.03888888888888889
7 0.095 0.7683333333333333 0.04722222222222222 0.024444444444444446
7 0.2111111111111111 0.8766666666666667 0.041666666666666664 0.030555555555555555
8 0.1288888888888889 0.7438888888888889 0.05388888888888889 0.03666666666666667
6 0.7261111111111112 0.6994444444444444 0.1288888888888889 0.10111111111111111
6 0.9616666666666667 0.7616666666666667 0.07666666666666666 0.06111111111111111
6 0.4633333333333333 0.7672222222222222 0.06666666666666667 0.07222222222222222
6 0.8427777777777777 0.7861111111111111 0.10555555555555556 0.06555555555555556
10 0.8505555555555555 0.8288888888888889 0.058888888888888886 0.05555555555555555
10 0.6566666666666666 0.7777777777777778 0.06444444444444444 0.05444444444444444
10 0.7622222222222222 0.7877777777777778 0.09444444444444444 0.06333333333333334