5 0.36572265625 0.077880859375 0.1181640625 0.08154296875
8 0.595458984375 0.125244140625 0.04833984375 0.05419921875
8 0.45166015625 0.0078125 0.0625 0.015625
7 0.34033203125 0.15625 0.0712890625 0.06494140625
7 0.51611328125 0.200927734375 0.08740234375 0.08935546875
7 0.728271484375 0.22802734375 0.15283203125 0.12939453125
11 0.677978515625 0.04345703125 0.08837890625 0.0869140625
7 0.334228515625 0.36865234375 0.06005859375 0.0869140625
7 0.25 0.4814453125 0.080078125 0.07470703125
11 0.056640625 0.909423828125 0.07177734375 0.06787109375
11 0.0185546875 0.796875 0.037109375 0.0537109375
11 0.08349609375 0.977783203125 0.05078125 0.04443359375
11 0.534423828125 0.3896484375 0.06689453125 0.05126953125
11 0.406005859375 0.388671875 0.05126953125 0.052734375
8 0.779541015625 0.69091796875 0.10009765625 0.1064453125
8 0.9248046875 0.596923828125 0.09814453125 0.1025390625
7 0.701416015625 0.40673828125 0.064453125 0.0439453125
7 0.643798828125 0.40966796875 0.04833984375 0.05078125
7 0.9375 0.710693359375 0.0673828125 0.06298828125