5 0.24875 0.0400390625 0.4975 0.080078125
5 0.700625 0.1826171875 0.095 0.177734375
5 0.558125 0.0263671875 0.09625 0.052734375
8 0.355 0.70703125 0.0375 0.056640625
8 0.22625 0.935546875 0.03125 0.08984375
11 0.288125 0.984375 0.03375 0.03125
9 0.25375 0.8046875 0.0525 0.087890625
0 0.18 0.61328125 0.04 0.072265625
0 0.385625 0.6064453125 0.05875 0.060546875
1 0.283125 0.560546875 0.04375 0.064453125
3 0.923125 0.892578125 0.07125 0.1025390625
3 0.92875 0.78125 0.051875 0.0673828125
3 0.849375 0.8212890625 0.0425 0.0625
3 0.7875 0.8408203125 0.0775 0.185546875
3 0.920625 0.681640625 0.10375 0.125
3 0.81375 0.5849609375 0.0775 0.1005859375
3 0.83 0.5 0.08875 0.1162109375
3 0.7575 0.408203125 0.11 0.09765625
3 0.69625 0.5830078125 0.06125 0.095703125
3 0.664375 0.693359375 0.09 0.142578125
3 0.62375 0.8310546875 0.18125 0.2138671875