5 0.2845022624434389 0.1276083467094703 0.166289592760181 0.09550561797752809
11 0.7398190045248869 0.13081861958266452 0.03619909502262444 0.06260032102728733
5 0.6408371040723982 0.34109149277688605 0.0757918552036199 0.06902086677367576
5 0.9389140271493213 0.040930979133226325 0.05656108597285068 0.06260032102728733
5 0.6289592760180995 0.07945425361155699 0.04524886877828054 0.08828250401284109
5 0.6408371040723982 0.2247191011235955 0.10294117647058823 0.08025682182985554
9 0.6815610859728507 0.3451043338683788 0.03733031674208145 0.11235955056179775
9 0.6838235294117647 0.08346709470304976 0.0667420814479638 0.09630818619582665
7 0.792420814479638 0.25280898876404495 0.03733031674208145 0.04654895666131621
7 0.7754524886877828 0.3001605136436597 0.03506787330316742 0.05457463884430177
9 0.7324660633484162 0.3362760834670947 0.04411764705882353 0.056179775280898875
9 0.7364253393665159 0.39085072231139645 0.033936651583710405 0.03691813804173355
9 0.7799773755656109 0.05457463884430177 0.08710407239819004 0.08346709470304976
9 0.8676470588235294 0.10593900481540931 0.07692307692307693 0.07704654895666131
9 0.6091628959276018 0.1565008025682183 0.03959276018099547 0.08507223113964688
9 0.37952488687782804 0.9462279293739968 0.08936651583710407 0.06982343499197431
9 0.1080316742081448 0.8852327447833066 0.06334841628959276 0.0754414125200642
9 0.5622171945701357 0.7632423756019262 0.050339366515837106 0.12199036918138041
9 0.248868778280543 0.6340288924558587 0.04468325791855204 0.06019261637239166
8 0.5084841628959276 0.956661316211878 0.050339366515837106 0.06340288924558588
8 0.3552036199095023 0.8860353130016051 0.07070135746606335 0.04654895666131621
8 0.12104072398190045 0.8017656500802568 0.05203619909502263 0.056179775280898875
11 0.3897058823529412 0.6532905296950241 0.06504524886877829 0.11396468699839486
7 0.2658371040723982 0.48635634028892455 0.04807692307692308 0.06179775280898876
7 0.5542986425339367 0.6380417335473515 0.04807692307692308 0.06340288924558588
11 0.1244343891402715 0.7046548956661316 0.09276018099547512 0.06581059390048154
9 0.6323529411764706 0.9622792937399679 0.08144796380090498 0.0754414125200642
11 0.6877828054298643 0.4695024077046549 0.05203619909502263 0.07865168539325842
7 0.7115384615384616 0.9831460674157303 0.06561085972850679 0.033707865168539325
7 0.8699095022624435 0.833868378812199 0.0746606334841629 0.09470304975922954
7 0.621606334841629 0.8619582664526485 0.06447963800904978 0.07062600321027288
7 0.8834841628959276 0.43980738362760835 0.05203619909502263 0.060995184590690206
7 0.6074660633484162 0.7616372391653291 0.03619909502262444 0.09470304975922954
7 0.6657239819004525 0.7495987158908507 0.07352941176470588 0.10914927768860354
7 0.7794117647058824 0.9430176565008026 0.07013574660633484 0.08186195826645265
7 0.8484162895927602 0.6573033707865169 0.07692307692307693 0.12038523274478331
7 0.6057692307692307 0.4959871589085072 0.032805429864253395 0.0898876404494382