5 0.234375 0.13320135746606335 0.15576171875 0.13970588235294118
5 0.1875 0.45701357466063347 0.1201171875 0.08597285067873303
8 0.420166015625 0.4230769230769231 0.05126953125 0.06447963800904978
8 0.4716796875 0.3744343891402715 0.056640625 0.06787330316742081
7 0.166259765625 0.37160633484162897 0.0732421875 0.07805429864253394
7 0.343994140625 0.33088235294117646 0.09033203125 0.10690045248868778
7 0.29443359375 0.057692307692307696 0.1259765625 0.11538461538461539
9 0.549560546875 0.34247737556561086 0.09912109375 0.1578054298642534
9 0.98046875 0.45588235294117646 0.0390625 0.08823529411764706
1 0.589599609375 0.05203619909502263 0.07763671875 0.10407239819004525
1 0.661865234375 0.08484162895927602 0.05615234375 0.08993212669683258
1 0.732421875 0.04157239819004525 0.0703125 0.0831447963800905
1 0.790771484375 0.09530542986425339 0.0546875 0.057692307692307696
1 0.65185546875 0.2816742081447964 0.05859375 0.07692307692307693
8 0.871337890625 0.4004524886877828 0.08251953125 0.1170814479638009
8 0.967529296875 0.35548642533936653 0.06494140625 0.12386877828054299
3 0.27294921875 0.8936651583710408 0.2314453125 0.21266968325791855
3 0.43017578125 0.8552036199095022 0.1396484375 0.2895927601809955
3 0.364990234375 0.9536199095022625 0.27001953125 0.09276018099547512