5 0.400390625 0.3623046875 0.296875 0.134765625
1 0.9453125 0.342041015625 0.109375 0.17529296875
1 0.8310546875 0.057861328125 0.1181640625 0.11572265625
2 0.0908203125 0.817138671875 0.072265625 0.10107421875
9 0.339111328125 0.72900390625 0.09423828125 0.11279296875
9 0.253173828125 0.461669921875 0.09814453125 0.06396484375
8 0.201416015625 0.537841796875 0.08544921875 0.07470703125
8 0.2314453125 0.759765625 0.06689453125 0.0791015625
8 0.07958984375 0.452880859375 0.0595703125 0.04638671875
8 0.114501953125 0.69287109375 0.083984375 0.07861328125
9 0.433837890625 0.78564453125 0.0849609375 0.0830078125
7 0.225341796875 0.945068359375 0.09814453125 0.10986328125
7 0.418212890625 0.877685546875 0.07958984375 0.08837890625
7 0.2783203125 0.715087890625 0.07275390625 0.078125
7 0.071044921875 0.533935546875 0.07177734375 0.06298828125
7 0.293212890625 0.963623046875 0.06005859375 0.07275390625
7 0.349853515625 0.82373046875 0.05078125 0.05224609375
7 0.50927734375 0.968017578125 0.078125 0.06396484375
7 0.365234375 0.98095703125 0.044921875 0.0380859375
7 0.315185546875 0.900390625 0.05859375 0.06298828125
7 0.187255859375 0.45947265625 0.06591796875 0.0595703125
7 0.38525390625 0.594970703125 0.0849609375 0.0615234375
7 0.23974609375 0.68017578125 0.0634765625 0.05908203125
7 0.186767578125 0.717041015625 0.05859375 0.0595703125
4 0.840087890625 0.477294921875 0.14013671875 0.09521484375