5 0.2318181818181818 0.33903133903133903 0.4636363636363636 0.48148148148148145
2 0.8622727272727273 0.2656695156695157 0.27545454545454545 0.41452991452991456
5 0.21272727272727274 0.7378917378917379 0.08318181818181818 0.0584045584045584
5 0.2722727272727273 0.8098290598290598 0.09636363636363636 0.06125356125356125
5 0.40954545454545455 0.7692307692307693 0.056363636363636366 0.03133903133903134
5 0.42727272727272725 0.7984330484330484 0.049545454545454545 0.029914529914529916
5 0.29318181818181815 0.8760683760683761 0.10318181818181818 0.06908831908831908
5 0.1459090909090909 0.9323361823361823 0.04045454545454545 0.026353276353276354
7 0.7472727272727273 0.8012820512820513 0.03318181818181818 0.02492877492877493
11 0.8409090909090909 0.9301994301994302 0.028636363636363637 0.024216524216524215
11 0.8036363636363636 0.6873219373219374 0.029545454545454545 0.02207977207977208
11 0.7668181818181818 0.7742165242165242 0.031363636363636364 0.02564102564102564
11 0.6872727272727273 0.8703703703703703 0.04181818181818182 0.03133903133903134
11 0.7759090909090909 0.7977207977207977 0.03772727272727273 0.029914529914529916