5 0.28025 0.47140276941601444 0.08175 0.10445514750150511
5 0.295375 0.15939193257074052 0.080125 0.08112582781456953
5 0.26525 0.23705599036724864 0.091375 0.09993979530403371
5 0.22225 0.1366646598434678 0.051625 0.09211318482841661
5 0.1605 0.24262492474413005 0.064 0.07435279951836243
5 0.220375 0.3270620108368453 0.06775 0.10219747140276941
5 0.905625 0.13546056592414207 0.18875 0.27092113184828415
1 0.023875 0.7566225165562914 0.038125 0.060054184226369656
1 0.040875 0.5951234196267309 0.026875 0.010836845273931367
9 0.267125 0.8783865141481035 0.033875 0.041992775436484046
0 0.30375 0.7805538832028899 0.04675 0.03431667670078266
8 0.24325 0.784617700180614 0.03925 0.029801324503311258
11 0.3125 0.7164358819987959 0.020375 0.023630343166767008
11 0.217125 0.6923540036122817 0.040875 0.03687537627934979
11 0.177625 0.8281155930162553 0.02425 0.030704394942805538
11 0.2035 0.7420228777844672 0.0215 0.04515352197471403
11 0.392625 0.74894641782059 0.05 0.03898254063816978
8 0.584125 0.9158639373871162 0.0625 0.057194461167971104
7 0.7525 0.9190246839253462 0.07275 0.0930162552679109
7 0.46875 0.8568633353401566 0.0775 0.10746538229981939