5 0.161875 0.2619834710743802 0.32375 0.2958677685950413
2 0.649375 0.32148760330578513 0.14375 0.1768595041322314
8 0.751875 0.3768595041322314 0.06625 0.06611570247933884
7 0.045 0.7140495867768595 0.089375 0.17272727272727273
7 0.321875 0.8900826446280992 0.089375 0.1231404958677686
7 0.34375 0.6628099173553719 0.070625 0.05537190082644628
7 0.1975 0.812396694214876 0.083125 0.10743801652892562
7 0.208125 0.5710743801652892 0.06625 0.08677685950413223
4 0.445 0.7669421487603306 0.0425 0.05537190082644628
4 0.415 0.6429752066115703 0.049375 0.0652892561983471
4 0.37875 0.7206611570247934 0.053125 0.07355371900826446
8 0.125625 0.7231404958677686 0.045 0.0652892561983471
4 0.434375 0.7363636363636363 0.040625 0.047107438016528926
0 0.68875 0.6809917355371901 0.1075 0.13553719008264462
0 0.829375 0.515702479338843 0.11375 0.1322314049586777
1 0.75625 0.8900826446280992 0.06625 0.10578512396694215