5 0.3320610687022901 0.2506265664160401 0.13994910941475827 0.13533834586466165
5 0.23282442748091603 0.39598997493734334 0.0916030534351145 0.06641604010025062
5 0.4580152671755725 0.22305764411027568 0.11959287531806616 0.11403508771929824
8 0.06870229007633588 0.3558897243107769 0.054707379134860054 0.06140350877192982
1 0.05343511450381679 0.4899749373433584 0.08396946564885496 0.12280701754385964
8 0.5356234096692112 0.5012531328320802 0.061068702290076333 0.06390977443609022
9 0.9147582697201018 0.06641604010025062 0.10178117048346055 0.07017543859649122
9 0.9618320610687023 0.13533834586466165 0.07633587786259542 0.07017543859649122
8 0.8689567430025446 0.3208020050125313 0.089058524173028 0.07769423558897243
8 0.8829516539440203 0.4699248120300752 0.08396946564885496 0.09523809523809523
7 0.955470737913486 0.49122807017543857 0.089058524173028 0.11528822055137844
7 0.8893129770992366 0.22932330827067668 0.10178117048346055 0.08521303258145363
8 0.42748091603053434 0.843358395989975 0.08142493638676845 0.08020050125313283
0 0.916030534351145 0.6616541353383458 0.15267175572519084 0.045112781954887216