5 0.3485273492286115 0.18571428571428572 0.22580645161290322 0.21607142857142858
2 0.7664796633941094 0.21517857142857144 0.1753155680224404 0.2517857142857143
2 0.8513323983169705 0.5044642857142857 0.16269284712482468 0.16964285714285715
8 0.788218793828892 0.3919642857142857 0.07433380084151472 0.09107142857142857
9 0.31136044880785413 0.8678571428571429 0.08485273492286115 0.03125
9 0.2482468443197756 0.8142857142857143 0.09326788218793829 0.03571428571428571
7 0.1605890603085554 0.7669642857142858 0.05890603085553997 0.022321428571428572
8 0.3169705469845722 0.6205357142857143 0.07503506311360449 0.03125
8 0.3008415147265077 0.7821428571428571 0.06451612903225806 0.033035714285714286
8 0.2776998597475456 0.9 0.06030855539971949 0.026785714285714284
11 0.3856942496493689 0.9330357142857143 0.06872370266479663 0.04285714285714286
11 0.30014025245441794 0.6598214285714286 0.09467040673211781 0.04285714285714286
11 0.6129032258064516 0.6473214285714286 0.0785413744740533 0.039285714285714285
11 0.5960729312762973 0.7044642857142858 0.07082748948106592 0.03214285714285714
11 0.4908835904628331 0.6357142857142857 0.06241234221598878 0.03125
7 0.4887798036465638 0.9241071428571429 0.04628330995792426 0.019642857142857142
7 0.5427769985974754 0.9723214285714286 0.04417952314165498 0.020535714285714286
7 0.32398316970546986 0.9910714285714286 0.04628330995792426 0.017857142857142856
7 0.2131837307152875 0.91875 0.04207573632538569 0.01875
7 0.4431977559607293 0.9544642857142858 0.05049088359046283 0.02142857142857143
7 0.4740532959326788 0.9580357142857143 0.052594670406732116 0.026785714285714284
7 0.5406732117812062 0.8839285714285714 0.06661991584852735 0.02857142857142857
8 0.35273492286115005 0.80625 0.04417952314165498 0.019642857142857142
8 0.364656381486676 0.7919642857142857 0.04417952314165498 0.017857142857142856
7 0.3597475455820477 0.925 0.06451612903225806 0.02857142857142857
7 0.20336605890603085 0.8544642857142857 0.05049088359046283 0.020535714285714286
8 0.2594670406732118 0.7526785714285714 0.034361851332398316 0.015178571428571428
8 0.3078541374474053 0.7544642857142857 0.04067321178120617 0.01607142857142857
8 0.2826086956521739 0.7607142857142857 0.034361851332398316 0.015178571428571428
8 0.2538569424964937 0.775 0.034361851332398316 0.015178571428571428
8 0.27349228611500703 0.8866071428571428 0.04838709677419355 0.01875
7 0.23422159887798036 0.7830357142857143 0.056802244039270686 0.022321428571428572
7 0.25245441795231416 0.85 0.038569424964936885 0.016964285714285713
7 0.2503506311360449 0.9169642857142857 0.08274894810659186 0.0375
11 0.35273492286115005 0.8419642857142857 0.0546984572230014 0.023214285714285715
11 0.40392706872370265 0.8553571428571428 0.04628330995792426 0.019642857142857142
11 0.3800841514726508 0.8544642857142857 0.0364656381486676 0.01875
11 0.2300140252454418 0.9616071428571429 0.04067321178120617 0.01607142857142857
11 0.2713884992987377 0.94375 0.030154277699859747 0.013392857142857142
11 0.3849929873772791 0.9848214285714286 0.052594670406732116 0.016964285714285713
11 0.3744740532959327 0.9607142857142857 0.030154277699859747 0.013392857142857142
11 0.42917251051893407 0.9821428571428571 0.038569424964936885 0.016964285714285713
11 0.30504908835904626 0.8071428571428572 0.052594670406732116 0.022321428571428572
10 0.7005610098176718 0.6553571428571429 0.043478260869565216 0.11785714285714285
10 0.9123422159887798 0.8071428571428572 0.1753155680224404 0.2
10 0.9635343618513323 0.9526785714285714 0.0729312762973352 0.09464285714285714
10 0.8920056100981767 0.9008928571428572 0.13183730715287517 0.12678571428571428