5 0.25060240963855424 0.45486725663716815 0.1427710843373494 0.24690265486725663
10 0.6475903614457831 0.3805309734513274 0.22108433734939759 0.4230088495575221
10 0.8331325301204819 0.363716814159292 0.19457831325301206 0.3920353982300885
10 0.9753012048192771 0.4176991150442478 0.04939759036144578 0.15575221238938053
10 0.6572289156626506 0.5902654867256637 0.23072289156626505 0.17876106194690267
10 0.513855421686747 0.384070796460177 0.06445783132530121 0.16371681415929204
10 0.472289156626506 0.26371681415929205 0.04578313253012048 0.1831858407079646
8 0.41686746987951806 0.7194690265486726 0.06506024096385542 0.07964601769911504
7 0.40963855421686746 0.9442477876106194 0.07951807228915662 0.11150442477876106
7 0.030120481927710843 0.7 0.060240963855421686 0.04070796460176991
7 0.0927710843373494 0.9362831858407079 0.05421686746987952 0.07256637168141593
8 0.2921686746987952 0.7141592920353982 0.06626506024096386 0.06902654867256637