5 0.2640625 0.4303921568627451 0.14375 0.1980392156862745
5 0.37734375 0.2823529411764706 0.092578125 0.15931372549019607
5 0.43984375 0.3411764705882353 0.07109375 0.14460784313725492
5 0.211328125 0.2235294117647059 0.137109375 0.20637254901960783
5 0.08984375 0.1034313725490196 0.077734375 0.13872549019607844
5 0.15703125 0.3813725490196078 0.069921875 0.13676470588235295
5 0.044921875 0.3377450980392157 0.07890625 0.1264705882352941
8 0.504296875 0.05 0.02890625 0.07450980392156863
8 0.59765625 0.1568627450980392 0.0671875 0.08431372549019608
9 0.5953125 0.3769607843137255 0.1 0.12941176470588237
9 0.665625 0.15980392156862744 0.140625 0.2019607843137255
7 0.546875 0.12450980392156863 0.0625 0.0803921568627451
7 0.505078125 0.12401960784313726 0.03046875 0.07352941176470588
7 0.330078125 0.7892156862745098 0.07421875 0.07058823529411765
7 0.116796875 0.9186274509803921 0.071875 0.0696078431372549
0 0.176171875 0.8102941176470588 0.062109375 0.054411764705882354
0 0.355078125 0.7053921568627451 0.05234375 0.04607843137254902
11 0.342578125 0.6460784313725491 0.05 0.039705882352941174
9 0.56484375 0.796078431372549 0.0640625 0.08529411764705883
8 0.500390625 0.8200980392156862 0.02109375 0.07352941176470588
0 0.663671875 0.6352941176470588 0.06953125 0.09117647058823529
0 0.6609375 0.5642156862745098 0.0484375 0.06372549019607843
0 0.67578125 0.961764705882353 0.04609375 0.059803921568627454
0 0.621875 0.8333333333333334 0.034375 0.052941176470588235
1 0.762109375 0.6759803921568628 0.0328125 0.03823529411764706
6 0.839453125 0.6779411764705883 0.0390625 0.05196078431372549