5 0.25388198757763975 0.23756432246998285 0.13354037267080746 0.11320754716981132
5 0.039596273291925464 0.30102915951972553 0.07919254658385093 0.09433962264150944
5 0.32375776397515527 0.1097770154373928 0.046583850931677016 0.03945111492281304
5 0.27872670807453415 0.30445969125214406 0.062111801242236024 0.0411663807890223
5 0.30201863354037267 0.34305317324185247 0.07453416149068323 0.051457975986277875
5 0.3144409937888199 0.41080617495711835 0.12422360248447205 0.07375643224699828
5 0.40372670807453415 0.33704974271012006 0.031055900621118012 0.09433962264150944
5 0.40139751552795033 0.4099485420240137 0.03571428571428571 0.07547169811320754
5 0.21739130434782608 0.06174957118353345 0.07298136645962733 0.07547169811320754
5 0.1281055900621118 0.10463121783876501 0.07763975155279502 0.07375643224699828
5 0.17080745341614906 0.25471698113207547 0.049689440993788817 0.09948542024013722
5 0.17003105590062112 0.3653516295025729 0.07298136645962733 0.058319039451114926
5 0.09627329192546584 0.2555746140651801 0.06987577639751552 0.10634648370497427
5 0.07996894409937888 0.42710120068610635 0.08850931677018634 0.0634648370497427
5 0.007763975155279503 0.04202401372212693 0.015527950310559006 0.06689536878216124
5 0.033385093167701864 0.120926243567753 0.043478260869565216 0.04288164665523156
5 0.039596273291925464 0.16981132075471697 0.03571428571428571 0.0411663807890223
5 0.013975155279503106 0.241852487135506 0.027950310559006212 0.0686106346483705
5 0.031055900621118012 0.39193825042881647 0.05124223602484472 0.05317324185248713
5 0.17468944099378883 0.3216123499142367 0.13509316770186336 0.06174957118353345
5 0.38198757763975155 0.27530017152658665 0.07453416149068323 0.07032590051457976
4 0.6661490683229814 0.22727272727272727 0.10947204968944099 0.12264150943396226
7 0.3307453416149068 0.7118353344768439 0.059006211180124224 0.08747855917667238
7 0.08074534161490683 0.7392795883361921 0.062111801242236024 0.07890222984562607
8 0.8858695652173914 0.6878216123499142 0.059006211180124224 0.06689536878216124
8 0.6630434782608695 0.6878216123499142 0.07298136645962733 0.09777015437392796
8 0.5450310559006211 0.7229845626072041 0.04503105590062112 0.07032590051457976
8 0.5093167701863354 0.8156089193825042 0.04813664596273292 0.0548885077186964
8 0.7779503105590062 0.7332761578044596 0.05124223602484472 0.0634648370497427
2 0.6327639751552795 0.7787307032590052 0.08850931677018634 0.08747855917667238
1 0.6995341614906833 0.9408233276157805 0.09472049689440994 0.09948542024013722
1 0.7406832298136646 0.8336192109777015 0.09627329192546584 0.06518010291595197
1 0.6964285714285714 0.5600343053173242 0.059006211180124224 0.06174957118353345
11 0.9813664596273292 0.6466552315608919 0.037267080745341616 0.048027444253859346
8 0.5077639751552795 0.7718696397941681 0.049689440993788817 0.060034305317324184
11 0.8315217391304348 0.6209262435677531 0.06366459627329192 0.07032590051457976