5 0.228759765625 0.28515625 0.095703125 0.0859375
5 0.128173828125 0.153564453125 0.25634765625 0.22021484375
7 0.50048828125 0.57275390625 0.0615234375 0.1279296875
11 0.578125 0.180419921875 0.06787109375 0.12255859375
11 0.827880859375 0.4033203125 0.0751953125 0.1005859375
11 0.9521484375 0.61865234375 0.0693359375 0.0419921875
0 0.11474609375 0.655517578125 0.0927734375 0.03173828125
11 0.69287109375 0.824951171875 0.041015625 0.05078125
7 0.496826171875 0.72900390625 0.05419921875 0.12109375
7 0.48046875 0.836669921875 0.021484375 0.07958984375
7 0.70654296875 0.75634765625 0.07373046875 0.06103515625