11 0.3148717948717949 0.1506849315068493 0.038974358974358976 0.06027397260273973
5 0.4241025641025641 0.014383561643835616 0.07487179487179488 0.028767123287671233
5 0.08051282051282051 0.2589041095890411 0.07076923076923076 0.09178082191780822
5 0.1276923076923077 0.18904109589041096 0.05641025641025641 0.06301369863013699
5 0.4087179487179487 0.21506849315068494 0.04923076923076923 0.08356164383561644
9 0.21384615384615385 0.29383561643835615 0.11487179487179487 0.13561643835616438
5 0.41333333333333333 0.09041095890410959 0.10153846153846154 0.08767123287671233
9 0.38769230769230767 0.015753424657534248 0.04512820512820513 0.031506849315068496
9 0.3605128205128205 0.20136986301369864 0.06974358974358974 0.09452054794520548
7 0.28 0.038356164383561646 0.03794871794871795 0.04657534246575343
7 0.2994871794871795 0.0136986301369863 0.036923076923076927 0.0273972602739726
7 0.07333333333333333 0.011643835616438357 0.05435897435897436 0.023287671232876714
9 0.2712820512820513 0.20753424657534247 0.08717948717948718 0.0863013698630137
9 0.19794871794871796 0.14726027397260275 0.07692307692307693 0.07945205479452055
9 0.4753846153846154 0.24315068493150685 0.048205128205128206 0.06986301369863014
9 0.44153846153846155 0.15547945205479452 0.05846153846153846 0.0821917808219178
9 0.658974358974359 0.30273972602739724 0.09948717948717949 0.11095890410958904
9 0.9251282051282051 0.40616438356164386 0.10461538461538461 0.026027397260273973
9 0.8235897435897436 0.40684931506849314 0.06358974358974359 0.024657534246575342
9 0.7302564102564103 0.17191780821917807 0.08615384615384615 0.1
9 0.9728205128205129 0.37465753424657533 0.05435897435897436 0.08904109589041095
1 0.5282051282051282 0.37945205479452054 0.057435897435897436 0.07945205479452055
1 0.7533333333333333 0.2952054794520548 0.033846153846153845 0.0589041095890411
8 0.7728205128205128 0.04315068493150685 0.06051282051282051 0.06712328767123288
7 0.7835897435897435 0.3643835616438356 0.052307692307692305 0.0684931506849315
9 0.14 0.839041095890411 0.057435897435897436 0.08356164383561644
9 0.017948717948717947 0.7726027397260274 0.035897435897435895 0.06027397260273973
9 0.07487179487179488 0.8226027397260274 0.06461538461538462 0.09863013698630137
9 0.3425641025641026 0.5232876712328767 0.12102564102564102 0.14246575342465753
8 0.43846153846153846 0.6643835616438356 0.041025641025641026 0.052054794520547946
8 0.4928205128205128 0.6773972602739726 0.013333333333333334 0.050684931506849315
11 0.07794871794871795 0.4534246575342466 0.031794871794871796 0.049315068493150684
11 0.12205128205128205 0.6089041095890411 0.03794871794871795 0.038356164383561646
11 0.18923076923076923 0.6376712328767123 0.03794871794871795 0.036986301369863014
11 0.18769230769230769 0.576027397260274 0.04512820512820513 0.052054794520547946
9 0.13076923076923078 0.5458904109589041 0.0441025641025641 0.049315068493150684
8 0.5230769230769231 0.9321917808219178 0.04717948717948718 0.08356164383561644
8 0.735897435897436 0.8986301369863013 0.06051282051282051 0.06301369863013699
11 0.6856410256410257 0.7458904109589041 0.046153846153846156 0.06712328767123288
11 0.5728205128205128 0.4301369863013699 0.035897435897435895 0.021917808219178082
11 0.6128205128205129 0.5246575342465754 0.041025641025641026 0.045205479452054796
11 0.578974358974359 0.6986301369863014 0.0441025641025641 0.07397260273972603
11 0.6558974358974359 0.9184931506849315 0.0441025641025641 0.04794520547945205
7 0.6748717948717948 0.8486301369863014 0.06769230769230769 0.08356164383561644
7 0.5558974358974359 0.8589041095890411 0.06358974358974359 0.08904109589041095