5 0.31423076923076926 0.437066974595843 0.07 0.10046189376443418
5 0.2988461538461539 0.33833718244803695 0.10076923076923076 0.12240184757505773
5 0.23461538461538461 0.4053117782909931 0.07846153846153846 0.10508083140877598
5 0.17653846153846153 0.25635103926096997 0.09384615384615384 0.09006928406466513
5 0.2773076923076923 0.2176674364896074 0.10153846153846154 0.11778290993071594
1 0.975 0.17263279445727484 0.04961538461538462 0.03868360277136259
1 0.6111538461538462 0.1564665127020785 0.058076923076923075 0.03695150115473441
1 0.8057692307692308 0.2823325635103926 0.07423076923076923 0.04214780600461894
7 0.525 0.3579676674364896 0.060384615384615384 0.04214780600461894
7 0.8042307692307692 0.34122401847575057 0.055 0.04676674364896074
7 0.9903846153846154 0.13914549653579678 0.019230769230769232 0.03868360277136259
11 0.7426923076923077 0.2546189376443418 0.05384615384615385 0.04387990762124711
11 0.8807692307692307 0.2956120092378753 0.05076923076923077 0.03983833718244804
11 0.7661538461538462 0.4295612009237875 0.06230769230769231 0.03868360277136259
11 0.31846153846153846 0.6235565819861432 0.061153846153846156 0.09064665127020785
11 0.24961538461538463 0.7788683602771362 0.10423076923076922 0.1426096997690531
11 0.16653846153846155 0.9093533487297921 0.11346153846153846 0.1033487297921478
11 0.13153846153846155 0.8135103926096998 0.09307692307692307 0.10103926096997691
11 0.16115384615384615 0.710161662817552 0.075 0.11893764434180139
11 0.1373076923076923 0.5883371824480369 0.0726923076923077 0.08775981524249422
7 0.09423076923076923 0.6766743648960739 0.06807692307692308 0.09295612009237875
9 0.6723076923076923 0.7777136258660509 0.17 0.21247113163972287
2 0.5065384615384615 0.8112009237875288 0.057692307692307696 0.10161662817551963
2 0.5030769230769231 0.7124711316397229 0.06076923076923077 0.10508083140877598
2 0.9207692307692308 0.9445727482678984 0.08923076923076922 0.11085450346420324
7 0.7111538461538461 0.6189376443418014 0.08615384615384615 0.12240184757505773
7 0.47192307692307695 0.9682448036951501 0.10538461538461538 0.06351039260969978
7 0.573076923076923 0.5681293302540416 0.09384615384615384 0.057736720554272515