5 0.409 0.3275347912524851 0.242 0.42445328031809143
3 0.7106666666666667 0.23210735586481113 0.04933333333333333 0.08846918489065607
3 0.892 0.13767395626242546 0.04066666666666666 0.0775347912524851
3 0.8296666666666667 0.12872763419483102 0.048666666666666664 0.05864811133200795
3 0.8683333333333333 0.05666003976143141 0.050666666666666665 0.05864811133200795
3 0.7636666666666667 0.3190854870775348 0.09 0.09940357852882704
3 0.6383333333333333 0.34642147117296224 0.04933333333333333 0.07157057654075547
3 0.5953333333333334 0.1426441351888668 0.044 0.06660039761431412
3 0.8776666666666667 0.2659045725646123 0.04133333333333333 0.0636182902584493
7 0.7823333333333333 0.02186878727634195 0.056666666666666664 0.0437375745526839
8 0.193 0.8832007952286283 0.07066666666666667 0.06958250497017893
8 0.2803333333333333 0.9478131212723658 0.04933333333333333 0.04920477137176938
8 0.219 0.7455268389662028 0.047 0.04721669980119284
8 0.405 0.7659045725646123 0.051666666666666666 0.053180914512922464
8 0.119 0.6645129224652088 0.059 0.073558648111332
4 0.44533333333333336 0.8802186878727635 0.073 0.06113320079522863
4 0.29333333333333333 0.6008946322067594 0.06133333333333333 0.045228628230616304
4 0.239 0.6749502982107356 0.06833333333333333 0.06113320079522863
4 0.06366666666666666 0.7922465208747514 0.06366666666666666 0.0775347912524851
9 0.5016666666666667 0.7032803180914513 0.056666666666666664 0.073558648111332
11 0.7233333333333334 0.9895626242544732 0.04533333333333334 0.020874751491053677
11 0.6146666666666667 0.8295228628230616 0.03133333333333333 0.04970178926441352
11 0.7563333333333333 0.9179920477137177 0.04133333333333333 0.06759443339960239
11 0.6913333333333334 0.8941351888667992 0.037333333333333336 0.05666003976143141
8 0.6613333333333333 0.94831013916501 0.036 0.04473161033797217
7 0.907 0.7480119284294234 0.036 0.06660039761431412