5 0.24033333333333334 0.1721162579473206 0.3873333333333333 0.3442325158946412
11 0.953 0.3446866485013624 0.059333333333333335 0.029064486830154404
11 0.9356666666666666 0.4659400544959128 0.057666666666666665 0.04632152588555858
11 0.8576666666666667 0.4214350590372389 0.062 0.07220708446866485
11 0.6513333333333333 0.37556766575840145 0.049 0.05404178019981835
1 0.6823333333333333 0.09037238873751136 0.048 0.04632152588555858
8 0.24233333333333335 0.6721162579473207 0.05466666666666667 0.08991825613079019
7 0.05333333333333334 0.9168937329700273 0.10666666666666667 0.13169845594913715
7 0.729 0.888283378746594 0.051333333333333335 0.06766575840145322
7 0.7763333333333333 0.7415985467756585 0.05366666666666667 0.06584922797456857
7 0.8013333333333333 0.6616712079927338 0.036333333333333336 0.08265213442325159
7 0.816 0.8260672116257948 0.03 0.07220708446866485
7 0.6136666666666667 0.8060853769300635 0.044333333333333336 0.07311534968210717
9 0.6606666666666666 0.860127157129882 0.059666666666666666 0.1516802906448683
9 0.568 0.8737511353315168 0.04 0.08083560399636694