11 0.1832579185520362 0.10067567567567567 0.04751131221719457 0.062162162162162166
5 0.373868778280543 0.10743243243243243 0.030542986425339366 0.06891891891891892
5 0.08653846153846154 0.17905405405405406 0.06108597285067873 0.08648648648648649
9 0.3082579185520362 0.22432432432432434 0.1346153846153846 0.14594594594594595
5 0.06957013574660634 0.057432432432432436 0.11538461538461539 0.09864864864864865
9 0.13857466063348417 0.15743243243243243 0.083710407239819 0.1
9 0.23642533936651583 0.15 0.10067873303167421 0.09594594594594595
9 0.31108597285067874 0.07905405405405405 0.08823529411764706 0.08783783783783784
9 0.02262443438914027 0.2168918918918919 0.04524886877828054 0.07432432432432433
9 0.04468325791855204 0.12567567567567567 0.07013574660633484 0.08783783783783784
1 0.6883484162895928 0.1885135135135135 0.0333710407239819 0.02027027027027027
1 0.708710407239819 0.25067567567567567 0.040158371040723985 0.019594594594594596
1 0.7714932126696833 0.15202702702702703 0.040158371040723985 0.02702702702702703
1 0.620475113122172 0.19324324324324324 0.0418552036199095 0.02364864864864865
1 0.7449095022624435 0.22837837837837838 0.03619909502262444 0.02027027027027027
1 0.6035067873303167 0.13108108108108107 0.03619909502262444 0.02364864864864865
1 0.7121040723981901 0.12905405405405404 0.07805429864253394 0.03986486486486487
8 0.3388009049773756 0.7912162162162162 0.10067873303167421 0.1445945945945946
1 0.25 0.41486486486486485 0.06334841628959276 0.02972972972972973
6 0.01753393665158371 0.7993243243243243 0.03506787330316742 0.07702702702702703
4 0.8812217194570136 0.4560810810810811 0.10067873303167421 0.11148648648648649
4 0.8099547511312217 0.5277027027027027 0.09445701357466063 0.13513513513513514
4 0.6085972850678733 0.6648648648648648 0.1074660633484163 0.14391891891891892
7 0.6623303167420814 0.6162162162162163 0.07805429864253394 0.11621621621621622
4 0.7918552036199095 0.7371621621621621 0.12669683257918551 0.15337837837837837