5 0.14707282246549264 0.33131201764057333 0.07758210376011423 0.08434399117971333
5 0.11446930033317468 0.12458654906284454 0.07448833888624465 0.06835722160970231
5 0.14612089481199428 0.17089305402425578 0.08567348881485007 0.08351708930540243
5 0.17872441694431224 0.09509371554575524 0.05069014754878629 0.07001102535832414
5 0.24059971442170394 0.15380374862183022 0.05997144217039505 0.06091510474090408
5 0.1920514040932889 0.22243660418963615 0.06473108043788672 0.07965821389195149
9 0.7563065207044265 0.1515986769570011 0.06306520704426463 0.05650496141124586
2 0.5680628272251309 0.20203969128996693 0.04521656354117087 0.04988974641675854
2 0.7075202284626368 0.2119625137816979 0.046406473108043786 0.05650496141124586
2 0.4464540694907187 0.14994487320837926 0.03212755830556878 0.03555678059536935
2 0.5816277962874822 0.10997794928335171 0.03926701570680628 0.061190738699007714
8 0.737743931461209 0.087651598676957 0.047596382674916705 0.03996692392502756
5 0.057829604950023795 0.9302646085997794 0.11565920990004759 0.09867695700110253
8 0.2370299857210852 0.756890848952591 0.050928129462160875 0.06449834619625137
8 0.17301285102332223 0.9713340683572216 0.06330318895763921 0.05733186328555678
8 0.2620180866254165 0.6827453142227122 0.061399333650642554 0.06725468577728776
7 0.016658733936220846 0.8641124586549063 0.03331746787244169 0.07772877618522601
7 0.13112803426939554 0.7232635060639471 0.0894811994288434 0.1063947078280044
7 0.014278914802475012 0.5151598676957001 0.028557829604950024 0.12183020948180816
9 0.5292717753450737 0.5115766262403528 0.06520704426463589 0.08654906284454245
9 0.9083769633507853 0.461135611907387 0.04902427415516421 0.06863285556780595
2 0.6882436934792956 0.6507717750826902 0.07329842931937172 0.1063947078280044
11 0.6889576392194193 0.7731532524807057 0.0752022846263684 0.08379272326350606
8 0.8812470252260828 0.4159316427783903 0.035221323179438366 0.03252480705622933
8 0.6630176106615897 0.7100330760749725 0.03236554021894336 0.04658213891951488
0 0.5763921941932413 0.7362183020948181 0.0461684911946692 0.058710033076074974
0 0.9169443122322704 0.6069459757442117 0.07686815801999049 0.14884233737596472