5 0.3365 0.13416666666666666 0.032625 0.034
5 0.319625 0.15483333333333332 0.03075 0.034333333333333334
5 0.38325 0.14583333333333334 0.024625 0.036333333333333336
5 0.1955 0.21766666666666667 0.0275 0.019333333333333334
5 0.19125 0.19766666666666666 0.021125 0.0205
5 0.2095 0.18433333333333332 0.022375 0.021166666666666667
5 0.182375 0.1785 0.0285 0.024
5 0.165875 0.2075 0.03775 0.04083333333333333
5 0.15925 0.17183333333333334 0.02625 0.028666666666666667
5 0.099375 0.142 0.025 0.0335
5 0.151625 0.13266666666666665 0.0195 0.020166666666666666
5 0.1885 0.13166666666666665 0.049875 0.0425
5 0.228125 0.15716666666666668 0.03425 0.022833333333333334
5 0.27075 0.143 0.039375 0.033666666666666664
5 0.2885 0.10716666666666666 0.01825 0.0165
5 0.329875 0.09666666666666666 0.02875 0.019666666666666666
5 0.401125 0.11066666666666666 0.023625 0.021333333333333333
5 0.132625 0.1205 0.028125 0.0235
5 0.304625 0.078 0.0425 0.026333333333333334
5 0.373 0.04716666666666667 0.023375 0.017833333333333333
7 0.809875 0.031 0.03825 0.030833333333333334
7 0.725875 0.0095 0.04075 0.019
7 0.883125 0.09283333333333334 0.0395 0.029666666666666668
7 0.823 0.12566666666666668 0.018125 0.023333333333333334
7 0.72375 0.10483333333333333 0.025 0.021833333333333333
7 0.548 0.12833333333333333 0.040125 0.0265
11 0.8465 0.12833333333333333 0.02125 0.026
11 0.81325 0.101 0.032625 0.027666666666666666
11 0.685125 0.0795 0.025625 0.0185
11 0.820875 0.06666666666666667 0.025 0.022833333333333334
11 0.709 0.15866666666666668 0.040125 0.03233333333333333
7 0.765 0.1185 0.03575 0.027666666666666666
7 0.804875 0.13633333333333333 0.0345 0.0265
7 0.647625 0.0395 0.025625 0.020666666666666667
7 0.6395 0.1225 0.04075 0.0355
7 0.746625 0.10483333333333333 0.030125 0.0335
7 0.705875 0.109 0.023125 0.019666666666666666
8 0.074875 0.6938333333333333 0.04175 0.06666666666666667
8 0.112 0.7581666666666667 0.032 0.064
8 0.09875 0.8821666666666667 0.06475 0.068
7 0.2665 0.863 0.077 0.108
7 0.2565 0.5205 0.04975 0.09666666666666666
7 0.03 0.5066666666666667 0.06 0.16333333333333333
7 0.019125 0.6131666666666666 0.03825 0.07633333333333334
7 0.077 0.44116666666666665 0.042 0.059666666666666666
7 0.014125 0.9478333333333333 0.02825 0.10433333333333333
8 0.76925 0.9288333333333333 0.03275 0.07116666666666667
7 0.6715 0.5981666666666666 0.034 0.06566666666666666
7 0.861375 0.8286666666666667 0.033375 0.06133333333333333
7 0.840625 0.8508333333333333 0.03275 0.05383333333333333
7 0.6925 0.9165 0.040875 0.04633333333333333
7 0.78775 0.6386666666666667 0.0245 0.04733333333333333
7 0.6815 0.49266666666666664 0.04025 0.051666666666666666
7 0.601375 0.5006666666666667 0.025125 0.04516666666666667
11 0.718625 0.6176666666666667 0.025125 0.03983333333333333