5 0.2560240963855422 0.35221238938053095 0.29759036144578316 0.2336283185840708
9 0.8602409638554217 0.3787610619469027 0.1216867469879518 0.17876106194690267
8 0.9253012048192771 0.3743362831858407 0.051807228915662654 0.0920353982300885
7 0.786144578313253 0.12300884955752213 0.07590361445783132 0.07964601769911504
0 0.2644578313253012 0.727433628318584 0.09156626506024096 0.11769911504424779
7 0.3036144578313253 0.6097345132743363 0.04156626506024096 0.05752212389380531
7 0.20903614457831327 0.7504424778761062 0.051807228915662654 0.07168141592920355
7 0.3409638554216867 0.6530973451327433 0.06325301204819277 0.08672566371681416
8 0.763855421686747 0.6522123893805309 0.06626506024096386 0.09557522123893805
8 0.6789156626506024 0.6761061946902654 0.05783132530120482 0.07964601769911504
8 0.5897590361445784 0.6823008849557523 0.03975903614457831 0.06548672566371681
1 0.6704819277108434 0.4814159292035398 0.04939759036144578 0.024778761061946902
1 0.7180722891566265 0.54070796460177 0.04819277108433735 0.06725663716814159
1 0.7409638554216867 0.5964601769911504 0.046987951807228916 0.05486725663716814
7 0.8572289156626506 0.8495575221238938 0.05903614457831325 0.10442477876106195
7 0.8837349397590362 0.9690265486725663 0.04457831325301205 0.061946902654867256
7 0.7656626506024097 0.9831858407079646 0.03975903614457831 0.033628318584070796
7 0.8156626506024096 0.6044247787610619 0.03734939759036145 0.05663716814159292