5 0.137451171875 0.425048828125 0.24951171875 0.12939453125
11 0.97412109375 0.31787109375 0.0517578125 0.0517578125
11 0.902099609375 0.33056640625 0.0595703125 0.091796875
2 0.234130859375 0.709228515625 0.09619140625 0.14990234375
11 0.540283203125 0.63330078125 0.042724609375 0.051025390625
9 0.5517578125 0.72265625 0.087890625 0.100341796875
9 0.39404296875 0.7626953125 0.029052734375 0.06689453125
9 0.590576171875 0.59375 0.039794921875 0.073486328125
9 0.417724609375 0.637451171875 0.058349609375 0.0712890625
11 0.764404296875 0.862548828125 0.0634765625 0.04150390625
11 0.72216796875 0.600341796875 0.0556640625 0.04248046875
9 0.908447265625 0.696044921875 0.02734375 0.037109375
5 0.815673828125 0.49853515625 0.07861328125 0.017578125
5 0.7666015625 0.657958984375 0.076171875 0.06005859375
5 0.85205078125 0.675048828125 0.111328125 0.0830078125
5 0.7216796875 0.739990234375 0.07421875 0.05322265625
5 0.764892578125 0.818115234375 0.0888671875 0.06396484375
7 0.9921875 0.9140625 0.015625 0.0498046875
7 0.98876953125 0.74072265625 0.0224609375 0.04296875
7 0.936279296875 0.7646484375 0.056640625 0.04833984375
7 0.97998046875 0.961181640625 0.0400390625 0.03759765625
9 0.83251953125 0.866943359375 0.06884765625 0.0537109375
9 0.8349609375 0.770263671875 0.078125 0.04833984375
9 0.660888671875 0.792724609375 0.04248046875 0.05126953125