5 0.23828125 0.054931640625 0.3466796875 0.10986328125
1 0.949951171875 0.36328125 0.10009765625 0.11328125
1 0.737060546875 0.2236328125 0.087890625 0.0830078125
1 0.77197265625 0.3466796875 0.0888671875 0.12353515625
1 0.65869140625 0.10107421875 0.07861328125 0.1220703125
7 0.377685546875 0.787841796875 0.134765625 0.10791015625
7 0.253173828125 0.82373046875 0.07666015625 0.07373046875
9 0.282958984375 0.546630859375 0.05712890625 0.11572265625
9 0.2294921875 0.71044921875 0.13525390625 0.1416015625
3 0.785400390625 0.885986328125 0.19189453125 0.22802734375
3 0.745849609375 0.672607421875 0.1435546875 0.12451171875
3 0.96923828125 0.817626953125 0.0615234375 0.23193359375
3 0.869384765625 0.684326171875 0.20751953125 0.291015625