2 0.06555555555555556 0.2811111111111111 0.13111111111111112 0.28888888888888886
7 0.15777777777777777 0.34055555555555556 0.08777777777777777 0.08888888888888889
7 0.8011111111111111 0.21333333333333335 0.09222222222222222 0.07222222222222222
7 0.5316666666666666 0.08444444444444445 0.08944444444444444 0.07111111111111111
0 0.6088888888888889 0.19444444444444445 0.07888888888888888 0.05555555555555555
0 0.8333333333333334 0.29833333333333334 0.065 0.04722222222222222
11 0.8205555555555556 0.36 0.06222222222222222 0.04055555555555555
1 0.22611111111111112 0.7238888888888889 0.05444444444444444 0.12277777777777778
11 0.7855555555555556 0.8888888888888888 0.056666666666666664 0.06722222222222222
11 0.6044444444444445 0.8916666666666667 0.05444444444444444 0.06944444444444445
11 0.6761111111111111 0.535 0.13444444444444445 0.11
11 0.9055555555555556 0.6888888888888889 0.08222222222222222 0.10722222222222222
11 0.8705555555555555 0.8633333333333333 0.06333333333333334 0.058888888888888886
11 0.4772222222222222 0.7977777777777778 0.11555555555555555 0.13944444444444445
11 0.5644444444444444 0.7438888888888889 0.07277777777777777 0.09944444444444445
11 0.5538888888888889 0.8777777777777778 0.04722222222222222 0.06722222222222222
1 0.715 0.6288888888888889 0.07277777777777777 0.09111111111111111
1 0.6255555555555555 0.7172222222222222 0.0661111111111111 0.06944444444444445
11 0.8433333333333334 0.8083333333333333 0.05444444444444444 0.075
11 0.8161111111111111 0.8577777777777778 0.035555555555555556 0.042777777777777776
11 0.915 0.8272222222222222 0.04 0.042777777777777776
11 0.8777777777777778 0.7427777777777778 0.042222222222222223 0.04555555555555556