11 0.3438914027149321 0.2932735426008969 0.024321266968325792 0.04798206278026906
11 0.1917420814479638 0.45605381165919284 0.03789592760180995 0.04887892376681614
11 0.19230769230769232 0.20044843049327354 0.0333710407239819 0.04798206278026906
5 0.2748868778280543 0.17219730941704037 0.04581447963800905 0.059641255605381166
5 0.48755656108597284 0.3708520179372197 0.04411764705882353 0.07488789237668161
5 0.4581447963800905 0.3170403587443946 0.035633484162895926 0.05201793721973094
5 0.28789592760180993 0.3484304932735426 0.031108597285067874 0.06726457399103139
9 0.09954751131221719 0.3197309417040359 0.01809954751131222 0.039013452914798206
9 0.4072398190045249 0.4031390134529148 0.07070135746606335 0.11076233183856503
9 0.4411764705882353 0.018385650224215247 0.05429864253393665 0.036771300448430494
9 0.372737556561086 0.009417040358744395 0.048642533936651584 0.018385650224215247
9 0.3173076923076923 0.039013452914798206 0.05656108597285068 0.06726457399103139
5 0.13065610859728508 0.09820627802690583 0.04751131221719457 0.06860986547085202
5 0.17307692307692307 0.26188340807174887 0.04638009049773756 0.06860986547085202
5 0.12839366515837103 0.2914798206278027 0.0673076923076923 0.09461883408071749
5 0.20475113122171945 0.33318385650224214 0.04411764705882353 0.06098654708520179
5 0.18778280542986425 0.4134529147982063 0.05373303167420815 0.07399103139013453
5 0.2833710407239819 0.24932735426008967 0.06221719457013575 0.0726457399103139
9 0.29638009049773756 0.1618834080717489 0.028846153846153848 0.08161434977578476
9 0.2664027149321267 0.06367713004484304 0.038461538461538464 0.054260089686098655
9 0.3167420814479638 0.33542600896860986 0.04355203619909502 0.07713004484304933
7 0.36312217194570134 0.2031390134529148 0.023755656108597284 0.03811659192825112
7 0.3506787330316742 0.17443946188340806 0.02319004524886878 0.04349775784753363
9 0.3252262443438914 0.15874439461883408 0.02771493212669683 0.04439461883408072
9 0.3218325791855204 0.11434977578475336 0.02319004524886878 0.045739910313901344
7 0.48699095022624433 0.15874439461883408 0.0333710407239819 0.051121076233183856
7 0.0661764705882353 0.5408071748878924 0.026018099547511313 0.05336322869955157
7 0.05486425339366516 0.37533632286995516 0.024321266968325792 0.045739910313901344
7 0.08993212669683258 0.3887892376681614 0.03506787330316742 0.054260089686098655
7 0.08201357466063348 0.5802690582959641 0.026018099547511313 0.039013452914798206
9 0.15497737556561086 0.47085201793721976 0.0418552036199095 0.06098654708520179
9 0.37104072398190047 0.3376681614349776 0.05373303167420815 0.07085201793721974
9 0.4145927601809955 0.28699551569506726 0.04751131221719457 0.06502242152466367
9 0.14536199095022626 0.3789237668161435 0.04638009049773756 0.05739910313901345
9 0.24547511312217193 0.373542600896861 0.03506787330316742 0.05650224215246637
9 0.2669683257918552 0.3022421524663677 0.03676470588235294 0.06726457399103139
7 0.9377828054298643 0.18923766816143497 0.07183257918552036 0.173542600896861
7 0.7760180995475113 0.5147982062780269 0.0757918552036199 0.11748878923766816
7 0.6747737556561086 0.3242152466367713 0.0661764705882353 0.04798206278026906
7 0.8489819004524887 0.3708520179372197 0.07183257918552036 0.10134529147982063
7 0.7516968325791855 0.16278026905829596 0.0582579185520362 0.08251121076233184
4 0.6300904977375565 0.47847533632287 0.03619909502262444 0.05336322869955157
4 0.6085972850678733 0.3506726457399103 0.0418552036199095 0.06412556053811659
4 0.6668552036199095 0.39865470852017937 0.04581447963800905 0.06950672645739911
8 0.875 0.24663677130044842 0.03789592760180995 0.06143497757847534
4 0.6266968325791855 0.4452914798206278 0.033936651583710405 0.045291479820627804
7 0.03789592760180995 0.6426008968609865 0.0757918552036199 0.08520179372197309
7 0.29751131221719457 0.784304932735426 0.08144796380090498 0.07892376681614349
7 0.125 0.7403587443946188 0.07805429864253394 0.05291479820627803
8 0.1996606334841629 0.6820627802690583 0.06561085972850679 0.07892376681614349
8 0.26187782805429866 0.9739910313901345 0.09615384615384616 0.05201793721973094
8 0.01753393665158371 0.8618834080717489 0.03506787330316742 0.08071748878923767
11 0.3936651583710407 0.8452914798206278 0.0667420814479638 0.0726457399103139
9 0.7878959276018099 0.8399103139013453 0.08088235294117647 0.09730941704035874
8 0.9609728506787331 0.6417040358744395 0.024321266968325792 0.04932735426008968
1 0.754524886877828 0.7278026905829597 0.029411764705882353 0.05336322869955157