5 0.39609375 0.27889060092449924 0.2453125 0.20955315870570107
7 0.73359375 0.4645608628659476 0.05859375 0.10708782742681047
7 0.8296875 0.17873651771956856 0.05390625 0.1271186440677966
7 0.7515625 0.10092449922958398 0.04140625 0.10092449922958398
7 0.8484375 0.5215716486902927 0.04296875 0.07087827426810478
7 0.8046875 0.34822804314329736 0.0328125 0.08089368258859785
7 0.79765625 0.25192604006163327 0.028125 0.07087827426810478
8 0.74453125 0.6209553158705701 0.0390625 0.05546995377503852
1 0.125 0.9661016949152542 0.096875 0.06779661016949153
1 0.4609375 0.7064714946070878 0.065625 0.09553158705701079
1 0.2515625 0.8181818181818182 0.0703125 0.0662557781201849
1 0.25859375 0.9160246533127889 0.071875 0.0970724191063174
1 0.27578125 0.7087827426810478 0.0640625 0.09553158705701079
7 0.72421875 0.837442218798151 0.046875 0.05238828967642527
1 0.68671875 0.7318952234206472 0.059375 0.04314329738058552
11 0.7265625 0.9445300462249615 0.040625 0.04468412942989214
11 0.79375 0.9491525423728814 0.0234375 0.03543913713405239
11 0.61171875 0.9722650231124808 0.0234375 0.040061633281972264
11 0.771875 0.8759630200308166 0.034375 0.029275808936825885
11 0.8359375 0.8936825885978429 0.0328125 0.046224961479198766
11 0.9078125 0.9152542372881356 0.040625 0.03389830508474576
11 0.74140625 0.7234206471494607 0.0484375 0.046224961479198766