5 0.228271484375 0.288330078125 0.15380859375 0.11669921875
5 0.2421875 0.0439453125 0.09765625 0.087890625
5 0.34423828125 0.034423828125 0.1455078125 0.06884765625
7 0.343505859375 0.439697265625 0.08837890625 0.06005859375
7 0.120361328125 0.01806640625 0.10107421875 0.0361328125
7 0.56201171875 0.201904296875 0.0712890625 0.06689453125
7 0.50244140625 0.04443359375 0.158203125 0.0888671875
7 0.2861328125 0.21826171875 0.12451171875 0.10302734375
7 0.818115234375 0.41943359375 0.13330078125 0.1005859375
8 0.28759765625 0.587646484375 0.12841796875 0.14111328125
1 0.18359375 0.9765625 0.0732421875 0.046875
6 0.645751953125 0.78466796875 0.07666015625 0.07568359375
7 0.09326171875 0.654541015625 0.1865234375 0.20751953125
4 0.904296875 0.716796875 0.072265625 0.076171875
1 0.9677734375 0.565185546875 0.064453125 0.09912109375
1 0.697265625 0.922607421875 0.0146484375 0.05712890625
9 0.972412109375 0.840576171875 0.05517578125 0.06396484375
11 0.705078125 0.8134765625 0.0302734375 0.0673828125
8 0.74365234375 0.866943359375 0.08251953125 0.0537109375
8 0.75537109375 0.79541015625 0.0751953125 0.068359375