5 0.23449612403100775 0.24 0.10852713178294573 0.48
5 0.14050387596899225 0.3225 0.10174418604651163 0.464375
5 0.045542635658914726 0.204375 0.046511627906976744 0.2025
5 0.0436046511627907 0.473125 0.060077519379844964 0.253125
5 0.0872093023255814 0.50875 0.06589147286821706 0.1825
5 0.1501937984496124 0.56 0.03197674418604651 0.08
3 0.622093023255814 0.28875 0.13953488372093023 0.265625
9 0.15503875968992248 0.62875 0.05135658914728682 0.0575
9 0.03391472868217054 0.715625 0.03875968992248062 0.06
9 0.26356589147286824 0.713125 0.0377906976744186 0.08875
9 0.13178294573643412 0.854375 0.02810077519379845 0.046875
8 0.21414728682170542 0.610625 0.03197674418604651 0.020625
8 0.1511627906976744 0.670625 0.03875968992248062 0.043125
8 0.050387596899224806 0.768125 0.03197674418604651 0.045625
11 0.19573643410852712 0.81625 0.044573643410852716 0.08625
7 0.15794573643410853 0.9475 0.030038759689922482 0.049375
7 0.2742248062015504 0.795625 0.029069767441860465 0.05125
11 0.06395348837209303 0.83125 0.05232558139534884 0.05875
9 0.4728682170542636 0.719375 0.23837209302325582 0.1775
9 0.6075581395348837 0.74375 0.0755813953488372 0.0775