7 0.28125 0.101875 0.09625 0.0925
7 0.24625 0.285625 0.09875 0.09125
7 0.22875 0.3775 0.0775 0.085
7 0.15875 0.20625 0.06625 0.0875
7 0.49 0.148125 0.0875 0.095
9 0.399375 0.10625 0.13375 0.18375
9 0.544375 0.05375 0.08375 0.10125
11 0.7275 0.22125 0.135 0.11875
11 0.865625 0.3 0.2225 0.16
9 0.39375 0.799375 0.07875 0.04625
9 0.27875 0.76875 0.088125 0.0525
7 0.15125 0.754375 0.054375 0.033125
8 0.0625 0.533125 0.07125 0.045
8 0.27125 0.713125 0.061875 0.04625
8 0.415 0.848125 0.058125 0.038125
11 0.535 0.838125 0.0675 0.06125
11 0.105 0.5825 0.09 0.06125
11 0.3075 0.44375 0.075 0.0475
11 0.3725 0.506875 0.0675 0.04625
11 0.204375 0.4775 0.06 0.045
7 0.595 0.78625 0.045 0.029375
7 0.5725 0.92625 0.043125 0.029375
7 0.395 0.894375 0.04125 0.026875
7 0.605 0.836875 0.046875 0.030625
7 0.6175 0.828125 0.024375 0.038125
7 0.57625 0.721875 0.061875 0.0425
8 0.34 0.716875 0.04125 0.028125
8 0.32875 0.69625 0.04125 0.026875
7 0.50625 0.840625 0.061875 0.0425
7 0.3 0.830625 0.04875 0.030625
8 0.20125 0.69875 0.031875 0.021875
8 0.23875 0.680625 0.0375 0.024375
8 0.23 0.6975 0.031875 0.023125
8 0.2275 0.725 0.031875 0.021875
8 0.3925 0.835 0.045 0.026875
7 0.22625 0.74125 0.0525 0.033125
7 0.33 0.805625 0.0375 0.025625
7 0.418125 0.876875 0.07875 0.05375
11 0.388125 0.755625 0.0525 0.034375
11 0.4425 0.7475 0.043125 0.029375
11 0.425 0.756875 0.035625 0.028125
11 0.465 0.9325 0.0375 0.024375
11 0.470625 0.896875 0.03 0.020625
11 0.163125 0.939375 0.035625 0.025625
11 0.605 0.894375 0.04875 0.025625
11 0.564375 0.8725 0.03 0.020625
11 0.62125 0.871875 0.016875 0.025625
11 0.30875 0.738125 0.050625 0.031875
6 0.971875 0.839375 0.05625 0.06375
6 0.925 0.745625 0.055 0.05
6 0.905625 0.7925 0.0525 0.055
3 0.906875 0.859375 0.09875 0.085
3 0.7725 0.82625 0.0875 0.08875