7 0.2037712895377129 0.2203883495145631 0.06265206812652069 0.1203883495145631
11 0.17518248175182483 0.06699029126213592 0.037712895377128956 0.08640776699029126
11 0.18917274939172748 0.5029126213592233 0.040145985401459854 0.04951456310679612
0 0.23357664233576642 0.37087378640776697 0.04866180048661801 0.1
11 0.5736009732360098 0.4524271844660194 0.177007299270073 0.09514563106796116
7 0.7001216545012166 0.16893203883495145 0.14294403892944038 0.07572815533980583
7 0.18856447688564476 0.6786407766990291 0.08029197080291971 0.1262135922330097
7 0.26094890510948904 0.9689320388349515 0.05474452554744526 0.062135922330097085
11 0.7354014598540146 0.5563106796116505 0.06447688564476886 0.05631067961165048
11 0.8102189781021898 0.5650485436893203 0.05596107055961071 0.07378640776699029
11 0.7980535279805353 0.9631067961165048 0.06082725060827251 0.07378640776699029
11 0.6344282238442822 0.625242718446602 0.07907542579075426 0.12233009708737864
7 0.7414841849148418 0.7699029126213592 0.06082725060827251 0.1087378640776699
7 0.5608272506082725 0.9718446601941747 0.07542579075425791 0.05631067961165048
7 0.931265206812652 0.670873786407767 0.06690997566909976 0.08737864077669903
7 0.9263990267639902 0.8592233009708737 0.038929440389294405 0.06019417475728155
7 0.8704379562043796 0.5563106796116505 0.05474452554744526 0.05631067961165048