8 0.15142857142857144 0.190625 0.021785714285714287 0.058125
7 0.15214285714285714 0.49125 0.017142857142857144 0.0375
7 0.17857142857142858 0.10625 0.023928571428571428 0.04875
11 0.6817857142857143 0.23 0.06964285714285715 0.0875
11 0.5778571428571428 0.1725 0.0475 0.06375
11 0.9182142857142858 0.25125 0.07964285714285714 0.121875
11 0.4117857142857143 0.255 0.06428571428571428 0.096875
11 0.8632142857142857 0.033125 0.053214285714285714 0.065625
11 0.41214285714285714 0.465 0.05 0.09
1 0.18142857142857144 0.79125 0.08428571428571428 0.14375
1 0.25 0.581875 0.03785714285714286 0.089375
1 0.05785714285714286 0.71875 0.03785714285714286 0.12
6 0.7289285714285715 0.710625 0.09785714285714285 0.14125
6 0.6175 0.58875 0.009285714285714286 0.01875
6 0.6032142857142857 0.56125 0.056428571428571425 0.1025
1 0.8382142857142857 0.655 0.07142857142857142 0.115
1 0.9835714285714285 0.53875 0.032857142857142856 0.0575