1 0.024791666666666667 0.29625 0.03979166666666667 0.088125
1 0.015625 0.0365625 0.030416666666666668 0.03375
9 0.3435416666666667 0.4315625 0.036458333333333336 0.060625
0 0.370625 0.2746875 0.054375 0.0465625
8 0.2975 0.29375 0.045 0.0403125
11 0.37 0.175625 0.0225 0.03375
11 0.24916666666666668 0.15875 0.04645833333333333 0.05125
11 0.225625 0.373125 0.025833333333333333 0.045
11 0.24145833333333333 0.2371875 0.020625 0.0678125
11 0.47333333333333333 0.2090625 0.057708333333333334 0.0528125
8 0.7329166666666667 0.1465625 0.023958333333333335 0.0528125
8 0.7833333333333333 0.4053125 0.017708333333333333 0.035625
8 0.7166666666666667 0.268125 0.014583333333333334 0.0553125
11 0.745625 0.2171875 0.016458333333333332 0.0515625
9 0.7322916666666667 0.349375 0.025 0.0553125
0 0.6991666666666667 0.47375 0.019583333333333335 0.045625
0 0.7997916666666667 0.466875 0.028125 0.036875
1 0.750625 0.5015625 0.021458333333333333 0.040625
9 0.045208333333333336 0.7303125 0.09041666666666667 0.156875
0 0.20416666666666666 0.9784375 0.07416666666666667 0.043125
9 0.735 0.8525 0.05458333333333333 0.044375
9 0.800625 0.875625 0.06875 0.0346875
9 0.74 0.93875 0.06791666666666667 0.0353125
9 0.8404166666666667 0.78375 0.060208333333333336 0.0521875
9 0.76625 0.7290625 0.025833333333333333 0.084375
9 0.6677083333333333 0.9615625 0.07729166666666666 0.041875
8 0.9477083333333334 0.778125 0.044583333333333336 0.0303125
8 0.7908333333333334 0.71875 0.027291666666666665 0.0296875
1 0.8314583333333333 0.6496875 0.024166666666666666 0.02125
0 0.6747916666666667 0.8671875 0.04145833333333333 0.03125
0 0.6310416666666666 0.828125 0.051458333333333335 0.015
0 0.6310416666666666 0.85125 0.034375 0.02125
0 0.7172916666666667 0.749375 0.04145833333333333 0.0346875
0 0.8552083333333333 0.855 0.028958333333333332 0.0175
0 0.79625 0.9690625 0.050833333333333335 0.0246875
0 0.8235416666666666 0.944375 0.04604166666666667 0.020625
0 0.921875 0.816875 0.07416666666666667 0.0309375