1 0.09760802469135803 0.3835616438356164 0.034722222222222224 0.010958904109589041
1 0.12114197530864197 0.35547945205479453 0.030864197530864196 0.03356164383561644
1 0.0466820987654321 0.34863013698630135 0.030864197530864196 0.031506849315068496
1 0.1712962962962963 0.3506849315068493 0.020833333333333332 0.031506849315068496
2 0.30401234567901236 0.11164383561643836 0.055169753086419755 0.052054794520547946
2 0.061342592592592594 0.18835616438356165 0.04398148148148148 0.06301369863013699
9 0.17785493827160495 0.21643835616438356 0.057484567901234566 0.043835616438356165
2 0.33024691358024694 0.023287671232876714 0.057484567901234566 0.04246575342465753
8 0.9278549382716049 0.30205479452054795 0.0779320987654321 0.16986301369863013
6 0.16319444444444445 0.4773972602739726 0.09297839506172839 0.12397260273972603
6 0.20794753086419754 0.6602739726027397 0.05092592592592592 0.11027397260273973
6 0.16473765432098766 0.7253424657534246 0.04205246913580247 0.1
6 0.21566358024691357 0.8363013698630137 0.06481481481481481 0.17945205479452056
6 0.3140432098765432 0.897945205479452 0.13155864197530864 0.17602739726027397
6 0.32021604938271603 0.7636986301369864 0.08256172839506173 0.14863013698630137
6 0.41396604938271603 0.8034246575342465 0.07716049382716049 0.15205479452054796
6 0.44637345679012347 0.6856164383561644 0.04050925925925926 0.06917808219178082
6 0.3194444444444444 0.5924657534246576 0.10532407407407407 0.12054794520547946
6 0.24112654320987653 0.5876712328767123 0.026234567901234566 0.06232876712328767
6 0.25771604938271603 0.46986301369863015 0.07368827160493827 0.11712328767123288
6 0.1253858024691358 0.6493150684931507 0.07716049382716049 0.14863013698630137
9 0.6064814814814815 0.6842465753424658 0.07484567901234568 0.11095890410958904
9 0.8244598765432098 0.7219178082191781 0.0787037037037037 0.12876712328767123
9 0.7318672839506173 0.852054794520548 0.05787037037037037 0.11232876712328767
9 0.7476851851851852 0.7410958904109589 0.047839506172839504 0.07945205479452055
9 0.6350308641975309 0.5301369863013699 0.06481481481481481 0.1
9 0.8518518518518519 0.6219178082191781 0.05555555555555555 0.09452054794520548
9 0.9139660493827161 0.9089041095890411 0.05169753086419753 0.12191780821917808
1 0.5304783950617284 0.836986301369863 0.04552469135802469 0.13150684931506848
1 0.6134259259259259 0.9828767123287672 0.035493827160493825 0.03424657534246575
1 0.6728395061728395 0.6383561643835617 0.02546296296296296 0.0589041095890411
8 0.6423611111111112 0.40616438356164386 0.04552469135802469 0.03424657534246575
11 0.6790123456790124 0.9246575342465754 0.06018518518518518 0.10547945205479452
9 0.6774691358024691 0.9719178082191781 0.08641975308641975 0.056164383561643834
7 0.6801697530864198 0.7938356164383562 0.04552469135802469 0.06575342465753424
7 0.7064043209876543 0.6910958904109589 0.03935185185185185 0.0684931506849315