8 0.3225 0.14722222222222223 0.039285714285714285 0.06111111111111111
8 0.36392857142857143 0.245 0.026071428571428572 0.04777777777777778
8 0.048928571428571425 0.17833333333333334 0.0275 0.051666666666666666
8 0.07357142857142857 0.21 0.026785714285714284 0.04611111111111111
9 0.18035714285714285 0.3466666666666667 0.029285714285714286 0.07944444444444444
9 0.21464285714285714 0.305 0.047142857142857146 0.059444444444444446
9 0.18964285714285714 0.27055555555555555 0.039285714285714285 0.05444444444444444
5 0.2842857142857143 0.018333333333333333 0.03428571428571429 0.03666666666666667
0 0.03678571428571428 0.33166666666666667 0.05821428571428571 0.12166666666666667
0 0.015714285714285715 0.2511111111111111 0.03142857142857143 0.07555555555555556
0 0.09285714285714286 0.2644444444444444 0.07714285714285714 0.09277777777777778
0 0.2257142857142857 0.09777777777777778 0.05107142857142857 0.11777777777777777
0 0.19392857142857142 0.17222222222222222 0.09142857142857143 0.12833333333333333
7 0.20535714285714285 0.23166666666666666 0.016428571428571428 0.03333333333333333
7 0.19392857142857142 0.06222222222222222 0.024285714285714285 0.04777777777777778
7 0.1475 0.2833333333333333 0.029285714285714286 0.04888888888888889
2 0.9525 0.19277777777777777 0.095 0.23222222222222222
2 0.5514285714285714 0.20722222222222222 0.11 0.1622222222222222
6 0.12607142857142858 0.8016666666666666 0.0925 0.12
6 0.23714285714285716 0.6927777777777778 0.12285714285714286 0.11222222222222222
6 0.2082142857142857 0.9527777777777777 0.06892857142857142 0.08333333333333333
6 0.31857142857142856 0.9227777777777778 0.03321428571428572 0.06388888888888888
6 0.7378571428571429 0.7027777777777777 0.10428571428571429 0.14
6 0.6721428571428572 0.88 0.01 0.017777777777777778
6 0.6725 0.9272222222222222 0.065 0.1322222222222222
6 0.7571428571428571 0.9577777777777777 0.06 0.08444444444444445
1 0.8496428571428571 0.6666666666666666 0.07714285714285714 0.11222222222222222