0 0.01875 0.129375 0.0375 0.07625
8 0.125625 0.106875 0.08625 0.065
11 0.205625 0.325625 0.08875 0.0825
11 0.2675 0.01125 0.05 0.0225
11 0.226875 0.201875 0.04125 0.1075
1 0.5825 0.235625 0.05 0.05125
1 0.66 0.205625 0.0525 0.05125
1 0.79625 0.235 0.0525 0.0425
1 0.745 0.120625 0.0375 0.05
1 0.830625 0.143125 0.0425 0.04625
1 0.93375 0.1425 0.04875 0.03625
1 0.96625 0.088125 0.0625 0.04375
1 0.865625 0.085 0.04125 0.0325
1 0.79625 0.020625 0.1375 0.04125
1 0.461875 0.14375 0.02375 0.065
1 0.476875 0.4075 0.04375 0.0425
1 0.986875 0.435 0.02625 0.06
1 0.62 0.0525 0.05125 0.0575
0 0.741875 0.2 0.04 0.06625
0 0.5625 0.40125 0.0525 0.04875
5 0.1675 0.889375 0.280625 0.146875
5 0.224375 0.749375 0.1075 0.0675
5 0.07375 0.74375 0.146875 0.089375
5 0.15 0.6875 0.168125 0.0775
5 0.305625 0.6525 0.143125 0.063125
5 0.41125 0.7975 0.075 0.053125
5 0.256875 0.520625 0.0475 0.088125
5 0.215 0.57875 0.114375 0.073125
5 0.1825 0.625 0.08875 0.06625
5 0.336875 0.730625 0.08875 0.045625
1 0.74375 0.845 0.225 0.1725
1 0.55125 0.84875 0.095 0.09