0 0.30063657407407407 0.32426697530864196 0.10445601851851852 0.1099537037037037
7 0.20905671296296297 0.22723765432098766 0.044849537037037035 0.05787037037037037
7 0.37210648148148145 0.30536265432098764 0.05541087962962963 0.07233796296296297
7 0.18446180555555555 0.3038194444444444 0.06828703703703703 0.08680555555555555
7 0.9241898148148148 0.3707561728395062 0.024305555555555556 0.050347222222222224
7 0.8499710648148148 0.2021604938271605 0.048032407407407406 0.09818672839506173
2 0.7337962962962963 0.36072530864197533 0.05179398148148148 0.08931327160493827
9 0.8502604166666666 0.3732638888888889 0.04325810185185185 0.08179012345679013
9 0.8849826388888888 0.2972608024691358 0.028645833333333332 0.056712962962962965
9 0.7997685185185185 0.4074074074074074 0.025607638888888888 0.05787037037037037
11 0.7928240740740741 0.22530864197530864 0.031105324074074073 0.0466820987654321
11 0.7975983796296297 0.2845293209876543 0.01099537037037037 0.0314429012345679
11 0.7566550925925926 0.2700617283950617 0.021267361111111112 0.04282407407407408
11 0.7087673611111112 0.5734953703703703 0.020109953703703703 0.03896604938271605
11 0.8101851851851852 0.11516203703703703 0.016493055555555556 0.04147376543209876
2 0.32219328703703703 0.7920524691358025 0.0763888888888889 0.07175925925925926
9 0.5173611111111112 0.8775077160493827 0.04933449074074074 0.06770833333333333
8 0.5543981481481481 0.9452160493827161 0.04933449074074074 0.05381944444444445
7 0.28515625 0.8844521604938271 0.04267939814814815 0.03375771604938271
7 0.36255787037037035 0.9483024691358025 0.05381944444444445 0.045717592592592594
7 0.42086226851851855 0.9184027777777778 0.05381944444444445 0.045717592592592594
7 0.8148148148148148 0.8933256172839507 0.1574074074074074 0.21334876543209877