7 0.218125 0.13625 0.0825 0.07625
7 0.100625 0.2775 0.08625 0.065
7 0.060625 0.17125 0.0475 0.0825
7 0.380625 0.271875 0.07125 0.07625
9 0.32 0.195 0.09375 0.175
9 0.465625 0.2175 0.04875 0.0925
8 0.170625 0.678125 0.036875 0.0525
8 0.059375 0.5825 0.04 0.035
8 0.061875 0.57875 0.013125 0.009375
11 0.055625 0.61 0.024375 0.0275
11 0.13375 0.52 0.024375 0.03
8 0.53875 0.686875 0.0375 0.0575
8 0.925 0.425625 0.03875 0.044375
8 0.675 0.394375 0.04 0.051875
8 0.77625 0.409375 0.045 0.065625
8 0.749375 0.776875 0.056875 0.05625
8 0.760625 0.58625 0.04875 0.048125
8 0.80625 0.534375 0.03875 0.06
2 0.856875 0.408125 0.068125 0.0925
7 0.611875 0.690625 0.0525 0.048125
7 0.704375 0.695625 0.063125 0.048125
7 0.8125 0.744375 0.045 0.046875
9 0.634375 0.571875 0.059375 0.06
11 0.81875 0.3325 0.04125 0.0375
11 0.600625 0.45375 0.03875 0.055
11 0.72 0.619375 0.03875 0.029375
11 0.665 0.65875 0.04 0.05375
11 0.5 0.833125 0.02 0.03875
11 0.509375 0.695625 0.03375 0.033125
11 0.731875 0.405625 0.04 0.050625
7 0.774375 0.47875 0.03375 0.03625