9 0.358843537414966 0.10585585585585586 0.24829931972789115 0.21171171171171171
9 0.391156462585034 0.32207207207207206 0.23469387755102042 0.18018018018018017
2 0.10714285714285714 0.2905405405405405 0.18027210884353742 0.16216216216216217
8 0.9149659863945578 0.4527027027027027 0.08163265306122448 0.03153153153153153
8 0.9846938775510204 0.4346846846846847 0.030612244897959183 0.06756756756756757
8 0.8809523809523809 0.09234234234234234 0.061224489795918366 0.15315315315315314
11 0.9421768707482994 0.23648648648648649 0.11564625850340136 0.14864864864864866
4 0.5136054421768708 0.8063063063063063 0.06802721088435375 0.16216216216216217
4 0.15306122448979592 0.8783783783783784 0.19047619047619047 0.23873873873873874
1 0.7142857142857143 0.6711711711711712 0.16326530612244897 0.17117117117117117
1 0.5680272108843537 0.9234234234234234 0.04081632653061224 0.10810810810810811
1 0.9608843537414966 0.7995495495495496 0.06802721088435375 0.14864864864864866