2 0.395375 0.3596666666666667 0.13 0.18233333333333332
9 0.289125 0.25433333333333336 0.128375 0.14133333333333334
8 0.35 0.2896666666666667 0.078375 0.081
8 0.688125 0.37016666666666664 0.047 0.071
8 0.68125 0.4508333333333333 0.03775 0.06633333333333333
8 0.7405 0.5481666666666667 0.0685 0.07766666666666666
7 0.61075 0.619 0.0415 0.062
7 0.67125 0.1655 0.11275 0.17333333333333334
7 0.71425 0.25533333333333336 0.06525 0.084
7 0.601 0.155 0.022 0.06466666666666666
7 0.8685 0.5341666666666667 0.0985 0.13566666666666666
8 0.469625 0.8556666666666667 0.07825 0.063
11 0.314125 0.948 0.08425 0.0615
11 0.307 0.7595 0.06825 0.06783333333333333
7 0.470625 0.7438333333333333 0.102375 0.07883333333333334
7 0.23275 0.7776666666666666 0.126375 0.08983333333333333
7 0.71325 0.7918333333333333 0.06 0.051833333333333335
7 0.76075 0.7676666666666667 0.034875 0.034
9 0.77025 0.881 0.031 0.04783333333333333
9 0.779125 0.8111666666666667 0.062625 0.06416666666666666