2 0.21533203125 0.24084919472913616 0.0537109375 0.0629575402635432
9 0.3837890625 0.212298682284041 0.06884765625 0.07101024890190337
9 0.35693359375 0.0424597364568082 0.06884765625 0.05710102489019034
8 0.31494140625 0.08784773060029283 0.05859375 0.04904831625183016
8 0.30615234375 0.010248901903367497 0.05517578125 0.020497803806734993
8 0.31103515625 0.22035139092240116 0.04931640625 0.04904831625183016
8 0.1015625 0.1822840409956076 0.0673828125 0.05710102489019034
8 0.24609375 0.024158125915080528 0.0419921875 0.036603221083455345
8 0.2431640625 0.1705710102489019 0.05859375 0.05197657393850659
7 0.294921875 0.3931185944363104 0.044921875 0.04465592972181552
9 0.4384765625 0.2540263543191801 0.06005859375 0.053440702781844804
7 0.287109375 0.33455344070278187 0.0732421875 0.08052708638360176
7 0.419921875 0.3067349926793558 0.056640625 0.055636896046852125
7 0.34619140625 0.19912152269399708 0.05224609375 0.050512445095168376
7 0.23095703125 0.07320644216691069 0.04931640625 0.0424597364568082
7 0.39111328125 0.41654465592972184 0.0732421875 0.024158125915080528
7 0.33056640625 0.3462664714494876 0.044921875 0.04758418740849195
7 0.380859375 0.2686676427525622 0.0361328125 0.034407027818448024
7 0.466796875 0.37701317715959004 0.056640625 0.060029282576866766
7 0.3740234375 0.36530014641288433 0.03271484375 0.03294289897510981
7 0.35107421875 0.3103953147877013 0.0419921875 0.040995607613469986
7 0.314453125 0.038799414348462666 0.04638671875 0.043923865300146414
7 0.42626953125 0.1383601756954612 0.056640625 0.0424597364568082
7 0.32470703125 0.17496339677891654 0.044921875 0.03806734992679356
7 0.287109375 0.1910688140556369 0.0419921875 0.03806734992679356
1 0.970703125 0.19985358711566617 0.05859375 0.10688140556368961
1 0.9345703125 0.29282576866764276 0.08203125 0.12152269399707175
1 0.8896484375 0.23792093704245973 0.0712890625 0.11127379209370425
1 0.86376953125 0.34553440702781846 0.0791015625 0.1390922401171303
1 0.8388671875 0.10980966325036604 0.083984375 0.1273792093704246
1 0.9130859375 0.14714494875549047 0.1015625 0.1376281112737921
1 0.892578125 0.048316251830161056 0.109375 0.09663250366032211
1 0.82568359375 0.2108345534407028 0.0908203125 0.13030746705710103
1 0.791015625 0.0629575402635432 0.068359375 0.10688140556368961
1 0.98095703125 0.328696925329429 0.0380859375 0.10980966325036604
1 0.93408203125 0.38433382137628114 0.1025390625 0.08931185944363104
1 0.78759765625 0.3989751098096633 0.0947265625 0.060029282576866766
1 0.7939453125 0.3096632503660322 0.1005859375 0.1390922401171303
1 0.7626953125 0.1603221083455344 0.07421875 0.13030746705710103
9 0.38525390625 0.5483162518301611 0.1943359375 0.23865300146412885
8 0.205078125 0.6046852122986823 0.1044921875 0.1390922401171303
8 0.19140625 0.4992679355783309 0.125 0.14055636896046853
2 0.177734375 0.822108345534407 0.1943359375 0.2957540263543192
2 0.44482421875 0.9612005856515373 0.1357421875 0.07759882869692533
2 0.6181640625 0.6771595900439239 0.0625 0.16251830161054173
7 0.78564453125 0.6625183016105417 0.0634765625 0.08638360175695461
7 0.8779296875 0.7474377745241582 0.0537109375 0.0629575402635432
11 0.91455078125 0.9509516837481699 0.0810546875 0.09809663250366032
11 0.85302734375 0.9143484626647145 0.046875 0.0746705710102489
11 0.8642578125 0.821376281112738 0.0263671875 0.0424597364568082
11 0.88916015625 0.8433382137628112 0.0380859375 0.060029282576866766
11 0.8935546875 0.671303074670571 0.041015625 0.0424597364568082
11 0.86328125 0.6530014641288433 0.0322265625 0.040995607613469986
11 0.9228515625 0.5915080527086384 0.03515625 0.04978038067349927
11 0.98388671875 0.8616398243045388 0.029296875 0.04685212298682284
11 0.958984375 0.8177159590043924 0.017578125 0.03806734992679356
11 0.82861328125 0.8696925329428989 0.0283203125 0.04685212298682284
11 0.83935546875 0.7950219619326501 0.0322265625 0.06149341142020498
11 0.74853515625 0.5644216691068814 0.0283203125 0.04685212298682284
11 0.83642578125 0.5563689604685212 0.0185546875 0.03074670571010249
11 0.828125 0.527818448023426 0.0205078125 0.03806734992679356
11 0.947265625 0.4663250366032211 0.05078125 0.0746705710102489
11 0.96484375 0.7349926793557833 0.0322265625 0.048316251830161056
8 0.6728515625 0.7950219619326501 0.0439453125 0.07174231332357248
11 0.724609375 0.47144948755490484 0.0439453125 0.06149341142020498
11 0.984375 0.58199121522694 0.02734375 0.03953147877013177
11 0.85546875 0.5175695461200586 0.0283203125 0.036603221083455345
11 0.87109375 0.6142020497803806 0.0224609375 0.03367496339677892
11 0.94189453125 0.5673499267935578 0.029296875 0.05417276720351391
11 0.93310546875 0.541727672035139 0.033203125 0.04685212298682284
11 0.93115234375 0.6603221083455344 0.0263671875 0.03806734992679356
11 0.8857421875 0.9831625183016105 0.033203125 0.03367496339677892
11 0.763671875 0.9084919472913616 0.0390625 0.05417276720351391
11 0.724609375 0.9114202049780381 0.033203125 0.05417276720351391
11 0.791015625 0.8382137628111274 0.0224609375 0.036603221083455345