9 0.42724609375 0.2884333821376281 0.0546875 0.08931185944363104
9 0.2490234375 0.2730600292825769 0.0693359375 0.09956076134699854
9 0.47509765625 0.3323572474377745 0.0400390625 0.060029282576866766
9 0.244140625 0.40263543191800877 0.068359375 0.08052708638360176
9 0.37255859375 0.29062957540263545 0.072265625 0.13177159590043924
1 0.203125 0.14568081991215226 0.0537109375 0.09077598828696926
1 0.29833984375 0.03367496339677892 0.0439453125 0.06734992679355783
1 0.34228515625 0.06734992679355783 0.05078125 0.08199121522693997
11 0.17529296875 0.27159590043923865 0.046875 0.08784773060029283
8 0.30078125 0.47291361639824303 0.041015625 0.01171303074670571
8 0.46484375 0.1815519765739385 0.041015625 0.060029282576866766
9 0.34814453125 0.36749633967789164 0.083984375 0.09370424597364568
7 0.16845703125 0.3389458272327965 0.0341796875 0.048316251830161056
7 0.1962890625 0.36822840409956076 0.033203125 0.04538799414348463
7 0.41650390625 0.11200585651537336 0.0400390625 0.05856515373352855
7 0.38134765625 0.42972181551976574 0.0322265625 0.048316251830161056
7 0.3251953125 0.4143484626647145 0.03125 0.040995607613469986
7 0.29150390625 0.4128843338213763 0.0380859375 0.05417276720351391
0 0.28466796875 0.3089311859443631 0.0380859375 0.05856515373352855
0 0.27197265625 0.36603221083455345 0.048828125 0.06734992679355783
0 0.47412109375 0.27159590043923865 0.0517578125 0.07906295754026355
7 0.779296875 0.046120058565153735 0.07421875 0.09224011713030747
7 0.8759765625 0.3235724743777452 0.052734375 0.09077598828696926
2 0.9501953125 0.22840409956076135 0.064453125 0.09663250366032211
0 0.9814453125 0.06588579795021962 0.037109375 0.09663250366032211
0 0.8857421875 0.13250366032210834 0.1064453125 0.13616398243045388
0 0.95703125 0.3118594436310395 0.07421875 0.10248901903367497
0 0.9345703125 0.37042459736456806 0.0556640625 0.06734992679355783
0 0.826171875 0.2562225475841874 0.0419921875 0.07613469985358712
7 0.21484375 0.6969253294289898 0.078125 0.09370424597364568
9 0.66845703125 0.7430453879941434 0.1787109375 0.27379209370424595
9 0.705078125 0.9538799414348462 0.09765625 0.09224011713030747
8 0.841796875 0.6705710102489019 0.1044921875 0.1390922401171303
8 0.85546875 0.7847730600292826 0.125 0.1595900439238653
2 0.86865234375 0.5395314787701317 0.1943359375 0.12152269399707175
2 0.80712890625 0.9407027818448024 0.1318359375 0.11859443631039532