11 0.2778846153846154 0.32053422370617696 0.05 0.0333889816360601
11 0.3076923076923077 0.2938230383973289 0.03653846153846154 0.05175292153589316
11 0.2173076923076923 0.32136894824707846 0.038461538461538464 0.035058430717863104
11 0.14326923076923076 0.3280467445742905 0.04038461538461539 0.021702838063439065
11 0.07403846153846154 0.2913188647746244 0.025 0.03005008347245409
11 0.17403846153846153 0.27462437395659434 0.026923076923076925 0.048414023372287146
7 0.21634615384615385 0.13939899833055092 0.057692307692307696 0.045075125208681135
0 0.07403846153846154 0.15191986644407346 0.07115384615384615 0.05676126878130217
0 0.12211538461538461 0.2704507512520868 0.04230769230769231 0.05843071786310518
0 0.225 0.24540901502504173 0.05576923076923077 0.0333889816360601
7 0.5413461538461538 0.21953255425709517 0.09038461538461538 0.05342237061769616
11 0.8336538461538462 0.015025041736227046 0.0673076923076923 0.03005008347245409
10 0.1673076923076923 0.6569282136894825 0.15576923076923077 0.31385642737896496
10 0.3192307692307692 0.7629382303839732 0.1326923076923077 0.3005008347245409
10 0.4375 0.9140233722871453 0.052884615384615384 0.11853088480801335
10 0.1375 0.9148580968280468 0.18461538461538463 0.169449081803005
10 0.058653846153846154 0.5726210350584308 0.038461538461538464 0.13772954924874792
10 0.028846153846153848 0.4248747913188648 0.047115384615384615 0.15275459098497496
0 0.7836538461538461 0.5901502504173622 0.027884615384615386 0.048414023372287146
0 0.6548076923076923 0.4666110183639399 0.026923076923076925 0.045909849749582635
0 0.7615384615384615 0.5392320534223706 0.02403846153846154 0.048414023372287146
0 0.7009615384615384 0.6828046744574291 0.02403846153846154 0.0667779632721202
9 0.6951923076923077 0.5918196994991652 0.03653846153846154 0.0667779632721202
2 0.9663461538461539 0.6076794657762938 0.021153846153846155 0.048414023372287146
7 0.7009615384615384 0.8063439065108514 0.05096153846153846 0.08096828046744574
2 0.7182692307692308 0.4357262103505843 0.03365384615384615 0.035058430717863104