2 0.42 0.4596774193548387 0.119375 0.07822580645161291
2 0.21 0.34596774193548385 0.05 0.04032258064516129
9 0.564375 0.31693548387096776 0.103125 0.06451612903225806
0 0.555 0.09112903225806451 0.08125 0.05806451612903226
2 0.22875 0.38387096774193546 0.04375 0.03790322580645161
7 0.84125 0.3008064516129032 0.04875 0.06774193548387097
7 0.718125 0.442741935483871 0.0475 0.08548387096774193
5 0.040625 0.8741935483870967 0.08125 0.13225806451612904
5 0.075625 0.5508064516129032 0.15125 0.10161290322580645
5 0.29 0.575 0.14375 0.0935483870967742
5 0.143125 0.6814516129032258 0.15 0.13225806451612904