11 0.3007646559048428 0.15739570164348926 0.027612574341546302 0.0316055625790139
11 0.30756159728122345 0.13527180783817952 0.02506372132540357 0.039190897597977246
11 0.27697536108751064 0.17256637168141592 0.02336448598130841 0.03034134007585335
11 0.24893797790994052 0.1965865992414665 0.02336448598130841 0.029077117572692796
11 0.21155480033984708 0.18710493046776233 0.016142735768903994 0.02402022756005057
11 0.24851316907391674 0.15423514538558786 0.020815632965165677 0.0347661188369153
7 0.23789294817332202 0.06447534766118837 0.03271028037383177 0.039190897597977246
0 0.1826677994902294 0.10429835651074588 0.04035683942225998 0.048672566371681415
0 0.2268479184367035 0.16371681415929204 0.02931180968564146 0.04424778761061947
0 0.26380628717077315 0.12515802781289506 0.02931180968564146 0.0316055625790139
3 0.8067119796091758 0.08470290771175727 0.26338147833474934 0.16940581542351454
3 0.8606627017841971 0.2509481668773704 0.16440101954120645 0.13274336283185842
3 0.6423109600679694 0.2547408343868521 0.26338147833474934 0.2281921618204804
1 0.1745964316057774 0.9152970922882427 0.055225148683092605 0.08596713021491782
1 0.23152081563296517 0.8331226295828066 0.059473237043330504 0.07964601769911504
1 0.27145284621920135 0.6283185840707964 0.05012744265080714 0.07711757269279393
1 0.21537807986406118 0.6169405815423514 0.038232795242141036 0.07079646017699115
1 0.09473237043330501 0.6586599241466498 0.08326253186066271 0.1213653603034134
1 0.12361937128292269 0.5809102402022756 0.07731520815632965 0.07838179519595449
1 0.0994052676295667 0.7964601769911505 0.05437553101104503 0.07079646017699115
1 0.1788445199660153 0.7711757269279393 0.03653355989804588 0.05815423514538559
1 0.25148683092608326 0.5303413400758533 0.04248088360237893 0.056890012642225034
1 0.29906542056074764 0.49557522123893805 0.0356839422259983 0.056890012642225034
7 0.16015293118096857 0.42983565107458915 0.056074766355140186 0.08343868520859671
7 0.29991503823279525 0.38179519595448796 0.056074766355140186 0.025284450063211124
10 0.9515717926932881 0.41213653603034134 0.09685641461342395 0.08596713021491782
10 0.453695836873407 0.7724399494310998 0.07221750212404418 0.1011378002528445
10 0.4367034834324554 0.679519595448799 0.09345794392523364 0.12262958280657396
10 0.5454545454545454 0.7692793931731985 0.06542056074766354 0.08470290771175727
10 0.5293118096856415 0.6738305941845765 0.10025488530161428 0.1390644753476612
10 0.41206457094307564 0.8426042983565107 0.037383177570093455 0.05562579013906448
10 0.43075615972812237 0.6011378002528445 0.08156329651656755 0.13274336283185842