2 0.15787037037037038 0.2851851851851852 0.125 0.10555555555555556
9 0.25092592592592594 0.18009259259259258 0.13333333333333333 0.07037037037037037
8 0.1925925925925926 0.22268518518518518 0.0824074074074074 0.03796296296296296
9 0.5537037037037037 0.24166666666666667 0.043055555555555555 0.06296296296296296
9 0.7305555555555555 0.1865740740740741 0.0587962962962963 0.06527777777777778
9 0.4976851851851852 0.22546296296296298 0.033796296296296297 0.03888888888888889
9 0.7078703703703704 0.08518518518518518 0.06296296296296296 0.046296296296296294
9 0.6064814814814815 0.21898148148148147 0.05416666666666667 0.09490740740740741
1 0.8023148148148148 0.2671296296296296 0.04212962962962963 0.06388888888888888
1 0.7333333333333333 0.3912037037037037 0.03518518518518519 0.052314814814814814
1 0.6828703703703703 0.37962962962962965 0.0412037037037037 0.05694444444444444
11 0.8023148148148148 0.1597222222222222 0.03518518518518519 0.06388888888888888
8 0.6314814814814815 0.032407407407407406 0.03287037037037037 0.04398148148148148
8 0.5393518518518519 0.33796296296296297 0.03518518518518519 0.03888888888888889
9 0.6138888888888889 0.15092592592592594 0.08009259259259259 0.04953703703703704
7 0.7949074074074074 0.10601851851851851 0.03009259259259259 0.031018518518518518
7 0.7620370370370371 0.09351851851851851 0.03009259259259259 0.02824074074074074
7 0.600925925925926 0.3736111111111111 0.033796296296296297 0.03796296296296296
7 0.5685185185185185 0.11527777777777778 0.026851851851851852 0.03194444444444444
7 0.6263888888888889 0.10648148148148148 0.027777777777777776 0.025
7 0.6597222222222222 0.09490740740740741 0.03194444444444444 0.03564814814814815
0 0.687962962962963 0.17222222222222222 0.03194444444444444 0.03888888888888889
0 0.6884259259259259 0.12314814814814815 0.043055555555555555 0.04259259259259259
0 0.5115740740740741 0.2722222222222222 0.043055555555555555 0.05324074074074074
0 0.034722222222222224 0.812962962962963 0.06944444444444445 0.07037037037037037
9 0.8055555555555556 0.8662037037037037 0.0587962962962963 0.06759259259259259
9 0.9518518518518518 0.8430555555555556 0.04398148148148148 0.04861111111111111
9 0.8791666666666667 0.8694444444444445 0.06574074074074074 0.08055555555555556
9 0.6467592592592593 0.5481481481481482 0.12546296296296297 0.11342592592592593
8 0.5175925925925926 0.6416666666666667 0.041666666666666664 0.0412037037037037
8 0.44074074074074077 0.6351851851851852 0.04537037037037037 0.04027777777777778
8 0.5074074074074074 0.962037037037037 0.05648148148148148 0.05185185185185185
11 0.9439814814814815 0.5569444444444445 0.03148148148148148 0.04027777777777778
11 0.8675925925925926 0.6773148148148148 0.040740740740740744 0.02962962962962963
11 0.7902777777777777 0.6837962962962963 0.03935185185185185 0.02824074074074074
11 0.8032407407407407 0.6319444444444444 0.046296296296296294 0.0412037037037037
9 0.8699074074074075 0.6222222222222222 0.046296296296296294 0.03888888888888889