0 0.2680722891566265 0.4188102893890675 0.06626506024096386 0.09163987138263666
7 0.6644578313253012 0.16720257234726688 0.12048192771084337 0.07636655948553055
11 0.6807228915662651 0.272508038585209 0.0825301204819277 0.06913183279742766
0 0.6614457831325301 0.3504823151125402 0.07289156626506024 0.06109324758842444
0 0.7126506024096385 0.2347266881028939 0.06445783132530121 0.04581993569131833
0 0.791566265060241 0.3408360128617363 0.0572289156626506 0.05144694533762058
0 0.8409638554216867 0.39389067524115756 0.08132530120481928 0.06993569131832797
0 0.4331325301204819 0.3979099678456592 0.08132530120481928 0.053858520900321546
0 0.5012048192771085 0.40836012861736337 0.05060240963855422 0.06913183279742766
0 0.5078313253012048 0.3102893890675241 0.07590361445783132 0.04983922829581994
0 0.6 0.42684887459807075 0.08433734939759036 0.06028938906752412
0 0.619277108433735 0.2628617363344051 0.0572289156626506 0.05546623794212219
0 0.9096385542168675 0.17363344051446947 0.08674698795180723 0.06993569131832797
7 0.10240963855421686 0.7893890675241158 0.04819277108433735 0.06913183279742766
7 0.1536144578313253 0.5136655948553055 0.046987951807228916 0.06913183279742766
1 0.07048192771084337 0.5080385852090032 0.04457831325301205 0.05787781350482315
1 0.11626506024096385 0.6053054662379421 0.046987951807228916 0.06430868167202572
7 0.8740963855421687 0.8271704180064309 0.07951807228915662 0.09485530546623794
7 0.7367469879518073 0.8086816720257235 0.03855421686746988 0.07234726688102894
7 0.5879518072289157 0.9726688102893891 0.05060240963855422 0.05466237942122187
11 0.7746987951807229 0.7741157556270096 0.04457831325301205 0.08038585209003216
11 0.7457831325301205 0.8858520900321544 0.06506024096385542 0.08681672025723473
11 0.7933734939759036 0.9670418006430869 0.051807228915662654 0.06591639871382636
11 0.5072289156626506 0.8528938906752411 0.08072289156626505 0.10289389067524116
7 0.6451807228915662 0.8954983922829582 0.07228915662650602 0.08842443729903537
7 0.6951807228915663 0.8006430868167203 0.06987951807228916 0.08681672025723473
7 0.4246987951807229 0.9863344051446945 0.08313253012048193 0.027331189710610933
7 0.6277108433734939 0.9509646302250804 0.06265060240963856 0.09807073954983923
7 0.5524096385542169 0.9790996784565916 0.046987951807228916 0.04180064308681672