8 0.2446881425633996 0.325717633274751 0.03289924605894448 0.05799648506151142
7 0.1788896504455106 0.040421792618629174 0.02604523646333105 0.038078500292911543
7 0.3022618231665524 0.38371411833626246 0.03598355037697053 0.048916227299355595
8 0.726525017135024 0.021968365553602813 0.17409184372858122 0.043936731107205626
7 0.8851953392734749 0.09607498535442296 0.157642220699109 0.0849443468072642
7 0.5479780671692941 0.1329818394844757 0.09458533241946539 0.08787346221441125
1 0.19328307059629884 0.5946104276508495 0.07333790267306374 0.08055067369654365
1 0.13228238519533927 0.7243702401874634 0.06442769019876628 0.08289396602226128
1 0.20664838930774504 0.7428236672524897 0.059972583961617545 0.08728763913298183
1 0.3286497601096642 0.7580550673696543 0.08875942426319397 0.06531927357937903
1 0.31185743660041126 0.8441710603397774 0.05757368060315284 0.03690685413005272
1 0.433173406442769 0.9390743995313415 0.0822481151473612 0.05243116578793205
1 0.2155586017820425 0.8922085530169889 0.06442769019876628 0.10691271236086702
1 0.1720356408498972 0.9847685998828354 0.059972583961617545 0.03046280023432923
11 0.6216586703221384 0.961335676625659 0.10075394105551748 0.0770357352079672
11 0.6459904043865662 0.7809021675454013 0.1429061000685401 0.14879906268306972
11 0.6912268677176148 0.6142355008787346 0.15935572309801233 0.10456942003514938
11 0.7840986977381769 0.6915641476274165 0.12988348183687456 0.10456942003514938
11 0.7967786154900617 0.8072642062097246 0.10075394105551748 0.1268306971294669
11 0.8879369431117203 0.9144698301113063 0.10075394105551748 0.09080257762155829
7 0.9009595613433858 0.8072642062097246 0.090815627141878 0.09929701230228472