8 0.4212121212121212 0.21640625 0.04090909090909091 0.044921875
8 0.46545454545454545 0.248828125 0.03575757575757576 0.0328125
8 0.09636363636363636 0.373828125 0.03484848484848485 0.03359375
8 0.8233333333333334 0.110546875 0.026363636363636363 0.041796875
8 0.7630303030303031 0.25546875 0.024545454545454544 0.036328125
7 0.8709090909090909 0.15859375 0.026363636363636363 0.037109375
7 0.8818181818181818 0.126171875 0.029696969696969697 0.035546875
7 0.7966666666666666 0.19609375 0.03303030303030303 0.06171875
7 0.9236363636363636 0.143359375 0.03575757575757576 0.03984375
7 0.7806060606060606 0.32734375 0.024242424242424242 0.037109375
11 0.12454545454545454 0.73046875 0.08242424242424243 0.128125
11 0.024242424242424242 0.93828125 0.048484848484848485 0.10625
11 0.12515151515151515 0.977734375 0.06363636363636363 0.04453125
3 0.04666666666666667 0.434375 0.09333333333333334 0.06875
1 0.4703030303030303 0.792578125 0.11575757575757575 0.11640625
9 0.8806060606060606 0.78203125 0.12181818181818181 0.275
8 0.7806060606060606 0.679296875 0.028181818181818183 0.059375
8 0.9112121212121213 0.561328125 0.024242424242424242 0.060546875
8 0.9236363636363636 0.609375 0.005454545454545455 0.035546875
8 0.7875757575757576 0.7796875 0.03212121212121212 0.071484375
2 0.8212121212121212 0.695703125 0.02090909090909091 0.066796875