7 0.2566585956416465 0.1709470304975923 0.08050847457627118 0.07784911717495988
11 0.274818401937046 0.04735152487961477 0.04600484261501211 0.0593900481540931
11 0.3159806295399516 0.3796147672552167 0.051452784503631964 0.04012841091492777
0 0.23668280871670702 0.29213483146067415 0.06174334140435835 0.06581059390048154
7 0.8656174334140436 0.36276083467094705 0.13317191283292978 0.0738362760834671
7 0.7203389830508474 0.3651685393258427 0.11864406779661017 0.06902086677367576
11 0.11924939467312348 0.7463884430176565 0.06295399515738499 0.08828250401284109
7 0.3498789346246973 0.4373996789727127 0.08958837772397095 0.0754414125200642
7 0.3196125907990315 0.8507223113964687 0.06900726392251816 0.14446227929373998
7 0.05447941888619855 0.44542536115569825 0.06779661016949153 0.09149277688603531
7 0.12530266343825666 0.46468699839486355 0.08958837772397095 0.12199036918138041
7 0.3093220338983051 0.5922953451043339 0.09443099273607748 0.1348314606741573
7 0.028450363196125907 0.7006420545746388 0.05690072639225181 0.10112359550561797
8 0.6918886198547215 0.7929373996789727 0.05811138014527845 0.0754414125200642
8 0.7736077481840193 0.8306581059390048 0.05084745762711865 0.060995184590690206
8 0.8535108958837773 0.8852327447833066 0.03389830508474576 0.052969502407704656
1 0.7058111380145279 0.9895666131621188 0.043583535108958835 0.02086677367576244
1 0.6930992736077481 0.9109149277688604 0.043583535108958835 0.051364365971107544
1 0.6918886198547215 0.8523274478330658 0.043583535108958835 0.04012841091492777
7 0.8008474576271186 0.48635634028892455 0.02784503631961259 0.04333868378812199
1 0.8462469733656174 0.5080256821829856 0.03268765133171913 0.04654895666131621
1 0.9098062953995157 0.4823434991974318 0.031476997578692496 0.033707865168539325
7 0.6779661016949152 0.5754414125200642 0.048426150121065374 0.08667736757624397
7 0.6961259079903148 0.463884430176565 0.0387409200968523 0.048154093097913325
7 0.8062953995157385 0.5256821829855538 0.03631961259079903 0.03691813804173355
7 0.6301452784503632 0.7961476725521669 0.031476997578692496 0.0449438202247191