2 0.3104693140794224 0.17828200972447325 0.14320096269554752 0.18638573743922204
9 0.10108303249097472 0.1952998379254457 0.04693140794223827 0.07941653160453808
9 0.09747292418772563 0.3233387358184765 0.0842358604091456 0.07293354943273905
7 0.9464500601684718 0.14019448946515398 0.10709987966305656 0.11831442463533225
1 0.7821901323706378 0.1774716369529984 0.06859205776173286 0.09886547811993517
3 0.14259927797833935 0.5316045380875203 0.17809867629362214 0.2625607779578606
3 0.18772563176895307 0.7309562398703403 0.15282791817087846 0.2901134521880065
7 0.7623345367027677 0.6904376012965965 0.06618531889290012 0.08265802269043761
7 0.6913357400722022 0.6588330632090762 0.06257521058965103 0.08589951377633712
7 0.4687123947051745 0.799837925445705 0.06618531889290012 0.08265802269043761
7 0.7099879663056559 0.7633711507293355 0.05776173285198556 0.07941653160453808
7 0.8706377858002406 0.6871961102106969 0.049338146811071 0.06158833063209076
7 0.6401925391095066 0.5818476499189628 0.07821901323706378 0.10210696920583469