2 0.07702702702702703 0.3506756756756757 0.03986486486486487 0.057432432432432436
2 0.14256756756756755 0.2587837837837838 0.016891891891891893 0.030405405405405407
9 0.02364864864864865 0.25 0.03445945945945946 0.04932432432432433
0 0.019594594594594596 0.07905405405405405 0.02702702702702703 0.04391891891891892
2 0.13783783783783785 0.2885135135135135 0.014864864864864866 0.029054054054054056
1 0.7243243243243244 0.1662162162162162 0.12702702702702703 0.05878378378378379
1 0.5986486486486486 0.08986486486486486 0.16959459459459458 0.041891891891891894
1 0.6141891891891892 0.031081081081081083 0.07702702702702703 0.03581081081081081
1 0.4945945945945946 0.12837837837837837 0.06959459459459459 0.038513513513513516
1 0.3655405405405405 0.14594594594594595 0.1 0.027702702702702704
1 0.39256756756756755 0.19054054054054054 0.08513513513513514 0.031081081081081083
1 0.5466216216216216 0.18445945945945946 0.06959459459459459 0.032432432432432434
1 0.7398648648648649 0.22027027027027027 0.05810810810810811 0.038513513513513516
1 0.6027027027027027 0.24256756756756756 0.10405405405405406 0.038513513513513516
8 0.05202702702702703 0.8662162162162163 0.10405405405405406 0.12432432432432433
7 0.17905405405405406 0.9405405405405406 0.060810810810810814 0.11891891891891893
8 0.17094594594594595 0.6506756756756756 0.07702702702702703 0.11756756756756757
11 0.8844594594594595 0.927027027027027 0.13851351351351351 0.10810810810810811
11 0.7743243243243243 0.7 0.19527027027027027 0.17094594594594595
11 0.6405405405405405 0.5020270270270271 0.23108108108108108 0.11486486486486487
11 0.5277027027027027 0.6182432432432432 0.18513513513513513 0.11486486486486487
11 0.5506756756756757 0.7648648648648648 0.12837837837837837 0.15
11 0.45337837837837835 0.9182432432432432 0.13851351351351351 0.10472972972972973
7 0.3918918918918919 0.7891891891891892 0.12297297297297298 0.11486486486486487