8 0.09140625 0.0125 0.0546875 0.025
8 0.11015625 0.0763888888888889 0.053125 0.09722222222222222
9 0.18671875 0.5166666666666667 0.0578125 0.14444444444444443
9 0.2703125 0.5263888888888889 0.09375 0.125
9 0.25390625 0.41805555555555557 0.078125 0.11388888888888889
0 0.01171875 0.20555555555555555 0.0234375 0.25555555555555554
0 0.01015625 0.05277777777777778 0.0203125 0.10555555555555556
0 0.103125 0.20833333333333334 0.153125 0.19444444444444445
0 0.41484375 0.1986111111111111 0.0703125 0.24722222222222223
0 0.32890625 0.2611111111111111 0.18125 0.26944444444444443
7 0.30625 0.3861111111111111 0.0328125 0.06944444444444445
7 0.40546875 0.075 0.0484375 0.1
7 0.17734375 0.3527777777777778 0.0578125 0.10277777777777777
1 0.84765625 0.48055555555555557 0.1328125 0.21666666666666667
1 0.19296875 0.8652777777777778 0.10625 0.20277777777777778
1 0.1984375 0.9805555555555555 0.09375 0.03888888888888889
1 0.2703125 0.9388888888888889 0.096875 0.12222222222222222
6 0.0609375 0.8902777777777777 0.096875 0.15833333333333333
3 0.815625 0.7069444444444445 0.24140625 0.18611111111111112
3 0.7453125 0.8291666666666667 0.2109375 0.2