1 0.4847560975609756 0.07678571428571429 0.00853658536585366 0.06428571428571428
1 0.42804878048780487 0.0625 0.026829268292682926 0.0625
2 0.16158536585365854 0.48392857142857143 0.07560975609756097 0.1
9 0.375609756097561 0.33303571428571427 0.08048780487804878 0.08214285714285714
2 0.09634146341463415 0.625 0.08048780487804878 0.02857142857142857
7 0.723170731707317 0.3580357142857143 0.07134146341463414 0.11428571428571428
11 0.7189024390243902 0.5580357142857143 0.039634146341463415 0.09196428571428572
11 0.8128048780487804 0.049107142857142856 0.04573170731707317 0.06696428571428571
0 0.724390243902439 0.16071428571428573 0.05365853658536585 0.09821428571428571
11 0.3170731707317073 0.9848214285714286 0.046341463414634146 0.030357142857142857
6 0.8 0.8553571428571428 0.046341463414634146 0.08035714285714286
6 0.751219512195122 0.7758928571428572 0.04024390243902439 0.05714285714285714