9 0.29126794258373206 0.07662082514734773 0.14832535885167464 0.11296660117878192
9 0.33133971291866027 0.15520628683693516 0.13696172248803828 0.09332023575638507
9 0.42822966507177035 0.18271119842829076 0.06220095693779904 0.11787819253438114
9 0.15729665071770335 0.3280943025540275 0.0729665071770335 0.023575638506876228
2 0.17942583732057416 0.1807465618860511 0.10825358851674641 0.08153241650294696
9 0.7248803827751196 0.27996070726915523 0.04904306220095694 0.08644400785854617
7 0.7799043062200957 0.15913555992141454 0.05861244019138756 0.07269155206286837
7 0.8235645933014354 0.3113948919449902 0.029904306220095694 0.05697445972495088
11 0.3588516746411483 0.449901768172888 0.03229665071770335 0.0825147347740668
3 0.39832535885167464 0.7367387033398821 0.1166267942583732 0.275049115913556
3 0.18779904306220097 0.518664047151277 0.090311004784689 0.18860510805500982
3 0.32476076555023925 0.7858546168958742 0.04126794258373206 0.10216110019646366
3 0.14772727272727273 0.8113948919449901 0.04904306220095694 0.13359528487229863
3 0.10705741626794259 0.6463654223968566 0.07954545454545454 0.21611001964636542
3 0.18600478468899523 0.7426326129666012 0.06758373205741627 0.20039292730844793
3 0.2511961722488038 0.7269155206286837 0.08253588516746412 0.17288801571709234
3 0.020933014354066987 0.6090373280943026 0.04126794258373206 0.12180746561886051
8 0.7954545454545454 0.3703339882121807 0.045454545454545456 0.060903732809430254
8 0.8319377990430622 0.5717092337917485 0.05263157894736842 0.10609037328094302
9 0.9581339712918661 0.44695481335952847 0.0729665071770335 0.18271119842829076
7 0.9958133971291866 0.5943025540275049 0.008373205741626795 0.07269155206286837
7 0.5855263157894737 0.6444007858546169 0.06578947368421052 0.08840864440078586