1 0.41379310344827586 0.5785024154589372 0.028890959925442685 0.04710144927536232
1 0.3853681267474371 0.5211352657004831 0.025629077353215284 0.04528985507246377
1 0.4552656104380242 0.4921497584541063 0.025629077353215284 0.042874396135265704
1 0.33737185461323393 0.5265700483091788 0.015843429636533086 0.04528985507246377
2 0.1766076421248835 0.19021739130434784 0.04706430568499534 0.06944444444444445
2 0.41798695246971107 0.24818840579710144 0.034482758620689655 0.09118357487922706
9 0.31174277726001864 0.32065217391304346 0.05032618825722274 0.05615942028985507
2 0.13839701770736254 0.06038647342995169 0.05125815470643057 0.05374396135265701
7 0.7022367194780987 0.09601449275362318 0.04380242311276794 0.10265700483091787
7 0.8094128611369991 0.213768115942029 0.06803355079217148 0.07971014492753623
11 0.5116495806150979 0.18115942028985507 0.05964585274930102 0.050724637681159424
11 0.6365330848089469 0.14251207729468598 0.04287045666356011 0.057971014492753624
9 0.1891891891891892 0.7451690821256038 0.1542404473438956 0.1642512077294686
8 0.3257222739981361 0.8278985507246377 0.036346691519105315 0.035024154589371984
8 0.11789375582479031 0.8828502415458938 0.030288909599254427 0.036231884057971016
8 0.1048462255358807 0.8496376811594203 0.004193849021435228 0.022946859903381644
8 0.3271202236719478 0.7620772946859904 0.041472506989748366 0.042270531400966184
2 0.26700838769804286 0.8109903381642513 0.024231127679403542 0.04106280193236715
7 0.9151910531220876 0.8514492753623188 0.06710158434296365 0.06280193236714976
7 0.5931966449207828 0.7765700483091788 0.047530288909599254 0.0966183574879227
7 0.5302889095992545 0.8435990338164251 0.0782851817334576 0.12198067632850242
2 0.7208760484622554 0.9528985507246377 0.04380242311276794 0.09420289855072464
11 0.6458527493010252 0.9915458937198067 0.048462255358807084 0.016908212560386472
11 0.7945013979496738 0.9897342995169082 0.05871388630009319 0.020531400966183576
11 0.6430568499534017 0.8152173913043478 0.04100652376514446 0.028985507246376812