2 0.41848958333333336 0.10277777777777777 0.11927083333333334 0.12916666666666668
2 0.215625 0.1685185185185185 0.053385416666666664 0.062037037037037036
9 0.4640625 0.3143518518518518 0.09166666666666666 0.10648148148148148
0 0.37161458333333336 0.5791666666666667 0.08359375 0.09259259259259259
2 0.24348958333333334 0.12916666666666668 0.048177083333333336 0.056018518518518516
5 0.9565104166666667 0.36342592592592593 0.08697916666666666 0.23425925925925925
5 0.75234375 0.29212962962962963 0.18229166666666666 0.2462962962962963
5 0.56015625 0.14583333333333334 0.10052083333333334 0.2324074074074074
5 0.578125 0.03194444444444444 0.13645833333333332 0.06388888888888888
8 0.415625 0.8430555555555556 0.03671875 0.047685185185185185
8 0.10416666666666667 0.6865740740740741 0.03125 0.04027777777777778
9 0.25859375 0.7060185185185185 0.03567708333333333 0.04675925925925926
9 0.3489583333333333 0.7643518518518518 0.027604166666666666 0.03888888888888889
9 0.171875 0.7319444444444444 0.05182291666666667 0.05740740740740741
7 0.15885416666666666 0.787962962962963 0.04375 0.05185185185185185
11 0.21380208333333334 0.8208333333333333 0.040364583333333336 0.06157407407407407
11 0.19322916666666667 0.7921296296296296 0.028645833333333332 0.03796296296296296
4 0.26067708333333334 0.8523148148148149 0.03229166666666667 0.03564814814814815
4 0.32838541666666665 0.8060185185185185 0.03567708333333333 0.03564814814814815
7 0.23489583333333333 0.9180555555555555 0.03125 0.03796296296296296
6 0.7958333333333333 0.8069444444444445 0.030208333333333334 0.03981481481481482
6 0.8546875 0.8546296296296296 0.030208333333333334 0.030555555555555555
6 0.7682291666666666 0.7694444444444445 0.034375 0.046296296296296294
6 0.70390625 0.8342592592592593 0.034375 0.03425925925925926
6 0.70703125 0.7625 0.05963541666666667 0.06898148148148148
6 0.6848958333333334 0.7916666666666666 0.03697916666666667 0.03611111111111111
10 0.7458333333333333 0.825462962962963 0.0796875 0.06620370370370371
10 0.8361979166666667 0.799537037037037 0.039322916666666666 0.05138888888888889
10 0.7924479166666667 0.7398148148148148 0.06380208333333333 0.06712962962962964