0 0.36653846153846154 0.31986143187066973 0.13 0.11431870669745958
7 0.2523076923076923 0.41397228637413397 0.05730769230769231 0.05889145496535797
7 0.45384615384615384 0.342378752886836 0.07038461538461538 0.07621247113163972
7 0.22346153846153846 0.3331408775981524 0.08576923076923076 0.08833718244803695
2 0.8503846153846154 0.21478060046189376 0.035 0.11489607390300231
2 0.8738461538461538 0.37009237875288686 0.022692307692307692 0.09468822170900693
2 0.9476923076923077 0.1859122401847575 0.018461538461538463 0.07448036951501155
8 0.9903846153846154 0.12702078521939955 0.01423076923076923 0.06408775981524249
7 0.8415384615384616 0.2921478060046189 0.02846153846153846 0.08429561200923788
9 0.3523076923076923 0.8972286374133949 0.16153846153846155 0.1928406466512702
2 0.18923076923076923 0.953810623556582 0.052307692307692305 0.09237875288683603
2 0.17884615384615385 0.8585450346420324 0.055384615384615386 0.09930715935334873
2 0.6111538461538462 0.9867205542725174 0.08384615384615385 0.026558891454965358
7 0.37961538461538463 0.7326789838337182 0.08 0.11316397228637413
7 0.23653846153846153 0.6882217090069284 0.08846153846153847 0.07852193995381063
9 0.821923076923077 0.9509237875288684 0.018076923076923077 0.05196304849884527
9 0.8153846153846154 0.7933025404157044 0.015769230769230768 0.04503464203233257
9 0.8623076923076923 0.9705542725173211 0.018846153846153846 0.03868360277136259
9 0.8426923076923077 0.9434180138568129 0.018846153846153846 0.05658198614318707
8 0.8634615384615385 0.7367205542725174 0.016153846153846154 0.04503464203233257
4 0.7988461538461539 0.7551963048498845 0.011923076923076923 0.04157043879907621
4 0.9619230769230769 0.7892609699769053 0.013076923076923076 0.03983833718244804
1 0.925 0.8060046189376443 0.014615384615384615 0.05196304849884527
7 0.9473076923076923 0.7032332563510393 0.02 0.04849884526558892
6 0.8723076923076923 0.6997690531177829 0.012692307692307692 0.03521939953810624
0 0.931923076923077 0.8978060046189377 0.02076923076923077 0.05658198614318707