8 0.2572992700729927 0.06990291262135923 0.08150851581508516 0.10485436893203884
8 0.33394160583941607 0.0941747572815534 0.06934306569343066 0.06699029126213592
8 0.19282238442822383 0.24174757281553397 0.05900243309002433 0.06893203883495146
0 0.3777372262773723 0.19223300970873786 0.08150851581508516 0.09029126213592233
9 0.24087591240875914 0.3145631067961165 0.09732360097323602 0.10097087378640776
4 0.559610705596107 0.25922330097087376 0.07725060827250609 0.07766990291262135
7 0.30170316301703165 0.2446601941747573 0.05291970802919708 0.05825242718446602
7 0.10583941605839416 0.26310679611650484 0.04440389294403893 0.04757281553398058
7 0.8351581508515815 0.22135922330097088 0.05596107055961071 0.08155339805825243
8 0.9854014598540146 0.04951456310679612 0.029197080291970802 0.0912621359223301
7 0.2062043795620438 0.9097087378640777 0.06082725060827251 0.10097087378640776
11 0.054136253041362534 0.4563106796116505 0.04744525547445255 0.05436893203883495
11 0.3266423357664234 0.5145631067961165 0.05961070559610705 0.07766990291262135
11 0.5383211678832117 0.4970873786407767 0.0705596107055961 0.0912621359223301
11 0.33880778588807786 0.6135922330097088 0.051094890510948905 0.0854368932038835
1 0.7798053527980535 0.4786407766990291 0.1654501216545012 0.09902912621359224
1 0.9635036496350365 0.5524271844660195 0.06204379562043796 0.10097087378640776
1 0.9391727493917275 0.6388349514563106 0.057177615571776155 0.08349514563106795
1 0.9136253041362531 0.7203883495145631 0.052311435523114354 0.07961165048543689
1 0.982360097323601 0.8941747572815534 0.03527980535279805 0.1029126213592233
1 0.9330900243309003 0.9504854368932039 0.09002433090024331 0.09902912621359224
1 0.7901459854014599 0.7087378640776699 0.11192214111922141 0.1766990291262136
1 0.7469586374695864 0.5271844660194175 0.08637469586374696 0.1378640776699029
1 0.7950121654501217 0.7912621359223301 0.145985401459854 0.16310679611650486
1 0.8412408759124088 0.925242718446602 0.0681265206812652 0.1029126213592233
1 0.8947688564476886 0.8155339805825242 0.051094890510948905 0.07572815533980583
1 0.9604622871046229 0.829126213592233 0.043795620437956206 0.07378640776699029
1 0.9148418491484185 0.49902912621359224 0.06082725060827251 0.08932038834951456
1 0.8558394160583942 0.4970873786407767 0.0681265206812652 0.11067961165048544
1 0.6545012165450121 0.7368932038834951 0.04866180048661801 0.07572815533980583