8 0.1361997940267765 0.33753861997940265 0.024716786817713696 0.08316168898043254
8 0.10968074150360453 0.3779608650875386 0.021112255406797117 0.06153450051493306
8 0.8663748712667353 0.2729145211122554 0.07775489186405768 0.06694129763130793
9 0.5033470648815654 0.24639546858908343 0.12512873326467558 0.12100926879505665
9 0.6114830072090628 0.20185375901132852 0.08650875386199794 0.06951596292481978
7 0.6902677651905252 0.5651390319258497 0.09165808444902163 0.08856848609680741
7 0.550205973223481 0.46755921730175076 0.12976313079299692 0.13388259526261587
7 0.6894953656024717 0.262615859938208 0.11894953656024716 0.12976313079299692
9 0.10916580844490216 0.872811534500515 0.04248197734294542 0.04042224510813594
7 0.13877445932028837 0.8277548918640577 0.037075180226570546 0.04376930998970134
7 0.12435633367662204 0.9701338825952626 0.047888774459320285 0.0427394438722966
7 0.1513903192584964 0.9379505664263645 0.021627188465499485 0.024459320288362514
11 0.12461380020597322 0.9013903192584964 0.01956745623069001 0.022914521112255407
11 0.21009268795056643 0.833676622039135 0.01905252317198764 0.02832131822863028
11 0.1678681771369722 0.8419155509783728 0.023944387229660143 0.03141091658084449
11 0.15010298661174049 0.8936663233779608 0.028578784757981462 0.03244078269824923
11 0.2564366632337796 0.8661174047373842 0.023944387229660143 0.026776519052523172
11 0.2548918640576725 0.8944387229660145 0.02729145211122554 0.028836251287332648
11 0.21833161688980432 0.911946446961895 0.025231719876416064 0.036302780638516996
8 0.0774974253347065 0.8810504634397528 0.026519052523171986 0.03038105046343975
7 0.5764675592173018 0.9243048403707518 0.06848609680741503 0.03913491246138002
7 0.641091658084449 0.9598352214212152 0.05818743563336766 0.0411946446961895
7 0.6503604531410917 0.8777033985581875 0.044284243048403706 0.03269824922760041
7 0.49588053553038103 0.9042224510813595 0.06024716786817714 0.0378475798146241
7 0.8398558187435633 0.9255921730175077 0.053553038105046344 0.0411946446961895
11 0.8751287332646756 0.7438208032955715 0.043511843460350155 0.030895983522142123
11 0.90653964984552 0.7770339855818743 0.04248197734294542 0.027548918640576726
11 0.88259526261586 0.814109165808445 0.03527291452111225 0.024974253347064882
11 0.9786302780638517 0.8444902162718847 0.04248197734294542 0.026261585993820804
11 0.7049433573635427 0.7371266735324408 0.044284243048403706 0.024459320288362514
11 0.7700823892893924 0.7265705458290422 0.03527291452111225 0.026261585993820804
11 0.7077754891864058 0.9920185375901133 0.0592173017507724 0.01596292481977343
11 0.6670957775489187 0.7577239958805355 0.0378475798146241 0.027548918640576726