9 0.0575 0.22857142857142856 0.115 0.14065934065934066
11 0.4058333333333333 0.23296703296703297 0.09916666666666667 0.06043956043956044
11 0.28833333333333333 0.2923076923076923 0.04416666666666667 0.041758241758241756
1 0.72 0.321978021978022 0.09916666666666667 0.07802197802197802
1 0.4925 0.2967032967032967 0.06666666666666667 0.054945054945054944
1 0.6041666666666666 0.210989010989011 0.041666666666666664 0.04065934065934066
1 0.5925 0.29120879120879123 0.14416666666666667 0.0989010989010989
1 0.56 0.24065934065934066 0.0775 0.06923076923076923
1 0.3616666666666667 0.3791208791208791 0.0775 0.06373626373626373
1 0.315 0.14395604395604394 0.06166666666666667 0.04725274725274725
1 0.6441666666666667 0.3868131868131868 0.06666666666666667 0.05714285714285714
1 0.6008333333333333 0.12307692307692308 0.06666666666666667 0.054945054945054944
1 0.5058333333333334 0.35934065934065934 0.0775 0.08241758241758242
1 0.4125 0.34065934065934067 0.055 0.046153846153846156
7 0.5375 0.5659340659340659 0.09083333333333334 0.08351648351648351
7 0.7408333333333333 0.5626373626373626 0.06416666666666666 0.05824175824175824
7 0.43916666666666665 0.5010989010989011 0.08666666666666667 0.05824175824175824
7 0.6833333333333333 0.1901098901098901 0.08166666666666667 0.06703296703296703
0 0.6725 0.45494505494505494 0.0975 0.06923076923076923
6 0.058333333333333334 0.6879120879120879 0.11666666666666667 0.07912087912087912
6 0.035833333333333335 0.9516483516483516 0.07166666666666667 0.0967032967032967
6 0.16 0.9010989010989011 0.045 0.07472527472527472
1 0.6858333333333333 0.8406593406593407 0.1475 0.07912087912087912
1 0.8241666666666667 0.7747252747252747 0.10583333333333333 0.046153846153846156
1 0.345 0.9043956043956044 0.06916666666666667 0.04285714285714286
1 0.745 0.8219780219780219 0.11916666666666667 0.05824175824175824
1 0.5191666666666667 0.8769230769230769 0.115 0.054945054945054944
1 0.6733333333333333 0.7791208791208791 0.1075 0.045054945054945054
1 0.595 0.8 0.1075 0.06153846153846154