8 0.16338582677165353 0.5009765625 0.06692913385826772 0.017578125
8 0.1889763779527559 0.45703125 0.06692913385826772 0.06640625
9 0.296259842519685 0.142578125 0.07086614173228346 0.1171875
9 0.39173228346456695 0.1455078125 0.09448818897637795 0.083984375
9 0.3799212598425197 0.2236328125 0.09645669291338582 0.078125
0 0.040354330708661415 0.3583984375 0.08070866141732283 0.177734375
0 0.03641732283464567 0.470703125 0.07283464566929133 0.078125
0 0.18405511811023623 0.3642578125 0.19094488188976377 0.1328125
0 0.39763779527559057 0.3369140625 0.08267716535433071 0.185546875
7 0.4311023622047244 0.248046875 0.015748031496062992 0.046875
7 0.281496062992126 0.265625 0.07086614173228346 0.0703125
1 0.5482283464566929 0.419921875 0.04921259842519685 0.05078125
1 0.639763779527559 0.376953125 0.0610236220472441 0.05859375
1 0.577755905511811 0.2333984375 0.0531496062992126 0.05859375
1 0.468503937007874 0.3115234375 0.05905511811023622 0.099609375
11 0.20275590551181102 0.5654296875 0.11023622047244094 0.111328125
11 0.11220472440944881 0.8818359375 0.06692913385826772 0.06640625
11 0.11811023622047244 0.798828125 0.06692913385826772 0.060546875
0 0.296259842519685 0.7041015625 0.1141732283464567 0.1171875
10 0.7903543307086615 0.7763671875 0.41929133858267714 0.3076171875