9 0.2425 0.11120543293718166 0.10125 0.14770797962648557
8 0.104375 0.15619694397283532 0.105 0.12563667232597622
0 0.42375 0.3938879456706282 0.07375 0.10186757215619695
0 0.335 0.1731748726655348 0.05375 0.09168081494057725
5 0.735 0.030560271646859084 0.1125 0.06112054329371817
5 0.7925 0.18251273344651953 0.12875 0.17487266553480477
5 0.96875 0.10186757215619695 0.0625 0.09168081494057725
5 0.978125 0.1833616298811545 0.04375 0.08488964346349745
5 0.803125 0.36502546689303905 0.13875 0.1969439728353141
5 0.605 0.4838709677419355 0.055 0.07470288624787776
5 0.449375 0.9219015280135824 0.18125 0.15619694397283532
5 0.393125 0.6910016977928692 0.27875 0.28522920203735147
5 0.285625 0.9083191850594228 0.14125 0.1833616298811545
5 0.0675 0.8624787775891342 0.135 0.21392190152801357
11 0.599375 0.7478777589134126 0.07 0.12903225806451613