1 0.03719512195121951 0.5217785843920145 0.04024390243902439 0.034482758620689655
1 0.11036585365853659 0.5272232304900182 0.025609756097560974 0.023593466424682397
2 0.3621951219512195 0.09709618874773139 0.07317073170731707 0.09618874773139746
2 0.00975609756097561 0.16424682395644283 0.01951219512195122 0.12522686025408347
9 0.15426829268292683 0.2676950998185118 0.07804878048780488 0.0780399274047187
2 0.75 0.19147005444646098 0.05731707317073171 0.14791288566243194
7 0.8920731707317073 0.45462794918330307 0.05731707317073171 0.10526315789473684
7 0.7878048780487805 0.37295825771324864 0.029878048780487804 0.07622504537205081
7 0.9506097560975609 0.28765880217785844 0.036585365853658534 0.0925589836660617
0 0.8670731707317073 0.07622504537205081 0.07195121951219512 0.1297640653357532
7 0.4426829268292683 0.5989110707803993 0.06585365853658537 0.0998185117967332
7 0.022560975609756097 0.7921960072595281 0.045121951219512194 0.11070780399274047
7 0.35121951219512193 0.6297640653357531 0.07195121951219512 0.1088929219600726
8 0.5457317073170732 0.7695099818511797 0.041463414634146344 0.05807622504537205
8 0.42804878048780487 0.7704174228675136 0.03414634146341464 0.05807622504537205
8 0.35365853658536583 0.7840290381125227 0.041463414634146344 0.0544464609800363
8 0.22865853658536586 0.7858439201451906 0.026829268292682926 0.043557168784029036
8 0.0774390243902439 0.8430127041742287 0.05 0.05263157894736842
9 0.4548780487804878 0.9156079854809437 0.05853658536585366 0.10163339382940109
9 0.2682926829268293 0.7450090744101633 0.04024390243902439 0.06352087114337568
6 0.7054878048780487 0.8058076225045372 0.19146341463414634 0.10526315789473684
6 0.7213414634146341 0.6996370235934665 0.1902439024390244 0.11978221415607986
6 0.8640243902439024 0.7776769509981851 0.11951219512195121 0.14519056261343014