2 0.25859375 0.3176470588235294 0.0515625 0.10588235294117647
9 0.13828125 0.1188235294117647 0.065625 0.11764705882352941
8 0.28125 0.02588235294117647 0.059375 0.05176470588235294
8 0.19296875 0.1988235294117647 0.046875 0.08235294117647059
8 0.39375 0.3447058823529412 0.0671875 0.09176470588235294
8 0.3828125 0.009411764705882352 0.040625 0.018823529411764704
8 0.284375 0.19411764705882353 0.0578125 0.08235294117647059
7 0.0875 0.45176470588235296 0.0421875 0.07529411764705882
9 0.06328125 0.12470588235294118 0.059375 0.08705882352941176
7 0.134375 0.3788235294117647 0.06875 0.13647058823529412
7 0.04375 0.21529411764705883 0.05625 0.09176470588235294
7 0.17890625 0.13529411764705881 0.0515625 0.08235294117647059
7 0.3609375 0.07176470588235294 0.05 0.06588235294117648
7 0.08984375 0.3552941176470588 0.0421875 0.08
7 0.1015625 0.2 0.0359375 0.05411764705882353
7 0.040625 0.34 0.03125 0.05411764705882353
7 0.09765625 0.2847058823529412 0.040625 0.06588235294117648
7 0.21328125 0.1223529411764706 0.04375 0.06352941176470588
7 0.23359375 0.1811764705882353 0.040625 0.06352941176470588
9 0.7453125 0.2411764705882353 0.0921875 0.12941176470588237
9 0.84609375 0.5070588235294118 0.0609375 0.06352941176470588
8 0.87734375 0.1988235294117647 0.0578125 0.08470588235294117
8 0.81328125 0.05764705882352941 0.0390625 0.06588235294117648
8 0.75625 0.047058823529411764 0.046875 0.07529411764705882
7 0.75390625 0.38235294117647056 0.0359375 0.07058823529411765
7 0.66796875 0.17411764705882352 0.059375 0.12
4 0.090625 0.5811764705882353 0.078125 0.08470588235294117
4 0.14921875 0.6411764705882353 0.07265625 0.10352941176470588
4 0.31328125 0.7411764705882353 0.08359375 0.10705882352941176
7 0.26953125 0.7047058823529412 0.0625 0.08941176470588236
4 0.16796875 0.8 0.09921875 0.11764705882352941
9 0.62578125 0.831764705882353 0.1625 0.14705882352941177
9 0.64140625 0.7141176470588235 0.15078125 0.11647058823529412
9 0.56328125 0.6129411764705882 0.0796875 0.14823529411764705
9 0.928125 0.6211764705882353 0.0796875 0.07294117647058823
2 0.7984375 0.7929411764705883 0.11796875 0.10352941176470588