2 0.33416666666666667 0.19125 0.0375 0.08041666666666666
9 0.22958333333333333 0.33625 0.04833333333333333 0.09
9 0.3308333333333333 0.5179166666666667 0.052083333333333336 0.0675
8 0.3383333333333333 0.4354166666666667 0.045 0.057916666666666665
8 0.46041666666666664 0.49916666666666665 0.0325 0.04666666666666667
8 0.38708333333333333 0.53375 0.0425 0.04875
8 0.27625 0.2791666666666667 0.035 0.06375
8 0.4429166666666667 0.18458333333333332 0.050833333333333335 0.06916666666666667
8 0.4175 0.46458333333333335 0.03125 0.045
8 0.34833333333333333 0.2920833333333333 0.04375 0.06166666666666667
7 0.20458333333333334 0.0675 0.03125 0.05625
9 0.17041666666666666 0.32416666666666666 0.045 0.06541666666666666
7 0.23833333333333334 0.13 0.04958333333333333 0.105
7 0.15875 0.25 0.04125 0.06916666666666667
7 0.2625 0.3279166666666667 0.03875 0.06166666666666667
7 0.40375 0.39708333333333334 0.0375 0.04875
7 0.11458333333333333 0.08041666666666666 0.05458333333333333 0.07875
7 0.20208333333333334 0.14416666666666667 0.03125 0.06166666666666667
7 0.20416666666666666 0.26875 0.02625 0.04125
7 0.09083333333333334 0.19958333333333333 0.04 0.07666666666666666
7 0.16166666666666665 0.15083333333333335 0.02375 0.04125
7 0.20541666666666666 0.20041666666666666 0.03125 0.050416666666666665
7 0.3625 0.4925 0.035 0.05416666666666667
7 0.235 0.45125 0.045 0.04666666666666667
7 0.2891666666666667 0.3416666666666667 0.03375 0.04666666666666667
7 0.30791666666666667 0.2966666666666667 0.03125 0.04666666666666667
6 0.8816666666666667 0.14916666666666667 0.11416666666666667 0.105
6 0.59875 0.14375 0.1175 0.09583333333333334
6 0.96 0.2733333333333333 0.08 0.19833333333333333
6 0.7679166666666667 0.14833333333333334 0.09166666666666666 0.14833333333333334
6 0.5570833333333334 0.2816666666666667 0.034166666666666665 0.15166666666666667
6 0.5983333333333334 0.41375 0.11666666666666667 0.1575
3 0.2679166666666667 0.665 0.32083333333333336 0.15
3 0.095 0.9495833333333333 0.08791666666666667 0.10083333333333333
3 0.3825 0.9441666666666667 0.10166666666666667 0.08083333333333333
3 0.3875 0.7916666666666666 0.20333333333333334 0.19708333333333333
3 0.25916666666666666 0.7883333333333333 0.15083333333333335 0.1525
8 0.9 0.635 0.0275 0.03833333333333333
9 0.8254166666666667 0.84875 0.04125 0.07041666666666667
0 0.75375 0.8779166666666667 0.057916666666666665 0.05583333333333333
0 0.8466666666666667 0.76375 0.04041666666666666 0.04583333333333333
0 0.8033333333333333 0.7729166666666667 0.029166666666666667 0.042083333333333334
0 0.705 0.7845833333333333 0.06708333333333333 0.09583333333333334
0 0.6683333333333333 0.8916666666666667 0.0325 0.050416666666666665
0 0.91375 0.73625 0.04041666666666666 0.044583333333333336
0 0.74875 0.7845833333333333 0.04375 0.04666666666666667
0 0.7825 0.69875 0.05708333333333333 0.03833333333333333
0 0.8558333333333333 0.7008333333333333 0.042916666666666665 0.06375
11 0.7958333333333333 0.6379166666666667 0.042916666666666665 0.05583333333333333