9 0.19875 0.206875 0.02 0.07375
9 0.124375 0.310625 0.0275 0.078125
9 0.225 0.21125 0.015625 0.04625
9 0.140625 0.42125 0.02875 0.05625
9 0.176875 0.244375 0.025625 0.1125
1 0.086875 0.23625 0.02 0.075
1 0.109375 0.07875 0.01625 0.061875
1 0.1325 0.08 0.01875 0.066875
11 0.09375 0.35875 0.01625 0.075
8 0.178125 0.463125 0.015 0.051875
8 0.19875 0.093125 0.01625 0.04625
9 0.178125 0.324375 0.03625 0.061875
7 0.100625 0.418125 0.01375 0.036875
7 0.11625 0.424375 0.01375 0.034375
7 0.16875 0.0675 0.015625 0.045
7 0.200625 0.353125 0.0125 0.038125
7 0.175 0.376875 0.0125 0.03
7 0.16125 0.398125 0.015 0.0425
0 0.14375 0.316875 0.015 0.04625
0 0.146875 0.373125 0.02 0.051875
0 0.215625 0.16125 0.02 0.063125
7 0.666875 0.29 0.104375 0.095625
11 0.676875 0.4525 0.05875 0.075
11 0.530625 0.04375 0.068125 0.056875
0 0.66 0.129375 0.079375 0.0825
9 0.146875 0.6175 0.24625 0.195
7 0.240625 0.86375 0.05875 0.1
1 0.56875 0.59875 0.100625 0.076875
1 0.46625 0.7225 0.0875 0.07875
1 0.573125 0.745 0.08125 0.083125
1 0.74875 0.76875 0.123125 0.06
1 0.71625 0.850625 0.08125 0.031875
1 0.883125 0.951875 0.116875 0.045
1 0.571875 0.8925 0.084375 0.1025
1 0.49875 0.9825 0.0875 0.035