11 0.47229916897506924 0.15342960288808663 0.04293628808864266 0.048736462093862815
11 0.4868421052631579 0.18953068592057762 0.037396121883656507 0.0631768953068592
11 0.43213296398891965 0.13447653429602888 0.036011080332409975 0.048736462093862815
11 0.38365650969529086 0.10288808664259928 0.036011080332409975 0.04693140794223827
11 0.3254847645429363 0.1272563176895307 0.024930747922437674 0.03790613718411552
11 0.3898891966759003 0.1723826714801444 0.029085872576177285 0.05776173285198556
7 0.38573407202216065 0.3203971119133574 0.05124653739612189 0.05595667870036101
0 0.2915512465373961 0.27166064981949456 0.060941828254847646 0.0776173285198556
0 0.35318559556786705 0.1624548736462094 0.04293628808864266 0.07220216606498195
0 0.4182825484764543 0.21660649819494585 0.045706371191135735 0.048736462093862815
10 0.6945983379501385 0.17148014440433212 0.27008310249307477 0.34296028880866425
10 0.9023545706371191 0.17418772563176896 0.19529085872576177 0.3194945848375451
10 0.7022160664819944 0.032490974729241874 0.2853185595567867 0.06498194945848375
8 0.3511080332409972 0.7012635379061372 0.07479224376731301 0.09386281588447654
8 0.26385041551246535 0.6371841155234657 0.06371191135734072 0.0776173285198556
8 0.18213296398891968 0.5568592057761733 0.0443213296398892 0.06498194945848375
1 0.36634349030470914 0.45938628158844763 0.055401662049861494 0.0703971119133574
1 0.36634349030470914 0.5703971119133574 0.054016620498614956 0.06678700361010831
1 0.35941828254847646 0.6353790613718412 0.054016620498614956 0.05415162454873646
1 0.5062326869806094 0.4720216606498195 0.07063711911357341 0.0740072202166065
7 0.1814404432132964 0.9927797833935018 0.036011080332409975 0.01444043321299639
1 0.13365650969529086 0.973826714801444 0.04293628808864266 0.052346570397111915
1 0.05817174515235457 0.9828519855595668 0.038781163434903045 0.03429602888086643
7 0.3337950138504155 0.9449458483754513 0.06509695290858726 0.10469314079422383
7 0.1814404432132964 0.9675090252707581 0.045706371191135735 0.048736462093862815
7 0.4203601108033241 0.7129963898916968 0.04155124653739612 0.05595667870036101