2 0.40402028250633826 0.18588199879590608 0.11644331763853676 0.10836845273931367
9 0.31763853676204273 0.29756170981336544 0.12513582035494386 0.0705900060204696
8 0.3719666787395871 0.25165562913907286 0.07787033683448026 0.03868151715833835
1 0.7059036580948932 0.20921131848284166 0.06392611372691054 0.08925346177001806
1 0.7935530604853314 0.17218543046357615 0.02969938428105759 0.048464780252859725
1 0.9250271640709887 0.19009632751354605 0.09652299891343716 0.11739915713425647
1 0.9398768562115176 0.30102347983142685 0.04310032596885187 0.11228175797712221
1 0.8328504165157552 0.2856712823600241 0.049076421586381744 0.08157736303431667
1 0.8069540021731256 0.4450632149307646 0.02969938428105759 0.08669476219145093
1 0.7260050706265846 0.43874172185430466 0.09797174936617167 0.08413606261288381
0 0.7019195943498733 0.059903672486453945 0.10865628395508874 0.11980734497290789
11 0.5135820354943861 0.7358518964479229 0.07533502354219486 0.058398555087296806
11 0.54291923216226 0.7876279349789284 0.05016298442593263 0.042745334136062615
11 0.48424483882651215 0.8449729078868151 0.05016298442593263 0.04048765803732691
11 0.5262586019558131 0.9011137868753762 0.047446577327055414 0.04048765803732691
11 0.5387540746106483 0.8415111378687538 0.05867439333574792 0.053883202889825406
11 0.41307497283592903 0.5863937387116195 0.05016298442593263 0.045003010234798316
11 0.422854038391887 0.6279349789283564 0.05867439333574792 0.049518362432269716
11 0.2846794639623325 0.5875978326309452 0.1032234697573343 0.08985550872968091
11 0.20789568996740312 0.6538229981938591 0.1144512857660268 0.06291390728476821
11 0.1144512857660268 0.7290788681517159 0.12278160086925027 0.07871763997591812
11 0.30423759507424847 0.8090006020469597 0.055776892430278883 0.047260686333534016
11 0.22618616443317638 0.8707104154124021 0.05867439333574792 0.051625526791089706
11 0.16606302064469394 0.8112582781456954 0.13400941687794277 0.08985550872968091
11 0.0697211155378486 0.8774834437086093 0.10050706265845707 0.07420228777844672
11 0.2303513219847881 0.7313365442504516 0.08927924664976458 0.07645996387718242
5 0.6848967765302426 0.5948223961468995 0.13038754074610648 0.21011438892233594