2 0.1099537037037037 0.10027472527472528 0.1527777777777778 0.12293956043956043
2 0.36766975308641975 0.15934065934065933 0.06674382716049383 0.061813186813186816
9 0.05709876543209876 0.30357142857142855 0.11419753086419752 0.1043956043956044
0 0.17824074074074073 0.5521978021978022 0.10493827160493827 0.08791208791208792
2 0.32947530864197533 0.12293956043956043 0.060570987654320986 0.05357142857142857
8 0.9278549382716049 0.3605769230769231 0.0787037037037037 0.1304945054945055
8 0.8236882716049383 0.0521978021978022 0.09490740740740741 0.1043956043956044
8 0.8726851851851852 0.3008241758241758 0.1087962962962963 0.21978021978021978
9 0.4020061728395062 0.7513736263736264 0.09182098765432099 0.07760989010989011
9 0.27816358024691357 0.6298076923076923 0.10416666666666667 0.061813186813186816
9 0.10455246913580248 0.7115384615384616 0.08564814814814815 0.06387362637362637
9 0.11226851851851852 0.8798076923076923 0.0933641975308642 0.059752747252747256
1 0.47723765432098764 0.8743131868131868 0.05439814814814815 0.050824175824175824
1 0.43016975308641975 0.8873626373626373 0.04089506172839506 0.042582417582417584
1 0.41473765432098764 0.9306318681318682 0.050540123456790126 0.048763736263736264
1 0.36342592592592593 0.9278846153846154 0.03665123456790124 0.028846153846153848
1 0.3653549382716049 0.8138736263736264 0.04089506172839506 0.03777472527472527
1 0.12345679012345678 0.7857142857142857 0.0470679012345679 0.04189560439560439
8 0.21566358024691357 0.8482142857142857 0.058256172839506175 0.05631868131868132
8 0.1732253086419753 0.904532967032967 0.07523148148148148 0.061813186813186816
8 0.5563271604938271 0.801510989010989 0.08063271604938271 0.06318681318681318