0 0.3152 0.3258064516129032 0.1248 0.15161290322580645
7 0.2672 0.17204301075268819 0.0576 0.07526881720430108
7 0.388 0.35698924731182796 0.0688 0.0935483870967742
7 0.216 0.22688172043010751 0.0848 0.11182795698924732
9 0.7304 0.6064516129032258 0.1232 0.12473118279569892
11 0.952 0.589247311827957 0.064 0.07311827956989247
11 0.9352 0.6516129032258065 0.0784 0.034408602150537634
1 0.4472 0.8333333333333334 0.1432 0.06344086021505377
1 0.424 0.7548387096774194 0.1632 0.054838709677419356
1 0.4896 0.710752688172043 0.0848 0.03763440860215054
1 0.308 0.7688172043010753 0.0816 0.03870967741935484
1 0.1928 0.7634408602150538 0.0976 0.035483870967741936
1 0.1728 0.8032258064516129 0.088 0.035483870967741936
1 0.2952 0.8204301075268817 0.0784 0.03333333333333333
1 0.4096 0.878494623655914 0.0752 0.03870967741935484
1 0.2856 0.875268817204301 0.1112 0.04408602150537634
7 0.8368 0.7193548387096774 0.0704 0.1010752688172043
1 0.7368 0.7709677419354839 0.0672 0.09247311827956989