2 0.2425 0.5112443778110944 0.148 0.19640179910044978
9 0.305 0.30434782608695654 0.151 0.14392803598200898
8 0.2585 0.3980509745127436 0.093 0.08095952023988005
6 0.978 0.38980509745127434 0.044 0.08395802098950525
6 0.9405 0.3140929535232384 0.064 0.08095952023988005
6 0.8565 0.3395802098950525 0.028 0.046476761619190406
6 0.8775 0.17916041979010494 0.064 0.0944527736131934
6 0.745 0.14392803598200898 0.068 0.10494752623688156
6 0.7565 0.3365817091454273 0.088 0.09745127436281859
6 0.736 0.2766116941529235 0.043 0.05847076461769116
6 0.7925 0.2143928035982009 0.039 0.049475262368815595
6 0.8595 0.0967016491754123 0.093 0.10044977511244378
3 0.385 0.9145427286356822 0.061 0.10944527736131934
11 0.845 0.9205397301349325 0.046 0.08695652173913043
7 0.8245 0.7428785607196402 0.046 0.08095952023988005
7 0.994 0.7766116941529235 0.012 0.095952023988006
7 0.666 0.8065967016491754 0.054 0.05997001499250375
7 0.522 0.9557721139430285 0.035 0.050974512743628186
7 0.722 0.9242878560719641 0.031 0.041979010494752625
7 0.67 0.7016491754122939 0.042 0.0239880059970015