2 0.24743589743589745 0.04223744292237443 0.11217948717948718 0.08447488584474885
2 0.36346153846153845 0.204337899543379 0.05 0.0547945205479452
9 0.08717948717948718 0.14383561643835616 0.0967948717948718 0.09018264840182648
0 0.025 0.3858447488584475 0.05 0.0776255707762557
2 0.3647435897435897 0.1598173515981735 0.04487179487179487 0.0502283105022831
8 0.7596153846153846 0.21118721461187215 0.0685897435897436 0.10730593607305935
8 0.8493589743589743 0.2454337899543379 0.07628205128205129 0.1050228310502283
8 0.907051282051282 0.2922374429223744 0.0685897435897436 0.08561643835616438
8 0.7717948717948718 0.4885844748858447 0.06153846153846154 0.09931506849315068
11 0.8455128205128205 0.4178082191780822 0.11987179487179488 0.11301369863013698
4 0.1076923076923077 0.8036529680365296 0.052564102564102565 0.0593607305936073
4 0.36538461538461536 0.7968036529680366 0.06153846153846154 0.08105022831050228
7 0.4564102564102564 0.791095890410959 0.08653846153846154 0.136986301369863
4 0.04230769230769231 0.8276255707762558 0.05448717948717949 0.07534246575342465
4 0.06602564102564103 0.723744292237443 0.03205128205128205 0.03995433789954338
7 0.28397435897435896 0.882420091324201 0.06987179487179487 0.07534246575342465
7 0.4012820512820513 0.6426940639269406 0.05448717948717949 0.06164383561643835
7 0.28717948717948716 0.660958904109589 0.05961538461538462 0.06164383561643835
7 0.36666666666666664 0.8926940639269406 0.057692307692307696 0.0593607305936073
7 0.8897435897435897 0.9269406392694064 0.06538461538461539 0.11187214611872145
7 0.7858974358974359 0.7226027397260274 0.07051282051282051 0.1232876712328767
7 0.8557692307692307 0.5958904109589042 0.06538461538461539 0.0730593607305936