9 0.29125 0.4350558659217877 0.0375 0.08798882681564246
0 0.046875 0.45251396648044695 0.07375 0.05307262569832402
0 0.22625 0.4134078212290503 0.05375 0.07541899441340782
1 0.219375 0.07681564245810056 0.05125 0.05446927374301676
8 0.58125 0.22416201117318435 0.08 0.09497206703910614
8 0.109375 0.8058659217877095 0.1 0.11592178770949721
7 0.26625 0.9134078212290503 0.0875 0.11452513966480447
7 0.01875 0.696927374301676 0.0375 0.06983240223463687
5 0.78375 0.8093575418994413 0.431875 0.3722067039106145
5 0.78875 0.6208100558659218 0.190625 0.16131284916201116
5 0.615 0.6878491620111732 0.07875 0.10614525139664804
5 0.52875 0.5649441340782123 0.244375 0.17108938547486033
5 0.454375 0.848463687150838 0.234375 0.2011173184357542
2 0.793125 0.9678770949720671 0.12125 0.06354748603351955