8 0.007317073170731708 0.39285714285714285 0.014634146341463415 0.05639097744360902
9 0.1 0.11466165413533834 0.03170731707317073 0.10902255639097744
9 0.16341463414634147 0.13815789473684212 0.06707317073170732 0.06578947368421052
9 0.1402439024390244 0.20676691729323307 0.054878048780487805 0.06203007518796992
0 0.03048780487804878 0.30451127819548873 0.06097560975609756 0.09774436090225563
0 0.25365853658536586 0.39849624060150374 0.05975609756097561 0.15601503759398497
0 0.18170731707317073 0.3308270676691729 0.12804878048780488 0.14661654135338345
7 0.17682926829268292 0.24154135338345864 0.020731707317073172 0.041353383458646614
7 0.22195121951219512 0.47368421052631576 0.03170731707317073 0.06015037593984962
7 0.07560975609756097 0.22838345864661655 0.03780487804878049 0.05827067669172932
1 0.8573170731707317 0.38721804511278196 0.05731707317073171 0.09586466165413533
1 0.7853658536585366 0.32894736842105265 0.03780487804878049 0.09586466165413533
1 0.6085365853658536 0.29605263157894735 0.09878048780487805 0.14473684210526316
1 0.6731707317073171 0.20958646616541354 0.10853658536585366 0.06578947368421052
1 0.3335365853658537 0.26597744360902253 0.06707317073170732 0.06578947368421052
1 0.5695121951219512 0.4859022556390977 0.06829268292682927 0.06578947368421052
1 0.6841463414634147 0.49906015037593987 0.041463414634146344 0.039473684210526314
1 0.44146341463414634 0.1513157894736842 0.03048780487804878 0.06766917293233082
1 0.48292682926829267 0.08270676691729323 0.032926829268292684 0.06578947368421052
1 0.38658536585365855 0.30545112781954886 0.041463414634146344 0.08458646616541353
1 0.8621951219512195 0.23590225563909775 0.05365853658536585 0.06390977443609022
1 0.9378048780487804 0.22274436090225563 0.04024390243902439 0.07142857142857142
7 0.7719512195121951 0.03853383458646616 0.06585365853658537 0.07706766917293233
7 0.9810975609756097 0.041353383458646614 0.03780487804878049 0.08270676691729323
7 0.2554878048780488 0.6983082706766918 0.07682926829268293 0.12030075187969924
8 0.2682926829268293 0.856203007518797 0.042682926829268296 0.06015037593984962
8 0.1445121951219512 0.8778195488721805 0.02926829268292683 0.04887218045112782
8 0.011585365853658536 0.9614661654135338 0.023170731707317073 0.05827067669172932
9 0.18048780487804877 0.8298872180451128 0.042682926829268296 0.06954887218045112
11 0.6146341463414634 0.7133458646616542 0.02621951219512195 0.043233082706766915
11 0.6274390243902439 0.8270676691729323 0.027439024390243903 0.039473684210526314
11 0.6298780487804878 0.8778195488721805 0.01707317073170732 0.020676691729323307
11 0.6036585365853658 0.8402255639097744 0.031097560975609756 0.04887218045112782
1 0.5384146341463415 0.8731203007518797 0.05060975609756098 0.040413533834586464
1 0.5182926829268293 0.8486842105263158 0.031097560975609756 0.043233082706766915
7 0.3670731707317073 0.9219924812030075 0.04695121951219512 0.06484962406015038