7 0.37244897959183676 0.24344978165938866 0.1096938775510204 0.12117903930131005
11 0.4145408163265306 0.0851528384279476 0.06505102040816327 0.08624454148471616
11 0.20280612244897958 0.44868995633187775 0.07015306122448979 0.07096069868995633
0 0.336734693877551 0.39956331877729256 0.08418367346938775 0.10043668122270742
3 0.75 0.37336244541484714 0.14285714285714285 0.21615720524017468
3 0.9107142857142857 0.2914847161572052 0.10841836734693877 0.14847161572052403
3 0.8201530612244898 0.21724890829694324 0.09056122448979592 0.1277292576419214
3 0.9464285714285714 0.20851528384279475 0.10586734693877552 0.17685589519650655
1 0.8737244897959183 0.36026200873362446 0.11224489795918367 0.15829694323144106
1 0.8622448979591837 0.45087336244541487 0.11224489795918367 0.15502183406113537
8 0.639030612244898 0.5753275109170306 0.07908163265306123 0.09388646288209607
11 0.3137755102040816 0.7969432314410481 0.14795918367346939 0.13537117903930132
11 0.04336734693877551 0.9541484716157205 0.08673469387755102 0.06986899563318777
0 0.3010204081632653 0.9585152838427947 0.15306122448979592 0.08296943231441048
2 0.8698979591836735 0.6495633187772926 0.05357142857142857 0.048034934497816595
2 0.8966836734693877 0.6179039301310044 0.04591836734693878 0.043668122270742356