7 0.2353395061728395 0.60125 0.05709876543209876 0.14
7 0.26697530864197533 0.311875 0.05941358024691358 0.138125
7 0.283179012345679 0.15375 0.04398148148148148 0.16
7 0.3159722222222222 0.45125 0.03780864197530864 0.14
7 0.1099537037037037 0.498125 0.05169753086419753 0.14625
9 0.16358024691358025 0.578125 0.07523148148148148 0.291875
9 0.07137345679012345 0.64 0.04861111111111111 0.16
3 0.6346450617283951 0.555625 0.07947530864197531 0.196875
3 0.5802469135802469 0.2275 0.09104938271604938 0.205
3 0.5601851851851852 0.57 0.05632716049382716 0.180625
9 0.18209876543209877 0.835 0.05709876543209876 0.07
8 0.27121913580246915 0.98 0.06095679012345679 0.04
11 0.33024691358024694 0.843125 0.04089506172839506 0.08125
9 0.6766975308641975 0.974375 0.07561728395061729 0.05125
8 0.7905092592592593 0.968125 0.037037037037037035 0.06
1 0.7835648148148148 0.898125 0.05324074074074074 0.075
1 0.8306327160493827 0.973125 0.04243827160493827 0.05375