8 0.28252032520325204 0.23818897637795275 0.04336043360433604 0.07283464566929133
7 0.2073170731707317 0.3198818897637795 0.04742547425474255 0.0610236220472441
7 0.9600271002710027 0.13188976377952755 0.07994579945799458 0.15748031496062992
2 0.6863143631436315 0.29822834645669294 0.11788617886178862 0.1437007874015748
9 0.9369918699186992 0.3937007874015748 0.0989159891598916 0.12992125984251968
9 0.8191056910569106 0.41338582677165353 0.058265582655826556 0.09055118110236221
11 0.8455284552845529 0.1309055118110236 0.07046070460704607 0.07677165354330709
11 0.8428184281842819 0.22440944881889763 0.025745257452574527 0.051181102362204724
11 0.7567750677506775 0.17421259842519685 0.04878048780487805 0.0688976377952756
8 0.36449864498644985 0.9045275590551181 0.09349593495934959 0.13385826771653545
8 0.231029810298103 0.7273622047244095 0.06300813008130081 0.09744094488188976
0 0.8922764227642277 0.6938976377952756 0.08672086720867209 0.1515748031496063
0 0.6639566395663956 0.6771653543307087 0.08672086720867209 0.1141732283464567
11 0.989159891598916 0.7057086614173228 0.02168021680216802 0.06496062992125984
11 0.6253387533875339 0.8759842519685039 0.052845528455284556 0.06299212598425197
0 0.5155826558265583 0.7962598425196851 0.052845528455284556 0.10039370078740158