2 0.162109375 0.5817702227432591 0.083203125 0.0955451348182884
2 0.299609375 0.4284876905041032 0.03515625 0.05070339976553341
9 0.050390625 0.4144196951934349 0.072265625 0.08147713950762016
0 0.04140625 0.13071512309495897 0.05703125 0.07297772567409144
2 0.28984375 0.47772567409144195 0.03046875 0.0477725674091442
11 0.789453125 0.2924970691676436 0.02109375 0.04572098475967175
11 0.616796875 0.18933177022274325 0.035546875 0.04220398593200469
11 0.65078125 0.4504689331770223 0.030859375 0.04337631887456037
5 0.73671875 0.4454865181711606 0.04296875 0.05128956623681125
5 0.921875 0.15504103165298944 0.03984375 0.0682883939038687
5 0.899609375 0.22186400937866355 0.032421875 0.04689331770222743
5 0.7265625 0.2599648300117233 0.0265625 0.06389214536928488
9 0.54296875 0.36723329425556855 0.015234375 0.03751465416178194
9 0.837890625 0.15445486518171161 0.065234375 0.09935521688159438
9 0.925 0.5530480656506448 0.05078125 0.06740914419695193
9 0.858203125 0.5934935521688159 0.045703125 0.05246189917936694
9 0.79609375 0.5638921453692849 0.0546875 0.05715123094958968
5 0.603515625 0.5805978898007034 0.04453125 0.06037514654161782
5 0.623828125 0.39566236811254396 0.04296875 0.06037514654161782
5 0.575390625 0.384232121922626 0.062109375 0.08323563892145369
5 0.645703125 0.3094958968347011 0.041796875 0.05363423212192263
5 0.618359375 0.23446658851113716 0.05 0.06506447831184056
5 0.734765625 0.3625439624853458 0.059375 0.06037514654161782
9 0.759375 0.4469519343493552 0.022265625 0.08089097303634232
9 0.7421875 0.5600820633059789 0.035546875 0.0477725674091442
9 0.75703125 0.261137162954279 0.039453125 0.07063305978898007
7 0.8203125 0.37749120750293086 0.021484375 0.03429073856975381
7 0.81171875 0.41178194607268465 0.0203125 0.03985932004689332
9 0.787890625 0.4384525205158265 0.025390625 0.041031652989449004
9 0.791015625 0.48534583821805394 0.0203125 0.04220398593200469
7 0.94921875 0.3713364595545135 0.030859375 0.04572098475967175
7 0.480859375 0.15445486518171161 0.022265625 0.05011723329425557
7 0.491796875 0.32854630715123095 0.021484375 0.04337631887456037
7 0.524609375 0.30041031652989447 0.031640625 0.048944900351699884
7 0.491796875 0.10550996483001172 0.02421875 0.03751465416178194
9 0.57890625 0.1899179366940211 0.038671875 0.05480656506447831
9 0.810546875 0.2365181711606096 0.05 0.0615474794841735
9 0.860546875 0.2702227432590856 0.04375 0.05715123094958968
9 0.58125 0.28751465416178196 0.04375 0.048944900351699884
9 0.68125 0.25205158264947247 0.031640625 0.05128956623681125
9 0.712109375 0.3159437280187573 0.032421875 0.0627198124267292
3 0.062890625 0.7013481828839391 0.12578125 0.14361078546307152
3 0.22421875 0.7104337631887456 0.1 0.1365767878077374
8 0.548828125 0.8710433763188745 0.029296875 0.04015240328253224
8 0.91953125 0.8537514654161782 0.025390625 0.033704572098475966
9 0.758203125 0.9150058616647128 0.029296875 0.03780773739742087
9 0.645703125 0.9085580304806565 0.021484375 0.033704572098475966
9 0.834375 0.847303634232122 0.047265625 0.04337631887456037
7 0.8265625 0.7904454865181711 0.03828125 0.041031652989449004
11 0.758203125 0.7881008206330598 0.029296875 0.05509964830011723
11 0.790234375 0.8039273153575616 0.02265625 0.03253223915592028
4 0.699609375 0.7839976553341149 0.029296875 0.026963657678780773
4 0.65 0.8601992966002344 0.035546875 0.023739742086752638
7 0.700390625 0.7107268464243846 0.02734375 0.03018757327080891