5 0.21731234866828086 0.2857142857142857 0.16343825665859565 0.17335473515248795
5 0.5526634382566586 0.08587479935794542 0.09322033898305085 0.17174959871589085
9 0.36561743341404357 0.5898876404494382 0.07506053268765134 0.04654895666131621
9 0.2584745762711864 0.6284109149277689 0.08232445520581114 0.05377207062600321
7 0.13983050847457626 0.6500802568218299 0.04963680387409201 0.03451043338683788
8 0.0774818401937046 0.8908507223113965 0.06598062953995157 0.04654895666131621
8 0.25786924939467315 0.687800963081862 0.05508474576271186 0.04975922953451043
8 0.3807506053268765 0.536115569823435 0.053268765133171914 0.04012841091492777
11 0.49697336561743344 0.5409309791332263 0.05871670702179177 0.06420545746388442
11 0.11319612590799032 0.8362760834670947 0.08353510895883777 0.06420545746388442
11 0.31840193704600483 0.9743178170144462 0.06961259079903148 0.05056179775280899
11 0.3734866828087167 0.9036918138041734 0.06053268765133172 0.048154093097913325
11 0.21731234866828086 0.9438202247191011 0.05508474576271186 0.04654895666131621
7 0.5581113801452785 0.593900481540931 0.04116222760290557 0.030497592295345103
7 0.5223970944309927 0.44542536115569825 0.03934624697336562 0.030497592295345103
7 0.3577481840193705 0.4887640449438202 0.03753026634382567 0.027287319422150885
7 0.5617433414043583 0.5393258426966292 0.044794188861985475 0.03130016051364366
7 0.5811138014527845 0.5449438202247191 0.03631961259079903 0.04012841091492777
7 0.5466101694915254 0.6637239165329053 0.05690072639225181 0.044141252006420544
8 0.32263922518159804 0.680577849117175 0.03753026634382567 0.028892455858747994
8 0.31476997578692495 0.7030497592295345 0.03934624697336562 0.027287319422150885
7 0.46912832929782083 0.5401284109149278 0.05690072639225181 0.044141252006420544
7 0.2736077481840194 0.5617977528089888 0.044794188861985475 0.03130016051364366
8 0.1937046004842615 0.7078651685393258 0.028450363196125907 0.021669341894060994
8 0.23002421307506055 0.7247191011235955 0.03571428571428571 0.024879614767255216
8 0.21912832929782083 0.7078651685393258 0.03026634382566586 0.023274478330658106
8 0.2148910411622276 0.6781701444622793 0.028450363196125907 0.021669341894060994
8 0.36138014527845036 0.5521669341894061 0.04297820823244552 0.027287319422150885
7 0.2112590799031477 0.6597110754414125 0.04963680387409201 0.03451043338683788
7 0.3050847457627119 0.586677367576244 0.03389830508474576 0.025682182985553772
7 0.3807506053268765 0.5056179775280899 0.07142857142857142 0.05457463884430177
11 0.36501210653753025 0.637239165329053 0.048426150121065374 0.03531300160513644
11 0.41707021791767557 0.6420545746388443 0.03934624697336562 0.030497592295345103
11 0.39891041162227603 0.6340288924558587 0.03208232445520581 0.028892455858747994
11 0.42009685230024213 0.44301765650080255 0.03571428571428571 0.024879614767255216
11 0.42917675544794187 0.48154093097913325 0.026634382566585957 0.02086677367576244
11 0.1337772397094431 0.45264847512038525 0.03208232445520581 0.027287319422150885
11 0.5575060532687651 0.47752808988764045 0.046610169491525424 0.025682182985553772
11 0.5205811138014528 0.5032102728731942 0.026634382566585957 0.02086677367576244
11 0.5829297820823245 0.49919743178170145 0.03208232445520581 0.025682182985553772
11 0.29055690072639223 0.6597110754414125 0.046610169491525424 0.03451043338683788
9 0.6573849878934624 0.8346709470304976 0.0671912832929782 0.14285714285714285
5 0.677360774818402 0.7142857142857143 0.08050847457627118 0.16292134831460675
5 0.7832929782082324 0.8619582664526485 0.0423728813559322 0.11235955056179775
5 0.7015738498789347 0.8426966292134831 0.035108958837772396 0.09309791332263243
5 0.7348668280871671 0.8210272873194222 0.029661016949152543 0.07142857142857142