8 0.3575 0.29083333333333333 0.04375 0.065
8 0.318125 0.25083333333333335 0.0425 0.058333333333333334
9 0.14875 0.07916666666666666 0.04625 0.1
9 0.094375 0.13166666666666665 0.075 0.075
9 0.13375 0.175 0.0625 0.06833333333333333
0 0.37 0.09666666666666666 0.08 0.15333333333333332
0 0.396875 0.1975 0.02625 0.095
0 0.2875 0.1825 0.1225 0.11666666666666667
0 0.076875 0.39166666666666666 0.08125 0.14833333333333334
0 0.126875 0.29833333333333334 0.145 0.16166666666666665
7 0.10875 0.22333333333333333 0.02625 0.041666666666666664
7 0.126875 0.43666666666666665 0.03875 0.06
7 0.200625 0.15833333333333333 0.04625 0.06166666666666667
8 0.625 0.23416666666666666 0.07625 0.09166666666666666
8 0.75125 0.15583333333333332 0.058125 0.085
7 0.875625 0.06916666666666667 0.05 0.06666666666666667
9 0.7 0.17583333333333334 0.078125 0.085
3 0.316875 0.7475 0.065 0.12083333333333333
3 0.28 0.5566666666666666 0.07625 0.09333333333333334
3 0.37 0.6983333333333334 0.0475 0.11333333333333333
6 0.4925 0.7808333333333334 0.1275 0.15833333333333333
6 0.686875 0.7758333333333334 0.23125 0.2
6 0.910625 0.8308333333333333 0.17875 0.31166666666666665
6 0.834375 0.6025 0.15375 0.185
11 0.4325 0.5408333333333334 0.045 0.06166666666666667