8 0.46090909090909093 0.108984375 0.06666666666666667 0.096875
8 0.3712121212121212 0.09453125 0.06666666666666667 0.055078125
8 0.44606060606060605 0.296875 0.05272727272727273 0.059375
0 0.2806060606060606 0.16484375 0.07121212121212121 0.079296875
9 0.3621212121212121 0.341796875 0.08969696969696969 0.08359375
4 0.06424242424242424 0.140625 0.07363636363636364 0.063671875
7 0.33454545454545453 0.249609375 0.04818181818181818 0.0484375
7 0.5254545454545455 0.35859375 0.04151515151515151 0.039453125
11 0.6996969696969697 0.140234375 0.02 0.12265625
11 0.7872727272727272 0.338671875 0.05272727272727273 0.10234375
11 0.7027272727272728 0.403515625 0.026060606060606062 0.07265625
8 0.5406060606060606 0.8265625 0.04787878787878788 0.060546875
7 0.22545454545454546 0.9234375 0.06181818181818182 0.048046875
7 0.22454545454545455 0.9625 0.041212121212121214 0.03359375
7 0.041212121212121214 0.883203125 0.06272727272727273 0.0515625
7 0.10606060606060606 0.762890625 0.0603030303030303 0.07890625
7 0.3372727272727273 0.9015625 0.06696969696969697 0.06328125
7 0.12545454545454546 0.969921875 0.046363636363636364 0.030859375
2 0.02303030303030303 0.56953125 0.03151515151515152 0.048046875
9 0.8215151515151515 0.684375 0.05242424242424242 0.076953125
1 0.8833333333333333 0.648828125 0.01696969696969697 0.038671875