8 0.2513144058885384 0.23901098901098902 0.033648790746582544 0.040521978021978024
7 0.23501577287066247 0.014423076923076924 0.026813880126182965 0.0260989010989011
7 0.30126182965299686 0.2980769230769231 0.03680336487907466 0.034340659340659344
1 0.5688748685594112 0.3083791208791209 0.058885383806519455 0.061813186813186816
1 0.9384858044164038 0.27129120879120877 0.052576235541535225 0.06043956043956044
1 0.7218717139852786 0.07554945054945054 0.0694006309148265 0.0673076923076923
7 0.5573080967402734 0.3605769230769231 0.035751840168243953 0.03708791208791209
11 0.7891692954784437 0.11607142857142858 0.0473186119873817 0.07417582417582418
11 0.6451104100946372 0.06524725274725275 0.0452155625657203 0.0673076923076923
8 0.40799158780231337 0.676510989010989 0.033123028391167195 0.06043956043956044
8 0.40168243953732913 0.9635989010989011 0.03943217665615142 0.04739010989010989
8 0.4363827549947424 0.9828296703296703 0.03785488958990536 0.034340659340659344
1 0.4405888538380652 0.5281593406593407 0.054679284963196635 0.07760989010989011
7 0.03732912723449001 0.7067307692307693 0.059411146161934804 0.08516483516483517
10 0.8333333333333334 0.8021978021978022 0.3333333333333333 0.3241758241758242