1 0.06712962962962964 0.05 0.044444444444444446 0.0375
1 0.1111111111111111 0.08657407407407407 0.04027777777777778 0.03657407407407407
1 0.01898148148148148 0.11805555555555555 0.03796296296296296 0.034722222222222224
1 0.17685185185185184 0.07546296296296297 0.026851851851851852 0.034722222222222224
2 0.43472222222222223 0.29259259259259257 0.07268518518518519 0.05694444444444444
2 0.09444444444444444 0.28703703703703703 0.05694444444444444 0.07037037037037037
9 0.23425925925925925 0.21944444444444444 0.07592592592592592 0.04722222222222222
2 0.5 0.38055555555555554 0.07592592592592592 0.046296296296296294
5 0.9037037037037037 0.037037037037037035 0.11666666666666667 0.07407407407407407
5 0.7125 0.2587962962962963 0.08055555555555556 0.10740740740740741
9 0.6453703703703704 0.8337962962962963 0.04814814814814815 0.13425925925925927
0 0.47314814814814815 0.8305555555555556 0.07407407407407407 0.07314814814814814
0 0.10555555555555556 0.5847222222222223 0.09814814814814815 0.13055555555555556
8 0.7430555555555556 0.9685185185185186 0.06018518518518518 0.06296296296296296
8 0.8578703703703704 0.5643518518518519 0.062037037037037036 0.07453703703703704
9 0.7754629629629629 0.49953703703703706 0.0763888888888889 0.09259259259259259