0 0.31867469879518073 0.15221238938053097 0.10120481927710843 0.15752212389380532
0 0.3337349397590361 0.03982300884955752 0.06987951807228916 0.07964601769911504
1 0.1614457831325301 0.19823008849557522 0.04819277108433735 0.06371681415929203
6 0.043373493975903614 0.17964601769911503 0.056626506024096385 0.08849557522123894
1 0.9819277108433735 0.17345132743362832 0.03614457831325301 0.08849557522123894
1 0.8608433734939759 0.19734513274336282 0.05903614457831325 0.07787610619469026
1 0.9433734939759036 0.3274336283185841 0.046987951807228916 0.08141592920353982
1 0.858433734939759 0.336283185840708 0.05060240963855422 0.07787610619469026
1 0.4307228915662651 0.18053097345132743 0.04216867469879518 0.10973451327433628
1 0.7644578313253012 0.36991150442477877 0.05421686746987952 0.03893805309734513
1 0.6096385542168675 0.03716814159292035 0.06746987951807229 0.0743362831858407
0 0.9216867469879518 0.21946902654867256 0.05301204819277108 0.10265486725663717
8 0.13012048192771083 0.6867256637168142 0.08734939759036145 0.1168141592920354
9 0.0891566265060241 0.9336283185840708 0.08012048192771085 0.13185840707964602
7 0.016867469879518072 0.5353982300884956 0.033734939759036145 0.12035398230088495
7 0.18313253012048192 0.7955752212389381 0.07228915662650602 0.12035398230088495
9 0.09819277108433735 0.8309734513274336 0.08012048192771085 0.12831858407079647
5 0.8650602409638555 0.7858407079646018 0.26987951807228916 0.31504424778761064