0 0.23 0.10982142857142857 0.06 0.09107142857142857
7 0.609375 0.2598214285714286 0.07875 0.05267857142857143
7 0.760625 0.29196428571428573 0.070625 0.03571428571428571
11 0.871875 0.44107142857142856 0.096875 0.07946428571428571
11 0.7725 0.42589285714285713 0.055 0.049107142857142856
11 0.7625 0.3517857142857143 0.03125 0.02857142857142857
11 0.803125 0.3607142857142857 0.045 0.039285714285714285
11 0.9425 0.19553571428571428 0.038125 0.05178571428571429
11 0.760625 0.2294642857142857 0.05625 0.020535714285714286
11 0.71375 0.22678571428571428 0.0425 0.024107142857142858
11 0.778125 0.15892857142857142 0.04375 0.03125
11 0.93875 0.3410714285714286 0.03375 0.03214285714285714
11 0.8925 0.3169642857142857 0.016875 0.02857142857142857
11 0.726875 0.40089285714285716 0.0325 0.03214285714285714
11 0.720625 0.3410714285714286 0.03375 0.044642857142857144
11 0.530625 0.19910714285714284 0.0325 0.03214285714285714
11 0.650625 0.1625 0.02125 0.020535714285714286
11 0.63 0.14464285714285716 0.02125 0.027678571428571427
11 0.77625 0.054464285714285715 0.059375 0.054464285714285715
11 0.876875 0.2526785714285714 0.038125 0.03214285714285714
8 0.49125 0.3982142857142857 0.050625 0.048214285714285716
11 0.471875 0.1375 0.055 0.039285714285714285
11 0.86125 0.13125 0.03375 0.025
11 0.665 0.12678571428571428 0.035 0.02142857142857143
11 0.71375 0.19464285714285715 0.026875 0.02142857142857143
11 0.798125 0.13482142857142856 0.03125 0.039285714285714285
11 0.778125 0.11875 0.040625 0.029464285714285714
11 0.81 0.2080357142857143 0.0325 0.025
11 0.840625 0.47410714285714284 0.038125 0.03571428571428571
11 0.64875 0.45267857142857143 0.048125 0.03482142857142857
11 0.595625 0.46785714285714286 0.039375 0.03660714285714286
11 0.66625 0.39017857142857143 0.025625 0.025
2 0.268125 0.6330357142857143 0.07875 0.10178571428571428
7 0.695 0.9125 0.0825 0.0875
7 0.40625 0.9151785714285714 0.08 0.10535714285714286
7 0.6625 0.5946428571428571 0.0675 0.06875
7 0.885 0.8473214285714286 0.0675 0.07857142857142857
7 0.77625 0.575 0.0525 0.06428571428571428
8 0.42125 0.6446428571428572 0.0575 0.07142857142857142
8 0.41125 0.7526785714285714 0.0375 0.055357142857142855
8 0.53875 0.5446428571428571 0.0775 0.05
9 0.46125 0.70625 0.05 0.10089285714285715
8 0.55625 0.6080357142857142 0.045 0.04107142857142857