7 0.15375 0.30375 0.0525 0.124375
11 0.18125 0.45 0.031875 0.088125
11 0.1575 0.024375 0.0325 0.04875
0 0.125625 0.160625 0.040625 0.10375
9 0.463125 0.253125 0.28625 0.27375
7 0.491875 0.495625 0.12125 0.04875
7 0.790625 0.045 0.13375 0.09
11 0.12375 0.6625 0.08375 0.0825
8 0.885 0.75375 0.08125 0.07625
8 0.839375 0.96375 0.06125 0.0575
8 0.974375 0.62375 0.05125 0.06
8 0.99125 0.714375 0.0175 0.05125
7 0.93375 0.539375 0.055 0.03875
7 0.7425 0.808125 0.08 0.07625
7 0.830625 0.84375 0.07375 0.07875
7 0.553125 0.78125 0.125 0.13375
7 0.44125 0.56125 0.09 0.0825
7 0.8075 0.545625 0.0925 0.05125
11 0.566875 0.615 0.11375 0.0925
11 0.755 0.581875 0.065 0.06375
11 0.838125 0.640625 0.05625 0.06375
11 0.731875 0.680625 0.055 0.0525
11 0.815625 0.7425 0.06125 0.055
11 0.50875 0.54625 0.06 0.0525
11 0.57375 0.550625 0.04125 0.055
11 0.503125 0.885625 0.075 0.0775
11 0.6625 0.85375 0.07875 0.075
11 0.9675 0.85375 0.065 0.0725
11 0.979375 0.531875 0.04125 0.02375
11 0.6975 0.53125 0.08 0.0225
11 0.39375 0.66375 0.0675 0.0725
11 0.43 0.77 0.0775 0.0975
11 0.484375 0.69625 0.05 0.0575
11 0.4925 0.93875 0.085 0.095
9 0.671875 0.75875 0.05875 0.055
9 0.56625 0.694375 0.05 0.06125