9 0.207 0.527736131934033 0.068 0.11544227886056972
0 0.2275 0.21889055472263869 0.075 0.12143928035982009
0 0.1855 0.12893553223388307 0.052 0.08545727136431784
0 0.289 0.5179910044977512 0.033 0.07496251874062969
1 0.3565 0.17091454272863568 0.037 0.047976011994003
6 0.441 0.0952023988005997 0.042 0.06896551724137931
4 0.872 0.12143928035982009 0.047 0.11394302848575712
4 0.81 0.29535232383808097 0.042 0.09820089955022489
4 0.861 0.30884557721139433 0.027 0.08320839580209895
4 0.851 0.5749625187406296 0.024 0.049475262368815595
8 0.9565 0.03073463268365817 0.0365 0.06146926536731634
4 0.8125 0.17841079460269865 0.049 0.13568215892053972
4 0.7505 0.1664167916041979 0.0315 0.13193403298350825
9 0.9265 0.191904047976012 0.0545 0.18440779610194902
7 0.933 0.4955022488755622 0.044 0.09820089955022489
4 0.8815 0.3553223388305847 0.0315 0.08920539730134933
4 0.68 0.6986506746626686 0.061 0.11394302848575712
4 0.183 0.889055472263868 0.067 0.10794602698650675
1 0.2135 0.6461769115442278 0.119 0.09295352323838081
1 0.4695 0.841079460269865 0.069 0.10944527736131934
1 0.354 0.7166416791604198 0.053 0.07496251874062969
7 0.3725 0.9580209895052474 0.099 0.08395802098950525
7 0.339 0.8313343328335832 0.064 0.10494752623688156
9 0.293 0.9880059970014993 0.052 0.0239880059970015
4 0.842 0.7848575712143928 0.022 0.044977511244377814
7 0.7665 0.9512743628185907 0.02 0.04122938530734633