9 0.328125 0.27294117647058824 0.0921875 0.12705882352941175
9 0.37890625 0.07882352941176471 0.0984375 0.08941176470588236
9 0.50625 0.3729411764705882 0.065625 0.18588235294117647
1 0.203125 0.4117647058823529 0.065625 0.12470588235294118
1 0.290625 0.6458823529411765 0.053125 0.04470588235294118
1 0.3703125 0.64 0.0625 0.05647058823529412
11 0.2203125 0.2 0.053125 0.12705882352941175
8 0.50546875 0.02 0.0515625 0.04
9 0.4953125 0.23647058823529413 0.0875 0.09647058823529411
7 0.240625 0.09529411764705882 0.046875 0.058823529411764705
7 0.29375 0.0811764705882353 0.0453125 0.05411764705882353
7 0.49765625 0.6541176470588236 0.0515625 0.02823529411764706
7 0.5015625 0.14470588235294118 0.0421875 0.04941176470588235
7 0.45234375 0.11294117647058824 0.05 0.06823529411764706
0 0.3953125 0.2576470588235294 0.05 0.07529411764705882
0 0.403125 0.16 0.0671875 0.08470588235294117
9 0.61484375 0.023529411764705882 0.0796875 0.047058823529411764
9 0.753125 0.24 0.0515625 0.08941176470588236
7 0.65078125 0.33294117647058824 0.0703125 0.0611764705882353
7 0.64296875 0.12823529411764706 0.028125 0.06588235294117648
1 0.47109375 0.7647058823529411 0.0453125 0.06588235294117648
4 0.3171875 0.8423529411764706 0.0359375 0.05647058823529412
2 0.734375 0.9623529411764706 0.046875 0.07529411764705882