8 0.185625 0.17325800376647835 0.08 0.1318267419962335
8 0.2625 0.13088512241054615 0.069375 0.08286252354048965
8 0.2425 0.3983050847457627 0.05875 0.0856873822975518
0 0.359375 0.18926553672316385 0.08 0.11299435028248588
9 0.3275 0.4293785310734463 0.096875 0.12617702448210924
4 0.545 0.09792843691148775 0.0775 0.096045197740113
7 0.331875 0.307909604519774 0.0525 0.07156308851224105
7 0.186875 0.4962335216572505 0.044375 0.060263653483992465
7 0.685625 0.435969868173258 0.05375 0.0743879472693032
7 0.76125 0.4048964218455744 0.0575 0.09227871939736347
7 0.93125 0.08097928436911488 0.04625 0.07627118644067797
7 0.8925 0.16101694915254236 0.039375 0.07156308851224105
7 0.741875 0.16760828625235405 0.05 0.08757062146892655
7 0.85875 0.3041431261770245 0.05375 0.07156308851224105
8 0.92125 0.2184557438794727 0.055625 0.07627118644067797
8 0.303125 0.667608286252354 0.06875 0.11487758945386065
8 0.37625 0.7259887005649718 0.0575 0.08662900188323917
1 0.686875 0.9708097928436912 0.05375 0.0583804143126177
1 0.9175 0.8502824858757062 0.15375 0.16760828625235405
1 0.8725 0.6242937853107344 0.1575 0.1487758945386064
1 0.663125 0.7269303201506592 0.06625 0.11299435028248588
1 0.764375 0.839924670433145 0.08625 0.12052730696798493
1 0.649375 0.864406779661017 0.03875 0.13559322033898305