2 0.33708333333333335 0.2996875 0.09458333333333334 0.276875
11 0.07604166666666666 0.34625 0.04020833333333333 0.1003125
9 0.07645833333333334 0.4896875 0.08270833333333333 0.198125
9 0.21083333333333334 0.466875 0.03145833333333333 0.116875
9 0.030416666666666668 0.3128125 0.04020833333333333 0.13375
9 0.17770833333333333 0.2878125 0.05520833333333333 0.1384375
8 0.7020833333333333 0.4840625 0.09541666666666666 0.1478125
9 0.571875 0.236875 0.06375 0.1884375
7 0.6325 0.7540625 0.07520833333333334 0.091875
7 0.7091666666666666 0.308125 0.078125 0.1528125
9 0.6152083333333334 0.3565625 0.086875 0.168125
11 0.13520833333333335 0.976875 0.03958333333333333 0.0203125
11 0.349375 0.943125 0.024791666666666667 0.014375
11 0.20604166666666668 0.8153125 0.04625 0.0178125
7 0.22583333333333333 0.9253125 0.060833333333333336 0.034375
7 0.21583333333333332 0.954375 0.05625 0.0234375
7 0.35229166666666667 0.925 0.042916666666666665 0.0178125
0 0.5860416666666667 0.879375 0.09208333333333334 0.15875