8 0.16875 0.2080078125 0.0725 0.123046875
8 0.13875 0.0869140625 0.06 0.09375
8 0.736875 0.2509765625 0.06875 0.0712890625
8 0.966875 0.1611328125 0.06625 0.115234375
2 0.811875 0.0693359375 0.12125 0.103515625
2 0.8925 0.283203125 0.0975 0.087890625
8 0.146875 0.498046875 0.05125 0.05859375
8 0.579375 0.77734375 0.04375 0.072265625
9 0.413125 0.5595703125 0.05 0.083984375
9 0.276875 0.4970703125 0.03875 0.056640625
9 0.475625 0.728515625 0.0725 0.103515625
7 0.4425 0.818359375 0.06125 0.09375
11 0.36125 0.7734375 0.05625 0.111328125
11 0.405625 0.76953125 0.04 0.068359375
4 0.289375 0.73828125 0.045 0.064453125
4 0.261875 0.5751953125 0.05 0.064453125
7 0.26 0.8623046875 0.04375 0.068359375
8 0.75 0.8193359375 0.06375 0.10546875
8 0.94375 0.5009765625 0.0475 0.064453125
8 0.765625 0.6201171875 0.04875 0.09765625
11 0.80125 0.73046875 0.05 0.095703125
9 0.82625 0.521484375 0.0675 0.10546875