8 0.22055555555555556 0.21333333333333335 0.03166666666666667 0.065
7 0.22166666666666668 0.5494444444444444 0.025 0.04111111111111111
7 0.2594444444444444 0.11833333333333333 0.034444444444444444 0.05444444444444444
2 0.6933333333333334 0.34 0.2411111111111111 0.25555555555555554
2 0.5116666666666667 0.1238888888888889 0.06333333333333334 0.14777777777777779
7 0.84 0.44055555555555553 0.07666666666666666 0.07777777777777778
9 0.5344444444444445 0.3983333333333333 0.10888888888888888 0.20333333333333334
1 0.15777777777777777 0.7333333333333333 0.08555555555555555 0.07055555555555555
1 0.1711111111111111 0.7922222222222223 0.09222222222222222 0.06888888888888889
1 0.23777777777777778 0.8438888888888889 0.08777777777777777 0.06888888888888889
1 0.2411111111111111 0.7588888888888888 0.08777777777777777 0.07277777777777777
1 0.20944444444444443 0.705 0.07222222222222222 0.05444444444444444
1 0.29833333333333334 0.7477777777777778 0.07666666666666666 0.06722222222222222
8 0.4955555555555556 0.6338888888888888 0.03111111111111111 0.07888888888888888