11 0.08061116965226554 0.28512396694214875 0.030558482613277135 0.03966942148760331
11 0.06691253951527924 0.2553719008264463 0.02423603793466807 0.05619834710743802
11 0.11275026343519494 0.2950413223140496 0.02528977871443625 0.04132231404958678
11 0.1517386722866175 0.3165289256198347 0.02528977871443625 0.03801652892561983
11 0.19388830347734456 0.28429752066115704 0.01685985247629083 0.03305785123966942
11 0.1417281348788198 0.2537190082644628 0.018967334035827187 0.0512396694214876
7 0.13171759747102213 0.11570247933884298 0.03582718651211802 0.0512396694214876
0 0.20758693361433087 0.14793388429752066 0.04320337197049526 0.06446280991735537
0 0.1701791359325606 0.25702479338842976 0.02845100105374078 0.0628099173553719
0 0.11643835616438356 0.21818181818181817 0.03371970495258166 0.03966942148760331
3 0.5279241306638567 0.271900826446281 0.1280295047418335 0.09338842975206611
3 0.8503688092729189 0.3074380165289256 0.14963119072708114 0.08925619834710743
0 0.07955742887249737 0.4925619834710744 0.08113804004214963 0.14545454545454545
0 0.2523709167544784 0.815702479338843 0.08429926238145416 0.12231404958677686
0 0.12012644889357219 0.6785123966942149 0.08956796628029505 0.11735537190082644
1 0.1691253951527924 0.4636363636363636 0.07270811380400422 0.08760330578512397
9 0.3440463645943098 0.43636363636363634 0.07903055848261328 0.03305785123966942
8 0.8635405690200211 0.6165289256198347 0.059009483667017915 0.08925619834710743
8 0.7660695468914647 0.5148760330578512 0.04214963119072708 0.07768595041322314
9 0.8519494204425712 0.5462809917355372 0.045310853530031614 0.05785123966942149
9 0.9351949420442571 0.7297520661157024 0.07060063224446786 0.08264462809917356
2 0.7175974710221286 0.7181818181818181 0.0958904109589041 0.13388429752066117
2 0.952054794520548 0.6090909090909091 0.04741833508956796 0.08925619834710743
2 0.6680716543730242 0.5768595041322314 0.05268703898840885 0.08760330578512397
7 0.9789251844046365 0.8942148760330578 0.04214963119072708 0.13553719008264462