2 0.22125 0.0275 0.11625 0.054375
2 0.425 0.1125 0.046875 0.02875
9 0.06875 0.126875 0.1 0.045
0 0.0675 0.29 0.078125 0.04
2 0.40875 0.085 0.040625 0.025625
5 0.824375 0.1425 0.069375 0.056875
5 0.86125 0.239375 0.04875 0.0225
5 0.75875 0.10625 0.05875 0.048125
8 0.95375 0.24625 0.025625 0.026875
1 0.948125 0.321875 0.036875 0.05875
8 0.688125 0.244375 0.02875 0.026875
3 0.39625 0.57875 0.114375 0.199375
3 0.2775 0.6925 0.128125 0.203125
3 0.31625 0.485625 0.1375 0.238125
9 0.64625 0.66625 0.0325 0.2525
9 0.77 0.676875 0.1 0.18875