9 0.6504 0.17137592137592136 0.0832 0.07248157248157248
9 0.3584 0.15724815724815724 0.1072 0.07862407862407862
9 0.7208 0.14127764127764128 0.0368 0.04668304668304668
9 0.368 0.048525798525798525 0.1088 0.06142506142506143
9 0.5608 0.16093366093366093 0.1072 0.10687960687960688
1 0.2664 0.2493857493857494 0.0816 0.05896805896805897
11 0.2384 0.1468058968058968 0.0688 0.07125307125307126
8 0.6976 0.26105651105651106 0.064 0.03562653562653563
9 0.532 0.09336609336609336 0.136 0.0687960687960688
7 0.236 0.09029484029484029 0.0544 0.038083538083538086
7 0.2848 0.07002457002457002 0.0528 0.0343980343980344
7 0.5944 0.0472972972972973 0.0496 0.038083538083538086
7 0.5008 0.051597051597051594 0.0496 0.030712530712530713
7 0.4464 0.0472972972972973 0.0592 0.04176904176904177
0 0.4208 0.13267813267813267 0.0592 0.04668304668304668
0 0.408 0.08292383292383293 0.0768 0.052825552825552825
0 0.7112 0.19226044226044225 0.056 0.06265356265356266
11 0.828 0.2628992628992629 0.0592 0.03194103194103194
8 0.4416 0.5436117936117936 0.0928 0.12653562653562653
8 0.2624 0.5614250614250614 0.0704 0.1167076167076167
7 0.0792 0.5694103194103194 0.06 0.09398034398034398
9 0.328 0.5405405405405406 0.0952 0.1167076167076167
7 0.8728 0.8703931203931204 0.0384 0.14864864864864866
7 0.984 0.8034398034398035 0.032 0.1726044226044226
7 0.8624 0.39127764127764125 0.0312 0.11732186732186732
7 0.7936 0.8187960687960688 0.0312 0.12776412776412777
7 0.8152 0.39127764127764125 0.0248 0.1038083538083538
8 0.9616 0.4084766584766585 0.028 0.11363636363636363
8 0.9736 0.5651105651105651 0.0192 0.08968058968058969
8 0.9064 0.30651105651105653 0.0344 0.05528255528255528
9 0.9496 0.5085995085995086 0.0272 0.15847665847665848
8 0.9056 0.3857493857493858 0.02 0.0687960687960688