8 0.05 0.23925233644859814 0.0525 0.09719626168224299
8 0.00875 0.3299065420560748 0.0175 0.0691588785046729
7 0.495625 0.029906542056074768 0.05875 0.059813084112149535
8 0.48375 0.19626168224299065 0.05125 0.08598130841121496
11 0.654375 0.46074766355140184 0.04375 0.03551401869158879
11 0.59 0.411214953271028 0.04125 0.08785046728971962
11 0.67125 0.027102803738317756 0.05 0.05420560747663551
11 0.366875 0.13644859813084112 0.03375 0.08598130841121496
1 0.5425 0.16355140186915887 0.04 0.07289719626168224
7 0.75875 0.04018691588785047 0.055 0.0616822429906542
7 0.939375 0.014018691588785047 0.04875 0.028037383177570093
7 0.856875 0.03457943925233645 0.06125 0.0691588785046729
7 0.82125 0.11214953271028037 0.05125 0.0616822429906542
9 0.081875 0.8392523364485981 0.08 0.17570093457943925
8 0.26125 0.5682242990654206 0.06 0.10654205607476636
1 0.010625 0.49626168224299066 0.02125 0.03551401869158879
9 0.714375 0.7598130841121495 0.0325 0.12897196261682242
9 0.655 0.9327102803738317 0.0925 0.13457943925233645