7 0.2702312138728324 0.11793372319688109 0.11560693641618497 0.1442495126705653
7 0.17341040462427745 0.20955165692007796 0.09104046242774566 0.15789473684210525
8 0.6705202312138728 0.26900584795321636 0.08092485549132948 0.10721247563352826
8 0.7723988439306358 0.2982456140350877 0.06936416184971098 0.08771929824561403
8 0.8793352601156069 0.30701754385964913 0.049132947976878616 0.07212475633528265
1 0.7854046242774566 0.057504873294346975 0.06069364161849711 0.07992202729044834
1 0.726878612716763 0.14814814814814814 0.057803468208092484 0.07407407407407407
1 0.6986994219653179 0.20857699805068225 0.05635838150289017 0.06237816764132553
7 0.6091040462427746 0.21539961013645223 0.044797687861271675 0.06237816764132553
7 0.022398843930635837 0.9200779727095516 0.044797687861271675 0.10136452241715399
11 0.38078034682080925 0.5497076023391813 0.0708092485549133 0.09551656920077972
11 0.42485549132947975 0.6539961013645225 0.06791907514450866 0.08771929824561403
11 0.38078034682080925 0.7631578947368421 0.05635838150289017 0.07797270955165692
11 0.11632947976878613 0.5038986354775828 0.0708092485549133 0.07797270955165692
11 0.21965317919075145 0.4824561403508772 0.057803468208092484 0.08187134502923976
11 0.054190751445086706 0.5604288499025342 0.06069364161849711 0.08576998050682261
9 0.8619942196531792 0.6676413255360624 0.17846820809248554 0.19785575048732942
9 0.8302023121387283 0.804093567251462 0.16184971098265896 0.1617933723196881
9 0.8973988439306358 0.9239766081871345 0.10115606936416185 0.15204678362573099
9 0.5173410404624278 0.8615984405458089 0.08815028901734104 0.09746588693957114
2 0.6770231213872833 0.6812865497076024 0.12933526011560695 0.13937621832358674