9 0.27956989247311825 0.019375 0.07429130009775171 0.03875
0 0.3836754643206256 0.19875 0.09286412512218964 0.10125
8 0.27419354838709675 0.218125 0.07820136852394917 0.08625
11 0.42130987292277616 0.3475 0.03714565004887586 0.0625
11 0.2644183773216031 0.45125 0.08406647116324535 0.10375
11 0.1402737047898338 0.14625 0.05278592375366569 0.08125
11 0.21994134897360704 0.33875 0.05474095796676442 0.1125
9 0.7086999022482894 0.235625 0.08993157380254155 0.11125
9 0.8279569892473119 0.531875 0.07526881720430108 0.1025
8 0.6603128054740958 0.24125 0.04007820136852395 0.06
8 0.5586510263929618 0.408125 0.0469208211143695 0.04
8 0.7673509286412512 0.414375 0.05278592375366569 0.0575
1 0.24926686217008798 0.8075 0.04887585532746823 0.06375
1 0.18475073313782991 0.801875 0.05083088954056696 0.06375
1 0.08944281524926687 0.869375 0.04887585532746823 0.05625
1 0.10117302052785923 0.745 0.039100684261974585 0.0575
1 0.04252199413489736 0.791875 0.042033235581622676 0.05625
1 0.010752688172043012 0.74625 0.021505376344086023 0.0425
1 0.047898338220918865 0.646875 0.09579667644183773 0.11375
1 0.3279569892473118 0.68125 0.05083088954056696 0.075
1 0.3924731182795699 0.748125 0.06256109481915934 0.11375
1 0.3675464320625611 0.94125 0.042033235581622676 0.0525
1 0.1793743890518084 0.64375 0.05083088954056696 0.06875
0 0.12218963831867058 0.82 0.04398826979472141 0.07375
0 0.3020527859237537 0.960625 0.04985337243401759 0.06125
9 0.4736070381231672 0.879375 0.06744868035190615 0.22125
9 0.8944281524926686 0.92625 0.21114369501466276 0.1475