8 0.294375 0.2941666666666667 0.0375 0.058333333333333334
1 0.756875 0.12916666666666668 0.07375 0.065
1 0.79 0.18333333333333332 0.0725 0.0375
1 0.885625 0.23833333333333334 0.055 0.056666666666666664
1 0.836875 0.145 0.07 0.05416666666666667
8 0.958125 0.2 0.045625 0.0475
6 0.655 0.16833333333333333 0.07125 0.0475
5 0.4575 0.3441666666666667 0.1525 0.028333333333333332
5 0.17875 0.6716666666666666 0.1 0.18666666666666668
0 0.0225 0.9433333333333334 0.045 0.11333333333333333
8 0.843125 0.485 0.07875 0.09833333333333333
9 0.738125 0.3875 0.09625 0.115