0 0.3038130381303813 0.48303715670436187 0.07380073800738007 0.09369951534733441
7 0.5129151291512916 0.25767366720516965 0.08487084870848709 0.11793214862681745
7 0.7478474784747847 0.07512116316639741 0.06396063960639606 0.07754442649434572
8 0.8284132841328413 0.09369951534733441 0.05781057810578106 0.08077544426494346
8 0.5916359163591636 0.09208400646203554 0.06027060270602706 0.0791599353796446
8 0.6322263222632226 0.2802907915993538 0.041820418204182044 0.05815831987075929
8 0.5307503075030751 0.3529886914378029 0.05904059040590406 0.07269789983844911
8 0.6500615006150061 0.13893376413570274 0.06027060270602706 0.07108239095315025
11 0.8862238622386224 0.14378029079159935 0.04059040590405904 0.05977382875605816
11 0.541820418204182 0.012924071082390954 0.055350553505535055 0.025848142164781908
11 0.8696186961869619 0.09208400646203554 0.04797047970479705 0.0630048465266559
11 0.8468634686346863 0.13974151857835218 0.05904059040590406 0.07754442649434572
11 0.7872078720787208 0.03715670436187399 0.056580565805658053 0.07431340872374798
11 0.6445264452644527 0.42326332794830374 0.04920049200492005 0.06623586429725363
11 0.6924969249692496 0.36591276252019383 0.05412054120541206 0.06623586429725363
11 0.7103321033210332 0.1962843295638126 0.05289052890528905 0.06785137318255251
10 0.03997539975399754 0.6308562197092084 0.07995079950799508 0.11147011308562198
10 0.023985239852398525 0.7189014539579968 0.04797047970479705 0.1260096930533118
10 0.24415744157441574 0.7972536348949919 0.18081180811808117 0.19709208400646203
10 0.31426814268142683 0.9450726978998385 0.16851168511685116 0.1098546042003231
10 0.34378843788437885 0.8473344103392568 0.08364083640836409 0.1260096930533118
10 0.004305043050430504 0.5840064620355412 0.008610086100861008 0.05977382875605816
10 0.2078720787207872 0.8780290791599353 0.11808118081180811 0.12439418416801293
7 0.8118081180811808 0.7592891760904685 0.1033210332103321 0.14539579967689822
7 0.9157441574415744 0.7915993537964459 0.0959409594095941 0.1050080775444265