11 0.42023346303501946 0.07170542635658915 0.019455252918287938 0.050387596899224806
11 0.3638132295719844 0.045542635658914726 0.048638132295719845 0.046511627906976744
11 0.2850194552529183 0.08042635658914729 0.0311284046692607 0.03875968992248062
11 0.37937743190661477 0.12015503875968993 0.03696498054474708 0.060077519379844964
7 0.39202334630350194 0.2819767441860465 0.06809338521400778 0.06201550387596899
0 0.2538910505836576 0.23934108527131784 0.08171206225680934 0.07751937984496124
0 0.32684824902723736 0.11434108527131782 0.054474708171206226 0.0755813953488372
0 0.41147859922178986 0.1618217054263566 0.03696498054474708 0.04844961240310078
0 0.7392996108949417 0.3488372093023256 0.0933852140077821 0.03875968992248062
0 0.9182879377431906 0.35658914728682173 0.07782101167315175 0.023255813953488372
7 0.8745136186770428 0.12403100775193798 0.08949416342412451 0.07170542635658915
7 0.9105058365758755 0.2063953488372093 0.05252918287937743 0.06395348837209303
7 0.7957198443579766 0.16569767441860464 0.10700389105058365 0.09496124031007752
11 0.8667315175097277 0.24903100775193798 0.0914396887159533 0.10465116279069768
11 0.75 0.11434108527131782 0.0622568093385214 0.06395348837209303
7 0.9698443579766537 0.16763565891472867 0.06031128404669261 0.06395348837209303
2 0.35700389105058367 0.7286821705426356 0.10700389105058365 0.09883720930232558
2 0.2538910505836576 0.7286821705426356 0.09922178988326848 0.10077519379844961
2 0.37937743190661477 0.5174418604651163 0.0622568093385214 0.08527131782945736
2 0.3540856031128405 0.6395348837209303 0.09533073929961089 0.11046511627906977
2 0.41245136186770426 0.6182170542635659 0.03501945525291829 0.08914728682170543
9 0.3453307392996109 0.8217054263565892 0.11284046692607004 0.11046511627906977
8 0.24124513618677043 0.49806201550387597 0.06809338521400778 0.06782945736434108
8 0.15272373540856032 0.6104651162790697 0.06031128404669261 0.06395348837209303
7 0.12840466926070038 0.688953488372093 0.07587548638132295 0.07170542635658915
9 0.38910505836575876 0.438953488372093 0.07587548638132295 0.07170542635658915
8 0.6974708171206225 0.7083333333333334 0.0914396887159533 0.0872093023255814
8 0.7675097276264592 0.44089147286821706 0.07976653696498054 0.07751937984496124
8 0.7237354085603113 0.3808139534883721 0.06614785992217899 0.025193798449612403
7 0.933852140077821 0.6531007751937985 0.08560311284046693 0.0755813953488372
7 0.7986381322957199 0.6172480620155039 0.09922178988326848 0.07751937984496124
7 0.6215953307392996 0.6346899224806202 0.07392996108949416 0.07364341085271318
9 0.953307392996109 0.4796511627906977 0.0933852140077821 0.09496124031007752
11 0.8103112840466926 0.5048449612403101 0.06031128404669261 0.046511627906976744
11 0.8715953307392996 0.5852713178294574 0.06614785992217899 0.08139534883720931