2 0.3046875 0.27810077519379844 0.091015625 0.23885658914728683
11 0.1140625 0.6080426356589147 0.037890625 0.04312015503875969
9 0.087890625 0.5411821705426356 0.07734375 0.17732558139534885
9 0.186328125 0.35998062015503873 0.031640625 0.09593023255813954
9 0.195703125 0.5198643410852714 0.051953125 0.12403100775193798
7 0.585546875 0.312015503875969 0.043359375 0.06153100775193798
7 0.67265625 0.4646317829457364 0.037890625 0.05426356589147287
7 0.6515625 0.5159883720930233 0.05390625 0.0939922480620155
7 0.649609375 0.5872093023255814 0.0453125 0.06346899224806202
7 0.730078125 0.562015503875969 0.040625 0.07751937984496124
7 0.75703125 0.4069767441860465 0.04453125 0.08236434108527131
7 0.867578125 0.37790697674418605 0.056640625 0.09593023255813954
7 0.72265625 0.43459302325581395 0.03515625 0.05910852713178295
7 0.715625 0.311531007751938 0.032421875 0.056686046511627904
8 0.617578125 0.1506782945736434 0.050390625 0.07848837209302326
8 0.7953125 0.04699612403100775 0.05234375 0.06589147286821706
8 0.90078125 0.4675387596899225 0.03125 0.05329457364341085
8 0.90390625 0.376453488372093 0.02578125 0.05765503875968992
2 0.077734375 0.8895348837209303 0.13359375 0.18604651162790697
8 0.16015625 0.9336240310077519 0.059375 0.08139534883720931
0 0.2921875 0.8565891472868217 0.08203125 0.10465116279069768
11 0.5734375 0.8071705426356589 0.0484375 0.061046511627906974
7 0.760546875 0.9447674418604651 0.065625 0.07848837209302326
7 0.683984375 0.7025193798449613 0.059375 0.09205426356589147
7 0.980078125 0.9796511627906976 0.03984375 0.040697674418604654
7 0.575 0.9820736434108527 0.053125 0.035852713178294575
7 0.615234375 0.9631782945736435 0.06796875 0.07364341085271318
7 0.712109375 0.8551356589147286 0.07265625 0.09302325581395349
7 0.518359375 0.8551356589147286 0.05546875 0.07073643410852713