9 0.40364963503649637 0.0893939393939394 0.2145985401459854 0.14242424242424243
9 0.4656934306569343 0.18106060606060606 0.19416058394160585 0.11818181818181818
9 0.602919708029197 0.20984848484848484 0.09343065693430656 0.14242424242424243
9 0.23576642335766423 0.39545454545454545 0.10656934306569343 0.02727272727272727
2 0.25474452554744526 0.2196969696969697 0.1554744525547445 0.10151515151515152
4 0.7350364963503649 0.14166666666666666 0.12262773722627737 0.10454545454545454
4 0.8043795620437956 0.012121212121212121 0.08175182481751825 0.024242424242424242
4 0.8525547445255475 0.059848484848484845 0.10802919708029197 0.10454545454545454
11 0.2291970802919708 0.5159090909090909 0.15474452554744525 0.14545454545454545
11 0.40875912408759124 0.7325757575757575 0.10072992700729927 0.08636363636363636
1 0.9613138686131387 0.671969696969697 0.06715328467153285 0.09696969696969697
1 0.9642335766423358 0.7863636363636364 0.07153284671532846 0.08181818181818182
1 0.7094890510948905 0.7575757575757576 0.11970802919708029 0.14242424242424243
1 0.67007299270073 0.5742424242424242 0.040875912408759124 0.15454545454545454
1 0.8510948905109489 0.4803030303030303 0.0948905109489051 0.09545454545454546
1 0.810948905109489 0.6325757575757576 0.10364963503649635 0.10151515151515152
1 0.9401459854014599 0.546969696969697 0.08467153284671533 0.11060606060606061