9 0.514375 0.251875 0.06625 0.075
9 0.28625 0.25875 0.085 0.08125
9 0.571875 0.283125 0.03625 0.04875
9 0.29 0.369375 0.08625 0.06375
9 0.445 0.26 0.08625 0.11
1 0.218125 0.155 0.065 0.075
1 0.33125 0.046875 0.05375 0.0625
1 0.39 0.073125 0.06125 0.0675
11 0.191875 0.265625 0.05625 0.07375
8 0.37 0.43875 0.05 0.0425
8 0.555 0.15625 0.05125 0.04875
9 0.419375 0.328125 0.10625 0.0725
7 0.18875 0.323125 0.0425 0.03875
7 0.22625 0.345 0.04125 0.03625
7 0.488125 0.1025 0.04875 0.0475
7 0.466875 0.376875 0.04 0.04
7 0.39375 0.37 0.03875 0.0325
7 0.35125 0.3725 0.04625 0.04375
0 0.334375 0.285 0.0475 0.0475
0 0.3225 0.335 0.06125 0.055
0 0.565625 0.23125 0.04875 0.065
1 0.92125 0.065 0.055 0.065
8 0.4525 0.94625 0.165 0.1075
8 0.573125 0.8925 0.03375 0.125
9 0.064375 0.86875 0.12875 0.2025
9 0.203125 0.64 0.11 0.1225
9 0.37875 0.47125 0.1075 0.0225
9 0.205625 0.964375 0.10375 0.07125
9 0.353125 0.645625 0.0825 0.0975
0 0.546875 0.6625 0.08625 0.1825
8 0.850625 0.596875 0.054375 0.081875
8 0.783125 0.52125 0.038125 0.0575
8 0.830625 0.75875 0.03625 0.055
8 0.686875 0.735 0.04 0.0625
8 0.908125 0.85375 0.045625 0.08625
4 0.655625 0.600625 0.05625 0.071875
4 0.773125 0.928125 0.0475 0.0525
4 0.815 0.841875 0.053125 0.071875
4 0.950625 0.70375 0.049375 0.09125
9 0.611875 0.805625 0.04375 0.08625