2 0.17 0.319375 0.04125 0.08
9 0.30125 0.275625 0.053125 0.090625
9 0.275 0.053125 0.053125 0.073125
8 0.243125 0.115625 0.045625 0.0625
8 0.23375 0.013125 0.0425 0.02625
8 0.245 0.28875 0.0375 0.06375
8 0.07875 0.246875 0.051875 0.073125
8 0.1875 0.035625 0.033125 0.04625
8 0.19 0.225625 0.045625 0.065625
7 0.236875 0.51375 0.034375 0.05875
9 0.345625 0.326875 0.045625 0.069375
7 0.23 0.438125 0.05625 0.105
7 0.331875 0.39625 0.044375 0.073125
7 0.27125 0.25875 0.04 0.06375
7 0.1775 0.100625 0.03875 0.053125
7 0.314375 0.541875 0.05625 0.03625
7 0.263125 0.4525 0.034375 0.0625
7 0.300625 0.34875 0.028125 0.0425
7 0.37125 0.48625 0.04375 0.07625
7 0.29875 0.475625 0.024375 0.0425
7 0.27875 0.404375 0.033125 0.05125
7 0.24125 0.05125 0.03625 0.056875
7 0.3325 0.176875 0.044375 0.053125
7 0.25375 0.22875 0.034375 0.05
7 0.225 0.25125 0.033125 0.05
1 0.81375 0.335625 0.1025 0.105
1 0.70375 0.42 0.116875 0.08875
1 0.684375 0.505625 0.06 0.06125
1 0.660625 0.346875 0.0575 0.06375
1 0.5925 0.298125 0.069375 0.056875
1 0.630625 0.24 0.061875 0.056875
1 0.718125 0.276875 0.055 0.056875
1 0.849375 0.263125 0.0525 0.06375
1 0.77875 0.20625 0.07875 0.070625
3 0.0775 0.81875 0.126875 0.108125
3 0.35375 0.89875 0.143125 0.108125
9 0.654375 0.83 0.28875 0.26375
7 0.668125 0.58375 0.11875 0.0475