2 0.2026266416510319 0.47685185185185186 0.03095684803001876 0.09722222222222222
9 0.15384615384615385 0.2712962962962963 0.0375234521575985 0.11018518518518519
9 0.2373358348968105 0.1175925925925926 0.036585365853658534 0.09166666666666666
8 0.2326454033771107 0.2101851851851852 0.03189493433395872 0.0787037037037037
8 0.31613508442776733 0.19444444444444445 0.024390243902439025 0.06111111111111111
8 0.27392120075046905 0.12407407407407407 0.0300187617260788 0.06759259259259259
8 0.17636022514071295 0.35462962962962963 0.027204502814258912 0.0787037037037037
8 0.2701688555347092 0.5314814814814814 0.036585365853658534 0.09166666666666666
8 0.2851782363977486 0.21388888888888888 0.0225140712945591 0.05740740740740741
8 0.22326454033771106 0.37222222222222223 0.03189493433395872 0.08055555555555556
7 0.10881801125703565 0.5546296296296296 0.024390243902439025 0.07037037037037037
9 0.11538461538461539 0.2574074074074074 0.03283302063789869 0.08518518518518518
7 0.13602251407129456 0.5 0.04127579737335835 0.12777777777777777
7 0.10037523452157598 0.33425925925925926 0.03095684803001876 0.08888888888888889
7 0.17354596622889307 0.2953703703703704 0.029080675422138838 0.0787037037037037
7 0.2692307692307692 0.2814814814814815 0.027204502814258912 0.06574074074074074
7 0.05347091932457786 0.5009259259259259 0.040337711069418386 0.1037037037037037
7 0.11538461538461539 0.46944444444444444 0.025328330206378986 0.07407407407407407
7 0.1303939962476548 0.33425925925925926 0.019699812382739212 0.05277777777777778
7 0.0525328330206379 0.36018518518518516 0.03095684803001876 0.09351851851851851
7 0.09099437148217636 0.4444444444444444 0.017823639774859287 0.05092592592592592
7 0.12382739212007504 0.4083333333333333 0.02345215759849906 0.06388888888888888
7 0.25422138836772984 0.15833333333333333 0.025328330206378986 0.07037037037037037
7 0.1697936210131332 0.14722222222222223 0.03095684803001876 0.06759259259259259
7 0.19136960600375236 0.2916666666666667 0.024390243902439025 0.06111111111111111
7 0.19793621013133209 0.3490740740740741 0.02345215759849906 0.06111111111111111
3 0.797373358348968 0.5407407407407407 0.17823639774859287 0.17592592592592593
3 0.4446529080675422 0.36666666666666664 0.19136960600375236 0.17777777777777778
11 0.17917448405253283 0.8518518518518519 0.08818011257035648 0.07407407407407407
11 0.32645403377110693 0.9407407407407408 0.0450281425891182 0.05555555555555555
7 0.2223264540337711 0.8083333333333333 0.0450281425891182 0.040740740740740744
7 0.1125703564727955 0.7925925925925926 0.06191369606003752 0.053703703703703705
7 0.26172607879924953 0.9194444444444444 0.11632270168855535 0.11481481481481481
7 0.10037523452157598 0.7407407407407407 0.04127579737335835 0.03333333333333333
7 0.26172607879924953 0.8 0.043151969981238276 0.04259259259259259
9 0.7307692307692307 0.9666666666666667 0.24202626641651032 0.06666666666666667