11 0.4834801762114537 0.3680351906158358 0.03303964757709251 0.06158357771260997
7 0.7224669603524229 0.09970674486803519 0.15198237885462554 0.19648093841642228
7 0.7477973568281938 0.30791788856304986 0.1145374449339207 0.1348973607038123
9 0.9107929515418502 0.40615835777126097 0.15198237885462554 0.06744868035190615
1 0.5594713656387665 0.2903225806451613 0.08149779735682819 0.1466275659824047
4 0.2643171806167401 0.7595307917888563 0.05947136563876652 0.07917888563049853
7 0.1222466960352423 0.4633431085043988 0.05506607929515418 0.0469208211143695
8 0.8359030837004405 0.8240469208211144 0.05286343612334802 0.10117302052785923
7 0.6773127753303965 0.6524926686217009 0.05726872246696035 0.11143695014662756
8 0.8601321585903083 0.6407624633431085 0.034140969162995596 0.07038123167155426
8 0.7588105726872246 0.749266862170088 0.05726872246696035 0.11436950146627566
2 0.5814977973568282 0.5043988269794721 0.0473568281938326 0.08504398826979472
2 0.75 0.5865102639296188 0.06938325991189427 0.1187683284457478
7 0.8887665198237885 0.7287390029325513 0.040748898678414094 0.07771260997067449